(46, 160, 47, 159)
(160, 200, 161, 199)
(200, 143, 201, 144)
(142, 119, 143, 120)
(158, 46, 159, 45)
(44, 54, 45, 53)
(71, 53, 72, 52)
(72, 47, 73, 48)
(73, 199, 74, 198)
(74, 161, 75, 162)
(162, 75, 163, 76)
(163, 180, 164, 181)
(179, 171, 180, 170)
(169, 179, 170, 178)
(80, 178, 81, 177)
(81, 144, 82, 145)
(82, 95, 83, 96)
(94, 202, 95, 201)
(202, 94, 203, 93)
(203, 116, 0, 117)
(118, 116, 119, 115)
(114, 1, 115, 2)
(2, 130, 3, 129)
(141, 130, 142, 131)
(8, 131, 9, 132)
(14, 9, 15, 10)
(15, 135, 16, 134)
(135, 17, 136, 16)
(17, 137, 18, 136)
(22, 137, 23, 138)
(23, 122, 24, 123)
(120, 121, 121, 122)
(24, 88, 25, 87)
(88, 26, 89, 25)
(26, 156, 27, 155)
(55, 60, 56, 61)
(61, 54, 62, 55)
(62, 44, 63, 43)
(63, 195, 64, 194)
(50, 195, 51, 196)
(51, 71, 52, 70)
(69, 49, 70, 48)
(197, 69, 198, 68)
(67, 191, 68, 190)
(189, 67, 190, 66)
(65, 189, 66, 188)
(187, 79, 188, 78)
(182, 77, 183, 78)
(76, 181, 77, 182)
(166, 184, 167, 183)
(184, 166, 185, 165)
(164, 186, 165, 185)
(186, 168, 187, 167)
(171, 169, 172, 168)
(79, 172, 80, 173)
(173, 193, 174, 192)
(193, 175, 194, 174)
(40, 176, 41, 175)
(176, 40, 177, 39)
(38, 33, 39, 34)
(99, 35, 100, 34)
(105, 99, 106, 98)
(106, 145, 107, 146)
(107, 96, 108, 97)
(89, 108, 90, 109)
(90, 112, 91, 111)
(83, 113, 84, 112)
(92, 113, 93, 114)
(84, 92, 85, 91)
(124, 86, 125, 85)
(128, 124, 129, 123)
(86, 128, 87, 127)
(109, 126, 110, 127)
(125, 110, 126, 111)
(146, 97, 147, 98)
(152, 147, 153, 148)
(28, 154, 29, 153)
(154, 28, 155, 27)
(156, 157, 157, 158)
(56, 57, 57, 58)
(59, 58, 60, 59)
(29, 150, 30, 151)
(149, 30, 150, 31)
(42, 31, 43, 32)
(32, 41, 33, 42)
(148, 151, 149, 152)
(101, 105, 102, 104)
(37, 102, 38, 103)
(103, 36, 104, 37)
(35, 101, 36, 100)
(64, 191, 65, 192)
(196, 49, 197, 50)
(138, 21, 139, 22)
(20, 4, 21, 3)
(140, 20, 141, 19)
(5, 19, 6, 18)
(6, 12, 7, 11)
(12, 8, 13, 7)
(132, 14, 133, 13)
(10, 134, 11, 133)
(139, 4, 140, 5)
(117, 0, 118, 1)
