(207, 84, 208, 85)
(200, 83, 201, 84)
(16, 199, 17, 200)
(15, 15, 16, 14)
(13, 204, 14, 205)
(205, 4, 206, 5)
(3, 206, 4, 207)
(85, 2, 86, 3)
(1, 211, 2, 210)
(209, 10, 210, 11)
(11, 208, 12, 209)
(87, 12, 88, 13)
(88, 203, 89, 204)
(202, 89, 203, 90)
(90, 201, 91, 202)
(91, 117, 92, 116)
(117, 83, 118, 82)
(81, 119, 82, 118)
(80, 18, 81, 17)
(120, 80, 121, 79)
(121, 178, 122, 179)
(177, 198, 178, 199)
(176, 123, 177, 124)
(124, 175, 125, 176)
(163, 174, 164, 175)
(161, 163, 162, 162)
(167, 161, 168, 160)
(159, 169, 160, 168)
(158, 188, 159, 187)
(151, 186, 152, 187)
(127, 150, 128, 151)
(179, 126, 180, 127)
(125, 196, 126, 197)
(197, 122, 198, 123)
(194, 195, 195, 196)
(164, 193, 165, 194)
(192, 165, 193, 166)
(173, 166, 174, 167)
(172, 192, 173, 191)
(190, 172, 191, 171)
(155, 170, 156, 171)
(169, 154, 170, 155)
(188, 153, 189, 154)
(152, 157, 153, 158)
(189, 157, 190, 156)
(144, 185, 145, 186)
(143, 131, 144, 130)
(129, 143, 130, 142)
(141, 129, 142, 128)
(140, 131, 141, 132)
(132, 139, 133, 140)
(138, 149, 139, 150)
(180, 137, 181, 138)
(136, 181, 137, 182)
(147, 183, 148, 182)
(145, 147, 146, 146)
(183, 134, 184, 135)
(133, 184, 134, 185)
(148, 135, 149, 136)
(113, 78, 114, 79)
(57, 113, 58, 112)
(58, 69, 59, 70)
(68, 36, 69, 35)
(29, 34, 30, 35)
(97, 28, 98, 29)
(96, 104, 97, 103)
(93, 102, 94, 103)
(115, 93, 116, 92)
(114, 20, 115, 19)
(18, 120, 19, 119)
(20, 23, 21, 24)
(63, 22, 64, 23)
(62, 55, 63, 56)
(77, 56, 78, 57)
(76, 62, 77, 61)
(111, 61, 112, 60)
(70, 59, 71, 60)
(36, 72, 37, 71)
(41, 73, 42, 72)
(49, 40, 50, 41)
(107, 48, 108, 49)
(106, 65, 107, 66)
(31, 67, 32, 66)
(67, 31, 68, 30)
(32, 26, 33, 25)
(26, 34, 27, 33)
(27, 98, 28, 99)
(104, 100, 105, 99)
(101, 101, 102, 100)
(94, 95, 95, 96)
(105, 24, 106, 25)
(21, 64, 22, 65)
(47, 54, 48, 55)
(109, 47, 110, 46)
(110, 76, 111, 75)
(37, 74, 38, 75)
(73, 43, 74, 42)
(38, 43, 39, 44)
(39, 50, 40, 51)
(44, 51, 45, 52)
(52, 45, 53, 46)
(53, 108, 54, 109)
(5, 86, 6, 87)
(211, 7, 212, 6)
(7, 213, 8, 212)
(213, 9, 0, 8)
(9, 1, 10, 0)
