(160, 180, 161, 179)
(180, 160, 181, 159)
(162, 182, 163, 181)
(178, 162, 179, 161)
(163, 164, 164, 165)
(182, 166, 183, 165)
(166, 184, 167, 183)
(184, 168, 185, 167)
(168, 158, 169, 157)
(177, 158, 178, 159)
(169, 177, 170, 176)
(173, 171, 174, 170)
(77, 172, 78, 173)
(31, 77, 32, 76)
(185, 33, 186, 32)
(50, 34, 51, 33)
(49, 109, 50, 108)
(110, 108, 111, 107)
(106, 112, 107, 111)
(105, 148, 106, 149)
(149, 104, 150, 105)
(103, 156, 104, 157)
(95, 103, 96, 102)
(101, 97, 102, 96)
(83, 100, 84, 101)
(82, 79, 83, 80)
(175, 80, 176, 81)
(81, 174, 82, 175)
(171, 78, 172, 79)
(92, 99, 93, 100)
(18, 91, 19, 92)
(17, 30, 18, 31)
(11, 17, 12, 16)
(15, 13, 16, 12)
(1, 15, 2, 14)
(213, 3, 0, 2)
(71, 212, 72, 213)
(70, 75, 71, 76)
(208, 69, 209, 70)
(68, 207, 69, 208)
(186, 67, 187, 68)
(66, 187, 67, 188)
(188, 46, 189, 45)
(46, 51, 47, 52)
(34, 48, 35, 47)
(109, 49, 110, 48)
(35, 118, 36, 119)
(112, 117, 113, 118)
(147, 117, 148, 116)
(115, 143, 116, 142)
(124, 142, 125, 141)
(125, 155, 126, 154)
(150, 156, 151, 155)
(151, 86, 152, 87)
(94, 86, 95, 85)
(84, 98, 85, 97)
(98, 93, 99, 94)
(152, 128, 153, 127)
(128, 131, 129, 132)
(130, 20, 131, 19)
(20, 130, 21, 129)
(90, 21, 91, 22)
(137, 22, 138, 23)
(138, 30, 139, 29)
(4, 192, 5, 191)
(10, 4, 11, 3)
(198, 10, 199, 9)
(199, 207, 200, 206)
(205, 203, 206, 202)
(65, 191, 66, 190)
(44, 190, 45, 189)
(64, 43, 65, 44)
(42, 63, 43, 64)
(52, 41, 53, 42)
(40, 38, 41, 37)
(119, 36, 120, 37)
(122, 123, 123, 124)
(140, 28, 141, 27)
(26, 136, 27, 135)
(134, 26, 135, 25)
(24, 134, 25, 133)
(132, 90, 133, 89)
(88, 153, 89, 154)
(126, 87, 127, 88)
(23, 136, 24, 137)
(28, 140, 29, 139)
(203, 201, 204, 200)
(201, 205, 202, 204)
(62, 54, 63, 53)
(56, 61, 57, 62)
(38, 121, 39, 122)
(120, 39, 121, 40)
(60, 55, 61, 56)
(54, 59, 55, 60)
(57, 58, 58, 59)
(8, 193, 9, 194)
(194, 5, 195, 6)
(6, 195, 7, 196)
(196, 7, 197, 8)
(197, 192, 198, 193)
(145, 114, 146, 115)
(113, 144, 114, 145)
(143, 146, 144, 147)
(209, 72, 210, 73)
(73, 210, 74, 211)
(211, 74, 212, 75)
(13, 1, 14, 0)
