(181, 150, 182, 151)
(180, 40, 181, 39)
(38, 152, 39, 151)
(37, 31, 38, 30)
(29, 7, 30, 6)
(5, 86, 6, 87)
(138, 88, 139, 87)
(182, 137, 183, 138)
(136, 195, 137, 196)
(196, 150, 197, 149)
(2, 197, 3, 198)
(3, 40, 4, 41)
(41, 4, 42, 5)
(175, 42, 176, 43)
(179, 176, 180, 177)
(177, 47, 178, 46)
(47, 163, 48, 162)
(163, 152, 164, 153)
(164, 31, 165, 32)
(34, 166, 35, 165)
(166, 34, 167, 33)
(167, 37, 168, 36)
(155, 169, 156, 168)
(154, 157, 155, 158)
(49, 158, 50, 159)
(50, 76, 51, 75)
(7, 77, 8, 76)
(28, 77, 29, 78)
(78, 27, 79, 28)
(26, 60, 27, 59)
(58, 85, 59, 86)
(57, 56, 58, 57)
(173, 174, 174, 175)
(159, 173, 160, 172)
(160, 43, 161, 44)
(44, 161, 45, 162)
(45, 179, 46, 178)
(171, 49, 172, 48)
(153, 170, 154, 171)
(169, 157, 170, 156)
(55, 74, 56, 75)
(51, 54, 52, 55)
(53, 9, 54, 8)
(9, 53, 10, 52)
(83, 11, 84, 10)
(79, 82, 80, 83)
(81, 70, 82, 71)
(71, 13, 72, 12)
(62, 14, 63, 13)
(14, 62, 15, 61)
(60, 16, 61, 15)
(23, 16, 24, 17)
(24, 19, 25, 20)
(18, 25, 19, 26)
(20, 18, 21, 17)
(21, 64, 22, 65)
(63, 66, 64, 67)
(67, 73, 68, 72)
(84, 73, 85, 74)
(11, 69, 12, 68)
(69, 80, 70, 81)
(65, 22, 66, 23)
(35, 33, 36, 32)
(198, 205, 199, 206)
(204, 120, 205, 119)
(118, 144, 119, 143)
(142, 116, 143, 115)
(139, 114, 140, 115)
(192, 113, 193, 114)
(191, 109, 192, 108)
(186, 107, 187, 108)
(185, 89, 186, 88)
(184, 106, 185, 105)
(104, 184, 105, 183)
(111, 194, 112, 195)
(193, 110, 194, 111)
(112, 110, 113, 109)
(95, 100, 96, 101)
(99, 190, 100, 191)
(189, 98, 190, 99)
(97, 188, 98, 189)
(187, 96, 188, 97)
(90, 102, 91, 101)
(106, 90, 107, 89)
(102, 92, 103, 91)
(92, 104, 93, 103)
(94, 93, 95, 94)
(140, 118, 141, 117)
(116, 142, 117, 141)
(133, 145, 134, 144)
(132, 135, 133, 136)
(131, 148, 132, 149)
(130, 126, 131, 125)
(1, 125, 2, 124)
(123, 207, 124, 206)
(122, 201, 123, 202)
(199, 203, 200, 202)
(120, 204, 121, 203)
(200, 121, 201, 122)
(207, 128, 0, 129)
(146, 127, 147, 128)
(145, 135, 146, 134)
(126, 147, 127, 148)
(129, 0, 130, 1)
