(66, 27, 67, 28)
(26, 67, 27, 68)
(68, 66, 69, 65)
(69, 28, 70, 29)
(25, 70, 26, 71)
(71, 24, 72, 25)
(23, 64, 24, 65)
(62, 29, 63, 30)
(63, 72, 64, 73)
(22, 73, 23, 74)
(74, 31, 75, 32)
(30, 61, 31, 62)
(33, 60, 34, 61)
(21, 33, 22, 32)
(59, 20, 60, 21)
(55, 59, 56, 58)
(56, 110, 57, 109)
(110, 118, 111, 117)
(118, 167, 119, 168)
(166, 119, 167, 120)
(81, 121, 82, 120)
(80, 36, 81, 35)
(75, 34, 76, 35)
(76, 20, 77, 19)
(78, 78, 79, 77)
(18, 80, 19, 79)
(17, 38, 18, 39)
(39, 55, 40, 54)
(51, 41, 52, 40)
(50, 200, 51, 199)
(193, 199, 194, 198)
(97, 194, 98, 195)
(98, 93, 99, 94)
(107, 103, 108, 102)
(108, 58, 109, 57)
(101, 107, 102, 106)
(114, 105, 115, 106)
(113, 116, 114, 117)
(137, 112, 138, 113)
(111, 136, 112, 137)
(138, 136, 139, 135)
(134, 140, 135, 139)
(168, 133, 169, 134)
(123, 132, 124, 133)
(165, 123, 166, 122)
(121, 83, 122, 82)
(186, 83, 187, 84)
(8, 187, 9, 188)
(9, 202, 10, 203)
(201, 10, 202, 11)
(11, 14, 12, 15)
(13, 37, 14, 36)
(37, 13, 38, 12)
(42, 15, 43, 16)
(16, 43, 17, 44)
(53, 44, 54, 45)
(45, 52, 46, 53)
(46, 41, 47, 42)
(200, 48, 201, 47)
(48, 192, 49, 191)
(192, 50, 193, 49)
(1, 191, 2, 190)
(205, 3, 0, 2)
(3, 205, 4, 204)
(4, 198, 5, 197)
(196, 6, 197, 5)
(195, 96, 196, 97)
(88, 95, 89, 96)
(94, 87, 95, 88)
(91, 87, 92, 86)
(92, 99, 93, 100)
(103, 101, 104, 100)
(104, 115, 105, 116)
(180, 86, 181, 85)
(176, 182, 177, 181)
(182, 176, 183, 175)
(170, 184, 171, 183)
(140, 169, 141, 170)
(184, 141, 185, 142)
(142, 185, 143, 186)
(124, 144, 125, 143)
(161, 144, 162, 145)
(162, 132, 163, 131)
(126, 164, 127, 163)
(164, 126, 165, 125)
(127, 130, 128, 131)
(128, 130, 129, 129)
(154, 148, 155, 147)
(148, 154, 149, 153)
(149, 161, 150, 160)
(146, 146, 147, 145)
(150, 155, 151, 156)
(151, 158, 152, 159)
(157, 152, 158, 153)
(159, 157, 160, 156)
(171, 174, 172, 175)
(173, 178, 174, 179)
(84, 180, 85, 179)
(177, 172, 178, 173)
(7, 91, 8, 90)
(89, 7, 90, 6)
(188, 203, 189, 204)
(189, 1, 190, 0)
