(132, 123, 133, 124)
(124, 131, 125, 132)
(130, 127, 131, 128)
(128, 130, 129, 129)
(209, 126, 0, 127)
(1, 209, 2, 208)
(2, 3, 3, 4)
(4, 15, 5, 16)
(14, 19, 15, 20)
(20, 10, 21, 9)
(23, 10, 24, 11)
(119, 24, 120, 25)
(120, 202, 121, 201)
(202, 122, 203, 121)
(122, 133, 123, 134)
(134, 208, 135, 207)
(135, 197, 136, 196)
(118, 197, 119, 198)
(198, 25, 199, 26)
(199, 205, 200, 204)
(205, 201, 206, 200)
(206, 203, 207, 204)
(26, 196, 27, 195)
(136, 28, 137, 27)
(28, 118, 29, 117)
(116, 30, 117, 29)
(30, 116, 31, 115)
(50, 31, 51, 32)
(51, 147, 52, 146)
(147, 53, 148, 52)
(53, 192, 54, 193)
(191, 194, 192, 195)
(137, 190, 138, 191)
(189, 56, 190, 57)
(48, 57, 49, 58)
(114, 49, 115, 50)
(32, 113, 33, 114)
(112, 33, 113, 34)
(43, 34, 44, 35)
(44, 157, 45, 158)
(87, 156, 88, 157)
(86, 171, 87, 172)
(71, 173, 72, 172)
(177, 71, 178, 70)
(148, 145, 149, 146)
(144, 149, 145, 150)
(150, 143, 151, 144)
(142, 187, 143, 188)
(188, 139, 189, 140)
(138, 56, 139, 55)
(193, 54, 194, 55)
(140, 179, 141, 180)
(178, 153, 179, 154)
(65, 155, 66, 154)
(62, 170, 63, 169)
(168, 60, 169, 59)
(58, 47, 59, 48)
(167, 46, 168, 47)
(99, 167, 100, 166)
(165, 101, 166, 100)
(161, 164, 162, 165)
(105, 161, 106, 160)
(159, 107, 160, 106)
(107, 159, 108, 158)
(108, 41, 109, 42)
(37, 40, 38, 41)
(36, 111, 37, 112)
(35, 42, 36, 43)
(39, 110, 40, 111)
(109, 38, 110, 39)
(91, 104, 92, 105)
(45, 90, 46, 91)
(89, 60, 90, 61)
(61, 88, 62, 89)
(98, 104, 99, 103)
(95, 103, 96, 102)
(101, 97, 102, 96)
(94, 98, 95, 97)
(93, 163, 94, 162)
(163, 93, 164, 92)
(170, 156, 171, 155)
(64, 63, 65, 64)
(79, 66, 80, 67)
(77, 81, 78, 80)
(76, 73, 77, 74)
(74, 83, 75, 84)
(82, 85, 83, 86)
(81, 73, 82, 72)
(84, 75, 85, 76)
(67, 78, 68, 79)
(68, 176, 69, 175)
(173, 177, 174, 176)
(174, 70, 175, 69)
(183, 185, 184, 184)
(182, 152, 183, 151)
(186, 182, 187, 181)
(180, 141, 181, 142)
(152, 186, 153, 185)
(13, 8, 14, 9)
(16, 7, 17, 8)
(6, 17, 7, 18)
(18, 5, 19, 6)
(21, 12, 22, 13)
(11, 22, 12, 23)
(125, 0, 126, 1)
