(193, 194, 194, 195)
(184, 188, 185, 187)
(1, 196, 2, 197)
(197, 203, 198, 202)
(203, 199, 0, 198)
(192, 199, 193, 200)
(200, 191, 201, 192)
(190, 189, 191, 190)
(188, 196, 189, 195)
(165, 2, 166, 3)
(161, 167, 162, 166)
(129, 161, 130, 160)
(97, 131, 98, 130)
(131, 97, 132, 96)
(132, 136, 133, 135)
(136, 137, 137, 138)
(140, 177, 141, 178)
(173, 176, 174, 177)
(172, 183, 173, 184)
(171, 181, 172, 180)
(179, 171, 180, 170)
(142, 170, 143, 169)
(168, 144, 169, 143)
(163, 187, 164, 186)
(185, 165, 186, 164)
(162, 4, 163, 3)
(4, 167, 5, 168)
(5, 145, 6, 144)
(145, 129, 146, 128)
(146, 160, 147, 159)
(8, 147, 9, 148)
(9, 110, 10, 111)
(14, 110, 15, 109)
(98, 16, 99, 15)
(87, 16, 88, 17)
(95, 88, 96, 89)
(89, 94, 90, 95)
(93, 90, 94, 91)
(138, 92, 139, 91)
(133, 134, 134, 135)
(92, 140, 93, 139)
(17, 67, 18, 66)
(67, 22, 68, 23)
(104, 22, 105, 21)
(105, 102, 106, 103)
(101, 106, 102, 107)
(124, 108, 125, 107)
(123, 126, 124, 127)
(127, 6, 128, 7)
(158, 7, 159, 8)
(157, 155, 158, 154)
(148, 153, 149, 154)
(111, 152, 112, 153)
(151, 112, 152, 113)
(10, 114, 11, 113)
(119, 115, 120, 114)
(118, 121, 119, 122)
(122, 14, 123, 13)
(117, 12, 118, 13)
(11, 116, 12, 117)
(115, 121, 116, 120)
(155, 150, 156, 151)
(149, 156, 150, 157)
(108, 126, 109, 125)
(100, 27, 101, 28)
(28, 99, 29, 100)
(29, 75, 30, 74)
(39, 48, 40, 49)
(47, 45, 48, 44)
(43, 64, 44, 65)
(65, 87, 66, 86)
(62, 85, 63, 86)
(70, 61, 71, 62)
(18, 69, 19, 70)
(23, 68, 24, 69)
(24, 20, 25, 19)
(20, 104, 21, 103)
(25, 82, 26, 83)
(81, 26, 82, 27)
(80, 60, 81, 59)
(58, 80, 59, 79)
(78, 73, 79, 74)
(77, 57, 78, 56)
(55, 31, 56, 30)
(75, 39, 76, 38)
(76, 49, 77, 50)
(31, 51, 32, 50)
(51, 36, 52, 37)
(35, 52, 36, 53)
(53, 34, 54, 35)
(33, 54, 34, 55)
(37, 33, 38, 32)
(57, 72, 58, 73)
(71, 84, 72, 85)
(83, 60, 84, 61)
(63, 42, 64, 43)
(41, 47, 42, 46)
(45, 41, 46, 40)
(178, 141, 179, 142)
(174, 182, 175, 181)
(182, 176, 183, 175)
(201, 1, 202, 0)
