(71, 6, 72, 7)
(76, 8, 77, 7)
(62, 76, 63, 75)
(63, 72, 64, 73)
(73, 64, 74, 65)
(65, 74, 66, 75)
(61, 67, 62, 66)
(67, 61, 68, 60)
(68, 6, 69, 5)
(69, 196, 70, 197)
(195, 70, 196, 71)
(181, 194, 182, 195)
(13, 180, 14, 181)
(77, 12, 78, 13)
(11, 9, 12, 8)
(56, 34, 57, 33)
(34, 58, 35, 57)
(58, 36, 59, 35)
(36, 60, 37, 59)
(4, 37, 5, 38)
(38, 197, 39, 198)
(198, 39, 199, 40)
(42, 199, 43, 200)
(43, 46, 44, 47)
(52, 46, 53, 45)
(53, 138, 54, 139)
(148, 137, 149, 138)
(136, 147, 137, 148)
(182, 135, 183, 136)
(134, 193, 135, 194)
(102, 133, 103, 134)
(158, 102, 159, 101)
(159, 26, 160, 27)
(25, 160, 26, 161)
(178, 162, 179, 161)
(177, 17, 178, 16)
(170, 16, 171, 15)
(14, 172, 15, 171)
(169, 173, 170, 172)
(175, 169, 176, 168)
(176, 165, 177, 166)
(164, 21, 165, 22)
(22, 19, 23, 20)
(18, 23, 19, 24)
(179, 24, 180, 25)
(17, 163, 18, 162)
(20, 163, 21, 164)
(173, 167, 174, 166)
(167, 175, 168, 174)
(78, 28, 79, 27)
(28, 151, 29, 152)
(150, 31, 151, 32)
(32, 56, 33, 55)
(9, 11, 10, 10)
(139, 54, 140, 55)
(149, 141, 150, 140)
(141, 147, 142, 146)
(145, 143, 146, 142)
(29, 144, 30, 145)
(143, 30, 144, 31)
(152, 183, 153, 184)
(192, 153, 193, 154)
(154, 103, 155, 104)
(104, 155, 105, 156)
(105, 122, 106, 123)
(121, 110, 122, 111)
(111, 118, 112, 119)
(126, 117, 127, 118)
(132, 126, 133, 125)
(157, 125, 158, 124)
(123, 157, 124, 156)
(131, 115, 132, 114)
(128, 113, 129, 114)
(112, 127, 113, 128)
(129, 117, 130, 116)
(115, 131, 116, 130)
(108, 119, 109, 120)
(109, 106, 110, 107)
(120, 107, 121, 108)
(191, 100, 192, 101)
(93, 190, 94, 191)
(92, 90, 93, 89)
(88, 80, 89, 79)
(87, 187, 88, 186)
(185, 98, 186, 99)
(99, 184, 100, 185)
(86, 97, 87, 98)
(85, 188, 86, 189)
(189, 94, 190, 95)
(95, 84, 96, 85)
(80, 84, 81, 83)
(81, 90, 82, 91)
(91, 82, 92, 83)
(96, 187, 97, 188)
(44, 52, 45, 51)
(40, 201, 41, 0)
(200, 41, 201, 42)
(1, 51, 2, 50)
(49, 3, 50, 2)
(3, 49, 4, 48)
(47, 1, 48, 0)
