(57, 134, 58, 135)
(56, 154, 57, 153)
(139, 152, 140, 153)
(149, 138, 150, 139)
(137, 148, 138, 149)
(27, 26, 28, 27)
(136, 17, 137, 18)
(18, 135, 19, 136)
(16, 20, 17, 19)
(20, 16, 21, 15)
(14, 22, 15, 21)
(210, 14, 211, 13)
(211, 161, 212, 160)
(161, 156, 162, 157)
(58, 155, 59, 156)
(133, 155, 134, 154)
(132, 55, 133, 56)
(131, 110, 132, 111)
(100, 112, 101, 111)
(112, 100, 113, 99)
(113, 201, 114, 200)
(201, 194, 202, 195)
(193, 142, 194, 143)
(143, 140, 144, 141)
(151, 144, 152, 145)
(145, 150, 146, 151)
(29, 147, 30, 146)
(147, 29, 148, 28)
(30, 206, 31, 205)
(206, 208, 207, 207)
(25, 208, 26, 209)
(23, 22, 24, 23)
(209, 24, 210, 25)
(3, 6, 4, 7)
(2, 159, 3, 160)
(158, 1, 159, 2)
(212, 157, 213, 158)
(32, 7, 33, 8)
(33, 162, 34, 163)
(34, 48, 35, 47)
(48, 52, 49, 51)
(37, 53, 38, 52)
(53, 37, 54, 36)
(59, 55, 60, 54)
(109, 60, 110, 61)
(61, 129, 62, 128)
(129, 103, 130, 102)
(103, 131, 104, 130)
(101, 105, 102, 104)
(62, 105, 63, 106)
(122, 64, 123, 63)
(64, 122, 65, 121)
(94, 66, 95, 65)
(93, 98, 94, 99)
(88, 116, 89, 115)
(199, 115, 200, 114)
(198, 88, 199, 87)
(86, 198, 87, 197)
(203, 196, 204, 197)
(195, 202, 196, 203)
(204, 192, 205, 191)
(141, 192, 142, 193)
(190, 170, 191, 169)
(168, 45, 169, 46)
(165, 47, 166, 46)
(9, 165, 10, 164)
(10, 31, 11, 32)
(12, 12, 13, 11)
(163, 9, 164, 8)
(166, 44, 167, 43)
(44, 41, 45, 42)
(40, 36, 41, 35)
(39, 50, 40, 51)
(49, 38, 50, 39)
(42, 168, 43, 167)
(189, 77, 190, 76)
(108, 76, 109, 75)
(74, 108, 75, 107)
(127, 107, 128, 106)
(126, 74, 127, 73)
(119, 73, 120, 72)
(123, 121, 124, 120)
(124, 71, 125, 72)
(91, 70, 92, 71)
(69, 90, 70, 91)
(68, 98, 69, 97)
(96, 68, 97, 67)
(66, 96, 67, 95)
(89, 92, 90, 93)
(116, 118, 117, 117)
(125, 118, 126, 119)
(79, 189, 80, 188)
(183, 81, 184, 80)
(175, 182, 176, 183)
(85, 175, 86, 174)
(173, 83, 174, 82)
(81, 173, 82, 172)
(184, 172, 185, 171)
(170, 186, 171, 185)
(77, 187, 78, 186)
(187, 79, 188, 78)
(83, 178, 84, 179)
(177, 180, 178, 181)
(181, 176, 182, 177)
(179, 84, 180, 85)
(213, 4, 0, 5)
(5, 0, 6, 1)
