(46, 9, 47, 10)
(47, 208, 48, 209)
(207, 6, 208, 7)
(7, 43, 8, 42)
(43, 9, 44, 8)
(45, 44, 46, 45)
(99, 11, 100, 10)
(129, 99, 130, 98)
(135, 131, 136, 130)
(134, 0, 135, 209)
(4, 134, 5, 133)
(5, 48, 6, 49)
(49, 123, 50, 122)
(123, 125, 124, 124)
(125, 144, 126, 145)
(143, 146, 144, 147)
(108, 148, 109, 147)
(148, 108, 149, 107)
(149, 25, 150, 24)
(25, 153, 26, 152)
(192, 153, 193, 154)
(193, 207, 194, 206)
(37, 194, 38, 195)
(38, 32, 39, 31)
(32, 40, 33, 39)
(40, 34, 41, 33)
(34, 42, 35, 41)
(35, 30, 36, 31)
(26, 29, 27, 30)
(191, 29, 192, 28)
(27, 191, 28, 190)
(189, 199, 190, 198)
(197, 200, 198, 201)
(201, 171, 202, 170)
(154, 172, 155, 171)
(172, 156, 173, 155)
(156, 204, 157, 203)
(204, 185, 205, 186)
(184, 205, 185, 206)
(183, 186, 184, 187)
(187, 196, 188, 197)
(195, 36, 196, 37)
(199, 189, 200, 188)
(182, 175, 183, 176)
(176, 170, 177, 169)
(177, 165, 178, 164)
(165, 158, 166, 159)
(174, 157, 175, 158)
(173, 203, 174, 202)
(181, 166, 182, 167)
(167, 161, 168, 160)
(161, 169, 162, 168)
(179, 163, 180, 162)
(163, 179, 164, 178)
(180, 159, 181, 160)
(151, 23, 152, 22)
(18, 21, 19, 22)
(100, 17, 101, 18)
(12, 12, 13, 11)
(16, 14, 17, 13)
(101, 104, 102, 105)
(20, 106, 21, 105)
(106, 20, 107, 19)
(14, 103, 15, 104)
(102, 15, 103, 16)
(23, 151, 24, 150)
(109, 129, 110, 128)
(97, 110, 98, 111)
(111, 115, 112, 114)
(138, 116, 139, 115)
(78, 138, 79, 137)
(136, 80, 137, 79)
(77, 81, 78, 80)
(69, 77, 70, 76)
(70, 51, 71, 52)
(121, 51, 122, 50)
(83, 120, 84, 121)
(82, 95, 83, 96)
(141, 96, 142, 97)
(142, 127, 143, 128)
(145, 126, 146, 127)
(113, 141, 114, 140)
(139, 113, 140, 112)
(81, 117, 82, 116)
(117, 92, 118, 93)
(68, 92, 69, 91)
(90, 68, 91, 67)
(59, 66, 60, 67)
(58, 54, 59, 53)
(75, 53, 76, 52)
(61, 74, 62, 75)
(71, 60, 72, 61)
(65, 72, 66, 73)
(73, 64, 74, 65)
(56, 64, 57, 63)
(54, 58, 55, 57)
(62, 56, 63, 55)
(118, 90, 119, 89)
(119, 84, 120, 85)
(88, 86, 89, 85)
(94, 88, 95, 87)
(86, 94, 87, 93)
(1, 133, 2, 132)
(131, 3, 132, 2)
(3, 0, 4, 1)
