(78, 109, 79, 110)
(110, 77, 111, 78)
(76, 35, 77, 36)
(79, 37, 80, 36)
(37, 81, 38, 80)
(42, 82, 43, 81)
(41, 73, 42, 72)
(71, 108, 72, 109)
(185, 70, 186, 71)
(169, 185, 170, 184)
(170, 24, 171, 23)
(24, 202, 25, 201)
(33, 202, 34, 203)
(34, 111, 35, 112)
(193, 113, 194, 112)
(192, 46, 193, 45)
(44, 75, 45, 76)
(38, 43, 39, 44)
(74, 40, 75, 39)
(73, 83, 74, 82)
(40, 83, 41, 84)
(84, 191, 85, 192)
(190, 85, 191, 86)
(86, 108, 87, 107)
(142, 88, 143, 87)
(132, 141, 133, 142)
(156, 132, 157, 131)
(157, 167, 158, 166)
(186, 168, 187, 167)
(69, 168, 70, 169)
(68, 64, 69, 63)
(51, 63, 52, 62)
(61, 53, 62, 52)
(53, 61, 54, 60)
(54, 49, 55, 50)
(183, 49, 184, 48)
(47, 183, 48, 182)
(181, 22, 182, 23)
(31, 180, 32, 181)
(179, 30, 180, 31)
(29, 178, 30, 179)
(197, 29, 198, 28)
(198, 171, 199, 172)
(172, 199, 173, 200)
(200, 173, 201, 174)
(25, 175, 26, 174)
(175, 27, 176, 26)
(27, 177, 28, 176)
(177, 196, 178, 197)
(195, 32, 196, 33)
(203, 194, 204, 195)
(21, 205, 22, 204)
(5, 20, 6, 21)
(11, 5, 12, 4)
(12, 116, 13, 115)
(113, 117, 114, 116)
(212, 118, 213, 117)
(118, 212, 119, 211)
(46, 120, 47, 119)
(120, 124, 121, 123)
(189, 124, 190, 125)
(125, 188, 126, 189)
(128, 188, 129, 187)
(129, 107, 130, 106)
(130, 93, 131, 94)
(143, 92, 144, 93)
(91, 89, 92, 88)
(145, 91, 146, 90)
(153, 147, 154, 146)
(147, 153, 148, 152)
(137, 148, 138, 149)
(138, 133, 139, 134)
(139, 155, 140, 154)
(155, 141, 156, 140)
(89, 145, 90, 144)
(134, 150, 135, 149)
(150, 136, 151, 135)
(136, 152, 137, 151)
(97, 95, 98, 94)
(103, 97, 104, 96)
(104, 166, 105, 165)
(105, 158, 106, 159)
(164, 160, 165, 159)
(163, 99, 164, 98)
(101, 163, 102, 162)
(95, 103, 96, 102)
(161, 101, 162, 100)
(99, 161, 100, 160)
(66, 128, 67, 127)
(64, 68, 65, 67)
(126, 66, 127, 65)
(56, 122, 57, 121)
(58, 56, 59, 55)
(59, 51, 60, 50)
(122, 58, 123, 57)
(205, 210, 206, 211)
(6, 209, 7, 210)
(208, 7, 209, 8)
(8, 207, 9, 208)
(206, 9, 207, 10)
(10, 20, 11, 19)
(1, 19, 2, 18)
(2, 15, 3, 16)
(14, 3, 15, 4)
(114, 14, 115, 13)
(213, 17, 0, 16)
(17, 1, 18, 0)
