(178, 120, 179, 119)
(130, 121, 131, 122)
(122, 131, 123, 132)
(123, 83, 124, 82)
(83, 89, 84, 88)
(89, 80, 90, 81)
(79, 102, 80, 103)
(103, 107, 104, 106)
(107, 189, 108, 188)
(182, 190, 183, 189)
(116, 182, 117, 181)
(180, 118, 181, 117)
(118, 180, 119, 179)
(20, 115, 21, 116)
(28, 20, 29, 19)
(32, 29, 33, 30)
(34, 34, 35, 33)
(120, 178, 121, 177)
(37, 177, 38, 176)
(38, 153, 39, 154)
(152, 39, 153, 40)
(40, 100, 41, 99)
(100, 91, 101, 92)
(133, 90, 134, 91)
(129, 133, 130, 132)
(81, 129, 82, 128)
(127, 125, 128, 124)
(85, 126, 86, 127)
(87, 85, 88, 84)
(125, 86, 126, 87)
(134, 102, 135, 101)
(64, 136, 65, 135)
(63, 75, 64, 74)
(76, 74, 77, 73)
(104, 77, 105, 78)
(78, 105, 79, 106)
(171, 159, 172, 158)
(172, 32, 173, 31)
(30, 174, 31, 173)
(174, 157, 175, 158)
(35, 156, 36, 157)
(155, 36, 156, 37)
(175, 155, 176, 154)
(137, 71, 138, 70)
(138, 152, 139, 151)
(150, 140, 151, 139)
(140, 150, 141, 149)
(141, 97, 142, 96)
(97, 143, 98, 142)
(143, 99, 144, 98)
(95, 145, 96, 144)
(94, 42, 95, 41)
(42, 94, 43, 93)
(92, 44, 93, 43)
(44, 146, 45, 145)
(146, 46, 147, 45)
(49, 47, 50, 46)
(48, 59, 49, 60)
(60, 65, 61, 66)
(136, 62, 137, 61)
(75, 63, 76, 62)
(66, 57, 67, 58)
(69, 57, 70, 56)
(52, 56, 53, 55)
(148, 53, 149, 54)
(54, 147, 55, 148)
(68, 51, 69, 52)
(50, 67, 51, 68)
(58, 47, 59, 48)
(71, 168, 72, 169)
(167, 72, 168, 73)
(161, 166, 162, 167)
(160, 160, 161, 159)
(170, 163, 171, 164)
(164, 169, 165, 170)
(165, 162, 166, 163)
(187, 19, 188, 18)
(17, 187, 18, 186)
(110, 185, 111, 186)
(184, 109, 185, 110)
(108, 183, 109, 184)
(111, 190, 112, 191)
(191, 112, 192, 113)
(113, 192, 114, 193)
(114, 21, 115, 22)
(27, 22, 28, 23)
(194, 23, 195, 24)
(195, 11, 196, 10)
(11, 2, 12, 3)
(1, 6, 2, 7)
(7, 17, 8, 16)
(25, 8, 26, 9)
(193, 27, 194, 26)
(9, 24, 10, 25)
(15, 197, 16, 196)
(197, 15, 198, 14)
(3, 199, 4, 198)
(199, 5, 0, 4)
(5, 12, 6, 13)
(13, 1, 14, 0)
