(195, 5, 196, 4)
(3, 195, 4, 194)
(193, 197, 194, 196)
(151, 192, 152, 193)
(150, 6, 151, 5)
(149, 2, 150, 3)
(13, 149, 14, 148)
(14, 26, 15, 25)
(26, 148, 27, 147)
(23, 19, 24, 18)
(19, 25, 20, 24)
(17, 21, 18, 20)
(129, 16, 130, 17)
(15, 128, 16, 129)
(127, 33, 128, 32)
(31, 135, 32, 134)
(133, 125, 134, 124)
(123, 29, 124, 28)
(146, 28, 147, 27)
(120, 146, 121, 145)
(144, 122, 145, 121)
(143, 139, 144, 138)
(36, 137, 37, 138)
(22, 36, 23, 35)
(34, 22, 35, 21)
(33, 131, 34, 130)
(131, 136, 132, 137)
(126, 136, 127, 135)
(125, 30, 126, 31)
(29, 132, 30, 133)
(37, 104, 38, 105)
(103, 117, 104, 116)
(115, 53, 116, 52)
(112, 52, 113, 51)
(50, 114, 51, 113)
(110, 49, 111, 50)
(109, 118, 110, 119)
(119, 123, 120, 122)
(108, 105, 109, 106)
(106, 142, 107, 141)
(139, 143, 140, 142)
(140, 108, 141, 107)
(117, 39, 118, 38)
(82, 40, 83, 39)
(90, 82, 91, 81)
(76, 92, 77, 91)
(75, 102, 76, 103)
(55, 74, 56, 75)
(99, 54, 100, 55)
(53, 98, 54, 99)
(97, 92, 98, 93)
(93, 47, 94, 46)
(86, 47, 87, 48)
(48, 87, 49, 88)
(88, 85, 89, 86)
(84, 42, 85, 41)
(40, 84, 41, 83)
(42, 90, 43, 89)
(80, 43, 81, 44)
(95, 44, 96, 45)
(96, 77, 97, 78)
(78, 46, 79, 45)
(79, 94, 80, 95)
(100, 65, 101, 66)
(64, 101, 65, 102)
(66, 64, 67, 63)
(67, 70, 68, 71)
(69, 60, 70, 61)
(61, 56, 62, 57)
(62, 74, 63, 73)
(72, 57, 73, 58)
(58, 71, 59, 72)
(59, 68, 60, 69)
(111, 115, 112, 114)
(211, 12, 0, 13)
(189, 210, 190, 211)
(9, 188, 10, 189)
(8, 208, 9, 207)
(206, 186, 207, 185)
(184, 198, 185, 197)
(158, 183, 159, 184)
(182, 157, 183, 158)
(181, 160, 182, 161)
(161, 152, 162, 153)
(205, 162, 206, 163)
(178, 163, 179, 164)
(198, 180, 199, 179)
(180, 156, 181, 155)
(156, 159, 157, 160)
(199, 155, 200, 154)
(153, 201, 154, 200)
(201, 173, 202, 172)
(204, 173, 205, 174)
(169, 174, 170, 175)
(175, 170, 176, 171)
(176, 165, 177, 166)
(164, 177, 165, 178)
(166, 172, 167, 171)
(202, 168, 203, 167)
(168, 204, 169, 203)
(186, 7, 187, 8)
(191, 7, 192, 6)
(190, 11, 191, 12)
(209, 11, 210, 10)
(187, 209, 188, 208)
(1, 1, 2, 0)
