(141, 129, 142, 128)
(142, 163, 143, 164)
(162, 143, 163, 144)
(144, 135, 145, 136)
(134, 132, 135, 131)
(139, 131, 140, 130)
(129, 141, 130, 140)
(138, 166, 139, 165)
(164, 127, 165, 128)
(159, 127, 160, 126)
(125, 161, 126, 160)
(161, 125, 162, 124)
(123, 137, 124, 136)
(169, 122, 170, 123)
(168, 146, 169, 145)
(167, 133, 168, 132)
(133, 167, 134, 166)
(155, 146, 156, 147)
(147, 156, 148, 157)
(157, 148, 158, 149)
(137, 158, 138, 159)
(149, 41, 150, 40)
(41, 47, 42, 46)
(170, 48, 171, 47)
(48, 172, 49, 171)
(172, 50, 173, 49)
(55, 50, 56, 51)
(37, 56, 38, 57)
(38, 122, 39, 121)
(39, 155, 40, 154)
(176, 153, 177, 154)
(152, 175, 153, 176)
(44, 152, 45, 151)
(150, 46, 151, 45)
(174, 43, 175, 44)
(42, 173, 43, 174)
(54, 177, 55, 178)
(189, 179, 190, 178)
(51, 188, 52, 189)
(187, 180, 188, 181)
(181, 186, 182, 187)
(185, 182, 186, 183)
(183, 37, 184, 36)
(35, 185, 36, 184)
(34, 8, 35, 7)
(6, 34, 7, 33)
(195, 33, 196, 32)
(31, 197, 32, 196)
(30, 119, 31, 120)
(120, 57, 121, 58)
(69, 58, 70, 59)
(70, 21, 71, 22)
(11, 20, 12, 21)
(19, 10, 20, 11)
(9, 18, 10, 19)
(191, 8, 192, 9)
(53, 191, 54, 190)
(179, 52, 180, 53)
(211, 193, 212, 192)
(193, 211, 194, 210)
(5, 194, 6, 195)
(209, 4, 210, 5)
(208, 1, 209, 2)
(2, 207, 3, 208)
(206, 0, 207, 215)
(214, 206, 215, 205)
(204, 92, 205, 91)
(90, 88, 91, 87)
(86, 202, 87, 201)
(200, 198, 201, 197)
(116, 199, 117, 200)
(118, 116, 119, 115)
(114, 108, 115, 107)
(29, 107, 30, 106)
(105, 27, 106, 26)
(25, 61, 26, 60)
(59, 68, 60, 69)
(67, 23, 68, 22)
(66, 72, 67, 71)
(74, 66, 75, 65)
(75, 12, 76, 13)
(76, 18, 77, 17)
(77, 97, 78, 96)
(97, 94, 98, 95)
(82, 94, 83, 93)
(83, 212, 84, 213)
(213, 84, 214, 85)
(85, 92, 86, 93)
(98, 82, 99, 81)
(80, 100, 81, 99)
(100, 80, 101, 79)
(101, 14, 102, 15)
(104, 14, 105, 13)
(103, 16, 104, 17)
(15, 102, 16, 103)
(95, 79, 96, 78)
(64, 74, 65, 73)
(72, 64, 73, 63)
(23, 63, 24, 62)
(61, 25, 62, 24)
(27, 110, 28, 111)
(112, 110, 113, 109)
(108, 114, 109, 113)
(111, 28, 112, 29)
(198, 117, 199, 118)
(89, 203, 90, 202)
(203, 89, 204, 88)
(3, 0, 4, 1)
