(27, 192, 28, 193)
(34, 192, 35, 191)
(35, 197, 36, 196)
(26, 197, 27, 198)
(198, 193, 199, 194)
(182, 199, 183, 200)
(2, 184, 3, 183)
(1, 188, 2, 189)
(189, 33, 190, 32)
(28, 34, 29, 33)
(29, 191, 30, 190)
(207, 31, 0, 30)
(206, 9, 207, 10)
(181, 11, 182, 10)
(152, 156, 153, 155)
(154, 152, 155, 151)
(147, 151, 148, 150)
(148, 45, 149, 46)
(23, 45, 24, 44)
(24, 37, 25, 38)
(195, 37, 196, 36)
(194, 25, 195, 26)
(38, 41, 39, 42)
(11, 40, 12, 41)
(39, 12, 40, 13)
(13, 147, 14, 146)
(107, 14, 108, 15)
(47, 23, 48, 22)
(46, 149, 47, 150)
(43, 48, 44, 49)
(49, 42, 50, 43)
(53, 50, 54, 51)
(145, 56, 146, 57)
(57, 144, 58, 145)
(62, 144, 63, 143)
(140, 64, 141, 63)
(139, 106, 140, 107)
(97, 138, 98, 139)
(96, 94, 97, 93)
(92, 136, 93, 135)
(134, 92, 135, 91)
(90, 134, 91, 133)
(127, 132, 128, 133)
(126, 86, 127, 85)
(79, 84, 80, 85)
(19, 79, 20, 78)
(15, 21, 16, 20)
(21, 108, 22, 109)
(109, 117, 110, 116)
(52, 117, 53, 118)
(118, 51, 119, 52)
(110, 119, 111, 120)
(120, 111, 121, 112)
(66, 122, 67, 121)
(142, 66, 143, 65)
(64, 142, 65, 141)
(122, 99, 123, 100)
(105, 99, 106, 98)
(123, 105, 124, 104)
(124, 81, 125, 82)
(80, 125, 81, 126)
(82, 103, 83, 104)
(102, 83, 103, 84)
(101, 76, 102, 77)
(77, 19, 78, 18)
(17, 68, 18, 69)
(69, 16, 70, 17)
(113, 70, 114, 71)
(71, 114, 72, 115)
(115, 72, 116, 73)
(73, 112, 74, 113)
(67, 75, 68, 74)
(75, 100, 76, 101)
(129, 87, 130, 86)
(128, 89, 129, 90)
(131, 89, 132, 88)
(87, 131, 88, 130)
(95, 137, 96, 136)
(137, 95, 138, 94)
(59, 54, 60, 55)
(55, 60, 56, 61)
(61, 58, 62, 59)
(156, 154, 157, 153)
(180, 157, 181, 158)
(158, 179, 159, 180)
(167, 178, 168, 179)
(177, 166, 178, 167)
(176, 171, 177, 172)
(175, 161, 176, 160)
(159, 173, 160, 172)
(173, 163, 174, 162)
(170, 164, 171, 163)
(164, 170, 165, 169)
(168, 166, 169, 165)
(161, 175, 162, 174)
(202, 205, 203, 206)
(201, 5, 202, 4)
(3, 201, 4, 200)
(5, 187, 6, 186)
(184, 188, 185, 187)
(185, 7, 186, 6)
(7, 204, 8, 205)
(203, 8, 204, 9)
(31, 1, 32, 0)
