(182, 184, 183, 183)
(184, 181, 185, 182)
(177, 181, 178, 180)
(178, 43, 179, 44)
(171, 43, 172, 42)
(41, 173, 42, 172)
(173, 41, 174, 40)
(174, 48, 175, 47)
(185, 177, 186, 176)
(186, 45, 187, 46)
(44, 179, 45, 180)
(187, 191, 188, 190)
(170, 191, 171, 192)
(51, 193, 52, 192)
(39, 51, 40, 50)
(49, 46, 50, 47)
(48, 176, 49, 175)
(91, 38, 92, 39)
(37, 90, 38, 91)
(89, 36, 90, 37)
(88, 163, 89, 164)
(189, 164, 190, 165)
(165, 188, 166, 189)
(166, 109, 167, 110)
(169, 109, 170, 108)
(107, 53, 108, 52)
(19, 107, 20, 106)
(105, 21, 106, 20)
(11, 104, 12, 105)
(193, 10, 194, 11)
(9, 194, 10, 195)
(195, 92, 196, 93)
(17, 196, 18, 197)
(21, 18, 22, 19)
(79, 23, 80, 22)
(29, 79, 30, 78)
(30, 36, 31, 35)
(160, 31, 161, 32)
(62, 161, 63, 162)
(162, 63, 163, 64)
(64, 61, 65, 62)
(60, 65, 61, 66)
(66, 59, 67, 60)
(58, 87, 59, 88)
(57, 111, 58, 110)
(53, 57, 54, 56)
(167, 55, 168, 54)
(55, 169, 56, 168)
(116, 112, 117, 111)
(112, 116, 113, 115)
(150, 114, 151, 113)
(152, 150, 153, 149)
(74, 154, 75, 153)
(76, 74, 77, 73)
(77, 84, 78, 85)
(80, 83, 81, 84)
(82, 26, 83, 25)
(27, 25, 28, 24)
(23, 29, 24, 28)
(26, 82, 27, 81)
(85, 159, 86, 158)
(159, 35, 160, 34)
(68, 33, 69, 34)
(32, 67, 33, 68)
(69, 87, 70, 86)
(157, 71, 158, 70)
(156, 147, 157, 148)
(148, 117, 149, 118)
(118, 155, 119, 156)
(154, 76, 155, 75)
(144, 119, 145, 120)
(146, 137, 147, 138)
(141, 139, 142, 138)
(143, 141, 144, 140)
(129, 124, 130, 125)
(123, 130, 124, 131)
(126, 131, 127, 132)
(132, 127, 133, 128)
(133, 120, 134, 121)
(134, 145, 135, 146)
(135, 73, 136, 72)
(71, 137, 72, 136)
(121, 129, 122, 128)
(139, 143, 140, 142)
(122, 125, 123, 126)
(114, 152, 115, 151)
(197, 16, 198, 17)
(15, 94, 16, 95)
(12, 96, 13, 95)
(1, 96, 2, 97)
(203, 3, 0, 2)
(7, 203, 8, 202)
(8, 104, 9, 103)
(199, 102, 200, 103)
(198, 94, 199, 93)
(101, 200, 102, 201)
(201, 100, 202, 101)
(6, 99, 7, 100)
(14, 6, 15, 5)
(4, 14, 5, 13)
(98, 3, 99, 4)
(97, 0, 98, 1)
