(14, 91, 15, 92)
(13, 19, 14, 18)
(202, 18, 203, 17)
(16, 204, 17, 203)
(92, 15, 93, 16)
(93, 20, 94, 21)
(19, 90, 20, 91)
(46, 90, 47, 89)
(47, 149, 48, 148)
(149, 13, 150, 12)
(11, 151, 12, 150)
(201, 11, 202, 10)
(204, 9, 205, 10)
(1, 9, 2, 8)
(2, 5, 3, 6)
(131, 5, 132, 4)
(125, 133, 126, 132)
(124, 135, 125, 136)
(136, 25, 137, 26)
(24, 103, 25, 104)
(104, 23, 105, 24)
(95, 22, 96, 23)
(21, 94, 22, 95)
(96, 46, 97, 45)
(28, 98, 29, 97)
(27, 144, 28, 145)
(145, 89, 146, 88)
(53, 147, 54, 146)
(147, 53, 148, 52)
(49, 48, 50, 49)
(55, 50, 56, 51)
(183, 57, 184, 56)
(182, 152, 183, 151)
(181, 82, 182, 83)
(190, 84, 191, 83)
(76, 189, 77, 190)
(75, 187, 76, 186)
(185, 200, 186, 201)
(184, 87, 185, 88)
(86, 74, 87, 73)
(72, 198, 73, 197)
(196, 72, 197, 71)
(70, 196, 71, 195)
(61, 163, 62, 162)
(57, 63, 58, 62)
(63, 59, 64, 58)
(59, 65, 60, 64)
(160, 66, 161, 65)
(159, 168, 160, 169)
(169, 158, 170, 159)
(157, 153, 158, 152)
(156, 173, 157, 174)
(174, 178, 175, 177)
(193, 179, 194, 178)
(192, 81, 193, 82)
(180, 192, 181, 191)
(179, 81, 180, 80)
(79, 85, 80, 84)
(78, 187, 79, 188)
(188, 77, 189, 78)
(198, 85, 199, 86)
(199, 75, 200, 74)
(194, 70, 195, 69)
(165, 68, 166, 69)
(67, 164, 68, 165)
(163, 66, 164, 67)
(175, 166, 176, 167)
(167, 176, 168, 177)
(172, 155, 173, 156)
(154, 171, 155, 172)
(170, 153, 171, 154)
(161, 61, 162, 60)
(51, 54, 52, 55)
(26, 113, 27, 114)
(123, 115, 124, 114)
(129, 123, 130, 122)
(3, 131, 4, 130)
(121, 129, 122, 128)
(127, 121, 128, 120)
(119, 127, 120, 126)
(118, 115, 119, 116)
(116, 133, 117, 134)
(134, 117, 135, 118)
(33, 113, 34, 112)
(34, 137, 35, 138)
(35, 106, 36, 107)
(102, 106, 103, 105)
(140, 102, 141, 101)
(44, 141, 45, 142)
(99, 143, 100, 142)
(98, 30, 99, 29)
(30, 144, 31, 143)
(40, 31, 41, 32)
(32, 41, 33, 42)
(39, 43, 40, 42)
(139, 38, 140, 39)
(111, 139, 112, 138)
(107, 110, 108, 111)
(36, 109, 37, 110)
(108, 37, 109, 38)
(43, 101, 44, 100)
(205, 7, 0, 6)
(7, 1, 8, 0)
