(31, 28, 32, 29)
(30, 52, 31, 51)
(50, 30, 51, 29)
(49, 39, 50, 38)
(37, 40, 38, 41)
(32, 42, 33, 41)
(42, 34, 43, 33)
(25, 34, 26, 35)
(26, 55, 27, 56)
(54, 27, 55, 28)
(86, 54, 87, 53)
(52, 88, 53, 87)
(81, 88, 82, 89)
(89, 82, 90, 83)
(90, 22, 91, 21)
(22, 36, 23, 35)
(36, 48, 37, 47)
(39, 49, 40, 48)
(43, 46, 44, 47)
(45, 24, 46, 25)
(23, 44, 24, 45)
(20, 92, 21, 91)
(132, 19, 133, 20)
(18, 131, 19, 132)
(17, 203, 18, 202)
(56, 201, 57, 202)
(200, 85, 201, 86)
(84, 199, 85, 200)
(83, 80, 84, 81)
(72, 80, 73, 79)
(73, 61, 74, 60)
(61, 92, 62, 93)
(62, 98, 63, 97)
(98, 103, 99, 104)
(102, 8, 103, 7)
(6, 151, 7, 152)
(152, 174, 153, 173)
(135, 175, 136, 174)
(134, 179, 135, 180)
(180, 133, 181, 134)
(181, 157, 182, 156)
(160, 157, 161, 158)
(130, 161, 131, 162)
(162, 196, 163, 195)
(203, 197, 0, 196)
(16, 197, 17, 198)
(198, 57, 199, 58)
(69, 58, 70, 59)
(70, 77, 71, 78)
(76, 71, 77, 72)
(78, 76, 79, 75)
(59, 75, 60, 74)
(63, 69, 64, 68)
(67, 65, 68, 64)
(66, 95, 67, 96)
(93, 97, 94, 96)
(94, 65, 95, 66)
(15, 105, 16, 104)
(1, 15, 2, 14)
(13, 3, 14, 2)
(9, 13, 10, 12)
(99, 11, 100, 10)
(11, 101, 12, 100)
(8, 102, 9, 101)
(148, 3, 149, 4)
(4, 149, 5, 150)
(150, 5, 151, 6)
(147, 106, 148, 107)
(107, 146, 108, 147)
(145, 170, 146, 171)
(171, 111, 172, 110)
(111, 173, 112, 172)
(112, 141, 113, 142)
(153, 140, 154, 141)
(136, 139, 137, 140)
(138, 177, 139, 178)
(175, 179, 176, 178)
(176, 137, 177, 138)
(183, 155, 184, 154)
(155, 183, 156, 182)
(127, 184, 128, 185)
(128, 160, 129, 159)
(158, 130, 159, 129)
(194, 185, 195, 186)
(186, 117, 187, 118)
(116, 113, 117, 114)
(114, 163, 115, 164)
(164, 115, 165, 116)
(165, 169, 166, 168)
(108, 170, 109, 169)
(144, 109, 145, 110)
(166, 144, 167, 143)
(142, 168, 143, 167)
(126, 187, 127, 188)
(188, 194, 189, 193)
(192, 190, 193, 189)
(191, 122, 192, 123)
(120, 124, 121, 123)
(124, 120, 125, 119)
(118, 126, 119, 125)
(121, 190, 122, 191)
(105, 1, 106, 0)
