(178, 184, 179, 183)
(177, 176, 178, 177)
(133, 132, 134, 133)
(131, 115, 132, 114)
(113, 131, 114, 130)
(129, 113, 130, 112)
(116, 112, 117, 111)
(98, 118, 99, 117)
(188, 98, 189, 97)
(189, 90, 190, 91)
(89, 190, 90, 191)
(191, 41, 192, 40)
(41, 78, 42, 79)
(64, 78, 65, 77)
(182, 65, 183, 66)
(66, 75, 67, 76)
(179, 74, 180, 75)
(108, 74, 109, 73)
(109, 184, 110, 185)
(174, 173, 175, 174)
(172, 175, 173, 176)
(147, 138, 148, 139)
(145, 149, 146, 148)
(144, 159, 145, 160)
(160, 143, 161, 144)
(151, 143, 152, 142)
(152, 164, 153, 163)
(164, 154, 165, 153)
(154, 166, 155, 165)
(166, 172, 167, 171)
(167, 136, 168, 137)
(134, 135, 135, 136)
(157, 140, 158, 141)
(139, 146, 140, 147)
(158, 149, 159, 150)
(150, 161, 151, 162)
(162, 142, 163, 141)
(156, 169, 157, 170)
(170, 155, 171, 156)
(137, 168, 138, 169)
(110, 128, 111, 127)
(128, 115, 129, 116)
(119, 126, 120, 127)
(118, 100, 119, 99)
(125, 101, 126, 100)
(55, 125, 56, 124)
(187, 56, 188, 57)
(96, 57, 97, 58)
(58, 95, 59, 96)
(13, 95, 14, 94)
(14, 91, 15, 92)
(32, 15, 33, 16)
(36, 33, 37, 34)
(86, 37, 87, 38)
(38, 87, 39, 88)
(88, 39, 89, 40)
(85, 7, 86, 6)
(5, 193, 6, 192)
(4, 80, 5, 79)
(26, 4, 27, 3)
(27, 63, 28, 62)
(42, 64, 43, 63)
(43, 49, 44, 48)
(49, 45, 50, 44)
(68, 46, 69, 45)
(67, 180, 68, 181)
(76, 181, 77, 182)
(46, 52, 47, 51)
(71, 52, 72, 53)
(72, 108, 73, 107)
(106, 186, 107, 185)
(105, 121, 106, 120)
(101, 104, 102, 105)
(122, 104, 123, 103)
(123, 55, 124, 54)
(53, 186, 54, 187)
(102, 122, 103, 121)
(70, 47, 71, 48)
(50, 69, 51, 70)
(11, 28, 12, 29)
(12, 59, 13, 60)
(29, 60, 30, 61)
(93, 30, 94, 31)
(31, 92, 32, 93)
(10, 62, 11, 61)
(82, 10, 83, 9)
(8, 84, 9, 83)
(18, 7, 19, 8)
(17, 34, 18, 35)
(35, 16, 36, 17)
(19, 85, 20, 84)
(195, 20, 196, 21)
(21, 196, 22, 197)
(22, 199, 23, 0)
(198, 23, 199, 24)
(24, 193, 25, 194)
(80, 26, 81, 25)
(2, 81, 3, 82)
(194, 2, 195, 1)
(197, 0, 198, 1)
