(160, 149, 161, 150)
(161, 177, 162, 176)
(106, 177, 107, 178)
(148, 107, 149, 108)
(159, 108, 160, 109)
(154, 110, 155, 109)
(153, 169, 154, 168)
(167, 153, 168, 152)
(172, 152, 173, 151)
(150, 174, 151, 173)
(163, 175, 164, 174)
(175, 163, 176, 162)
(164, 171, 165, 172)
(170, 165, 171, 166)
(166, 169, 167, 170)
(110, 145, 111, 146)
(105, 145, 106, 144)
(143, 102, 144, 103)
(178, 104, 179, 103)
(104, 115, 105, 116)
(147, 115, 148, 114)
(113, 157, 114, 156)
(155, 158, 156, 159)
(157, 113, 158, 112)
(146, 111, 147, 112)
(116, 180, 117, 179)
(180, 119, 181, 120)
(118, 181, 119, 182)
(101, 182, 102, 183)
(183, 100, 184, 101)
(132, 99, 133, 100)
(131, 89, 132, 88)
(87, 187, 88, 186)
(142, 186, 143, 185)
(121, 184, 122, 185)
(120, 118, 121, 117)
(141, 123, 142, 122)
(81, 140, 82, 141)
(80, 134, 81, 133)
(14, 79, 15, 80)
(13, 6, 14, 7)
(2, 7, 3, 8)
(3, 198, 4, 199)
(197, 98, 198, 99)
(196, 90, 197, 89)
(82, 196, 83, 195)
(130, 83, 131, 84)
(125, 85, 126, 84)
(124, 188, 125, 187)
(86, 124, 87, 123)
(188, 86, 189, 85)
(126, 189, 127, 190)
(127, 192, 128, 193)
(191, 194, 192, 195)
(129, 191, 130, 190)
(193, 128, 194, 129)
(93, 90, 94, 91)
(73, 95, 74, 94)
(68, 140, 69, 139)
(138, 70, 139, 69)
(17, 135, 18, 134)
(16, 77, 17, 78)
(78, 15, 79, 16)
(5, 77, 6, 76)
(75, 5, 76, 4)
(95, 75, 96, 74)
(91, 96, 92, 97)
(97, 92, 98, 93)
(70, 67, 71, 68)
(66, 137, 67, 138)
(136, 65, 137, 66)
(135, 19, 136, 18)
(71, 72, 72, 73)
(19, 64, 20, 65)
(57, 20, 58, 21)
(21, 58, 22, 59)
(61, 23, 62, 22)
(63, 56, 64, 57)
(62, 60, 63, 59)
(23, 61, 24, 60)
(55, 46, 56, 47)
(32, 47, 33, 48)
(48, 33, 49, 34)
(52, 50, 53, 49)
(28, 52, 29, 51)
(26, 30, 27, 29)
(42, 26, 43, 25)
(24, 44, 25, 43)
(41, 45, 42, 44)
(37, 41, 38, 40)
(38, 39, 39, 40)
(36, 45, 37, 46)
(35, 54, 36, 55)
(31, 35, 32, 34)
(53, 30, 54, 31)
(50, 28, 51, 27)
(199, 9, 200, 8)
(9, 13, 10, 12)
(203, 11, 204, 10)
(207, 203, 208, 202)
(208, 2, 209, 1)
(200, 210, 201, 209)
(215, 211, 0, 210)
(211, 215, 212, 214)
(205, 213, 206, 212)
(11, 205, 12, 204)
(213, 207, 214, 206)
(201, 0, 202, 1)
