(197, 204, 198, 205)
(203, 196, 204, 197)
(205, 198, 206, 199)
(117, 16, 118, 17)
(104, 18, 105, 17)
(20, 104, 21, 103)
(96, 22, 97, 21)
(2, 95, 3, 96)
(1, 194, 2, 195)
(195, 206, 196, 207)
(207, 192, 0, 193)
(180, 192, 181, 191)
(202, 181, 203, 182)
(182, 201, 183, 202)
(200, 120, 201, 119)
(118, 200, 119, 199)
(120, 54, 121, 53)
(23, 55, 24, 54)
(22, 3, 23, 4)
(99, 4, 100, 5)
(5, 100, 6, 101)
(6, 19, 7, 20)
(18, 7, 19, 8)
(8, 114, 9, 113)
(15, 114, 16, 115)
(106, 116, 107, 115)
(116, 106, 117, 105)
(110, 107, 111, 108)
(12, 111, 13, 112)
(112, 13, 113, 14)
(14, 9, 15, 10)
(109, 10, 110, 11)
(11, 108, 12, 109)
(98, 102, 99, 101)
(102, 98, 103, 97)
(40, 55, 41, 56)
(92, 42, 93, 41)
(94, 92, 95, 91)
(37, 90, 38, 91)
(89, 36, 90, 37)
(69, 88, 70, 89)
(87, 68, 88, 69)
(67, 86, 68, 87)
(73, 67, 74, 66)
(74, 25, 75, 26)
(24, 51, 25, 52)
(52, 122, 53, 121)
(173, 123, 174, 122)
(169, 173, 170, 172)
(170, 132, 171, 131)
(132, 127, 133, 128)
(153, 127, 154, 126)
(154, 149, 155, 150)
(179, 149, 180, 148)
(145, 190, 146, 191)
(189, 144, 190, 145)
(143, 188, 144, 189)
(187, 142, 188, 143)
(139, 186, 140, 187)
(138, 184, 139, 183)
(174, 137, 175, 138)
(123, 136, 124, 137)
(168, 136, 169, 135)
(134, 168, 135, 167)
(129, 167, 130, 166)
(130, 172, 131, 171)
(165, 129, 166, 128)
(133, 164, 134, 165)
(124, 164, 125, 163)
(125, 153, 126, 152)
(150, 155, 151, 156)
(156, 151, 157, 152)
(157, 162, 158, 163)
(161, 158, 162, 159)
(147, 179, 148, 178)
(177, 147, 178, 146)
(160, 175, 161, 176)
(176, 159, 177, 160)
(141, 184, 142, 185)
(185, 140, 186, 141)
(45, 50, 46, 51)
(44, 39, 45, 40)
(56, 43, 57, 44)
(42, 94, 43, 93)
(38, 58, 39, 57)
(58, 78, 59, 77)
(78, 60, 79, 59)
(60, 28, 61, 27)
(28, 62, 29, 61)
(83, 62, 84, 63)
(84, 36, 85, 35)
(70, 86, 71, 85)
(32, 71, 33, 72)
(72, 33, 73, 34)
(34, 31, 35, 32)
(63, 31, 64, 30)
(64, 81, 65, 82)
(80, 65, 81, 66)
(79, 27, 80, 26)
(82, 29, 83, 30)
(76, 47, 77, 48)
(48, 75, 49, 76)
(49, 46, 50, 47)
(193, 0, 194, 1)
