(14, 20, 15, 19)
(21, 18, 22, 19)
(20, 16, 21, 15)
(33, 17, 34, 16)
(32, 26, 33, 25)
(24, 32, 25, 31)
(30, 24, 31, 23)
(22, 13, 23, 14)
(12, 28, 13, 27)
(26, 36, 27, 35)
(17, 35, 18, 34)
(36, 153, 37, 154)
(152, 29, 153, 30)
(28, 151, 29, 152)
(39, 151, 40, 150)
(40, 167, 41, 168)
(11, 167, 12, 166)
(165, 159, 166, 158)
(157, 155, 158, 154)
(156, 38, 157, 37)
(38, 156, 39, 155)
(164, 68, 165, 67)
(66, 147, 67, 148)
(148, 180, 149, 179)
(180, 150, 181, 149)
(181, 175, 182, 174)
(175, 183, 176, 182)
(183, 168, 184, 169)
(184, 41, 185, 42)
(185, 11, 186, 10)
(186, 209, 187, 210)
(208, 203, 209, 204)
(204, 207, 205, 208)
(206, 96, 207, 95)
(94, 200, 95, 199)
(198, 94, 199, 93)
(92, 198, 93, 197)
(196, 191, 197, 192)
(192, 195, 193, 196)
(161, 194, 162, 195)
(75, 161, 76, 160)
(159, 77, 160, 76)
(74, 78, 75, 77)
(80, 74, 81, 73)
(81, 89, 82, 88)
(68, 90, 69, 89)
(163, 90, 164, 91)
(190, 92, 191, 91)
(130, 189, 131, 190)
(188, 129, 189, 130)
(187, 146, 188, 147)
(145, 120, 146, 121)
(124, 122, 125, 121)
(202, 124, 203, 123)
(122, 202, 123, 201)
(97, 200, 98, 201)
(96, 206, 97, 205)
(136, 132, 137, 131)
(135, 140, 136, 141)
(141, 129, 142, 128)
(142, 120, 143, 119)
(126, 144, 127, 143)
(144, 126, 145, 125)
(118, 128, 119, 127)
(134, 117, 135, 118)
(116, 133, 117, 134)
(115, 139, 116, 138)
(98, 137, 99, 138)
(99, 109, 100, 108)
(102, 109, 103, 110)
(103, 113, 104, 112)
(113, 106, 114, 107)
(105, 114, 106, 115)
(100, 111, 101, 112)
(110, 101, 111, 102)
(107, 105, 108, 104)
(139, 132, 140, 133)
(193, 162, 194, 163)
(82, 69, 83, 70)
(70, 83, 71, 84)
(84, 71, 85, 72)
(78, 86, 79, 85)
(86, 80, 87, 79)
(72, 87, 73, 88)
(210, 7, 211, 8)
(6, 61, 7, 62)
(62, 66, 63, 65)
(63, 47, 64, 46)
(178, 47, 179, 48)
(48, 177, 49, 178)
(173, 177, 174, 176)
(49, 173, 50, 172)
(169, 51, 170, 50)
(51, 42, 52, 43)
(52, 10, 53, 9)
(8, 54, 9, 53)
(2, 213, 3, 214)
(4, 211, 5, 212)
(60, 5, 61, 6)
(59, 59, 60, 58)
(44, 58, 45, 57)
(45, 65, 46, 64)
(56, 171, 57, 172)
(170, 55, 171, 56)
(54, 44, 55, 43)
(212, 3, 213, 4)
(214, 1, 215, 2)
(215, 1, 0, 0)
