(181, 196, 182, 197)
(101, 183, 102, 182)
(100, 195, 101, 196)
(96, 100, 97, 99)
(66, 97, 67, 98)
(67, 187, 68, 186)
(187, 24, 188, 25)
(180, 24, 181, 23)
(22, 11, 23, 12)
(12, 197, 13, 198)
(13, 17, 14, 16)
(17, 203, 18, 202)
(111, 108, 112, 109)
(109, 105, 110, 104)
(105, 102, 106, 103)
(191, 106, 192, 107)
(189, 193, 190, 192)
(193, 189, 194, 188)
(194, 183, 195, 184)
(61, 184, 62, 185)
(93, 62, 94, 63)
(63, 94, 64, 95)
(95, 64, 96, 65)
(98, 65, 99, 66)
(185, 93, 186, 92)
(36, 92, 37, 91)
(90, 38, 91, 37)
(89, 69, 90, 68)
(69, 89, 70, 88)
(25, 71, 26, 70)
(71, 29, 72, 28)
(56, 29, 57, 30)
(60, 57, 61, 58)
(58, 59, 59, 60)
(32, 36, 33, 35)
(38, 34, 39, 33)
(34, 40, 35, 39)
(40, 88, 41, 87)
(41, 44, 42, 45)
(26, 43, 27, 44)
(42, 27, 43, 28)
(45, 84, 46, 85)
(83, 48, 84, 49)
(49, 82, 50, 83)
(81, 73, 82, 72)
(73, 81, 74, 80)
(79, 75, 80, 74)
(75, 79, 76, 78)
(51, 76, 52, 77)
(55, 52, 56, 53)
(53, 46, 54, 47)
(47, 54, 48, 55)
(77, 50, 78, 51)
(30, 86, 31, 85)
(86, 32, 87, 31)
(107, 190, 108, 191)
(103, 111, 104, 110)
(3, 9, 4, 8)
(9, 6, 10, 7)
(5, 10, 6, 11)
(7, 5, 8, 4)
(19, 19, 20, 18)
(199, 21, 200, 20)
(21, 199, 22, 198)
(15, 200, 16, 201)
(201, 14, 202, 15)
(138, 138, 139, 137)
(158, 168, 159, 167)
(157, 178, 158, 179)
(177, 156, 178, 157)
(143, 176, 144, 177)
(119, 143, 120, 142)
(120, 117, 121, 118)
(113, 116, 114, 117)
(112, 180, 113, 179)
(130, 115, 131, 116)
(129, 2, 130, 3)
(128, 126, 129, 125)
(122, 204, 123, 203)
(121, 134, 122, 135)
(135, 140, 136, 141)
(136, 140, 137, 139)
(166, 162, 167, 161)
(160, 153, 161, 154)
(154, 159, 155, 160)
(168, 156, 169, 155)
(144, 170, 145, 169)
(170, 149, 171, 150)
(173, 148, 174, 149)
(172, 175, 173, 176)
(146, 171, 147, 172)
(145, 150, 146, 151)
(147, 174, 148, 175)
(152, 163, 153, 164)
(164, 151, 165, 152)
(162, 166, 163, 165)
(141, 119, 142, 118)
(114, 131, 115, 132)
(127, 126, 128, 127)
(123, 124, 124, 125)
(133, 204, 134, 205)
(205, 132, 0, 133)
(1, 0, 2, 1)
