(23, 18, 24, 19)
(22, 111, 23, 112)
(112, 21, 113, 22)
(20, 116, 21, 115)
(114, 20, 115, 19)
(113, 116, 114, 117)
(30, 117, 31, 118)
(31, 61, 32, 60)
(61, 33, 62, 32)
(33, 24, 34, 25)
(103, 35, 104, 34)
(35, 103, 36, 102)
(36, 110, 37, 109)
(110, 18, 111, 17)
(16, 41, 17, 42)
(42, 119, 43, 120)
(118, 29, 119, 30)
(57, 29, 58, 28)
(27, 59, 28, 58)
(59, 27, 60, 26)
(25, 63, 26, 62)
(63, 56, 64, 57)
(52, 56, 53, 55)
(100, 53, 101, 54)
(101, 104, 102, 105)
(105, 13, 106, 12)
(13, 109, 14, 108)
(14, 37, 15, 38)
(40, 15, 41, 16)
(120, 39, 121, 40)
(38, 121, 39, 122)
(125, 122, 126, 123)
(79, 82, 80, 83)
(43, 78, 44, 79)
(50, 78, 51, 77)
(51, 64, 52, 65)
(65, 97, 66, 96)
(97, 166, 98, 167)
(165, 98, 166, 99)
(54, 99, 55, 100)
(11, 165, 12, 164)
(185, 106, 186, 107)
(107, 186, 108, 187)
(187, 191, 188, 190)
(191, 132, 192, 133)
(176, 131, 177, 132)
(90, 176, 91, 175)
(124, 91, 125, 92)
(92, 123, 93, 124)
(93, 126, 94, 127)
(83, 80, 84, 81)
(81, 84, 82, 85)
(46, 46, 47, 45)
(47, 44, 48, 45)
(48, 75, 49, 76)
(74, 49, 75, 50)
(76, 74, 77, 73)
(85, 73, 86, 72)
(71, 87, 72, 86)
(70, 95, 71, 96)
(69, 171, 70, 170)
(169, 69, 170, 68)
(67, 6, 68, 7)
(7, 66, 8, 67)
(5, 9, 6, 8)
(9, 5, 10, 4)
(167, 11, 168, 10)
(168, 3, 169, 4)
(2, 0, 3, 211)
(208, 208, 209, 207)
(154, 153, 155, 154)
(152, 145, 153, 146)
(137, 147, 138, 146)
(133, 137, 134, 136)
(134, 190, 135, 189)
(188, 136, 189, 135)
(147, 139, 148, 138)
(139, 192, 140, 193)
(177, 141, 178, 140)
(141, 179, 142, 178)
(179, 157, 180, 156)
(160, 158, 161, 157)
(210, 160, 211, 159)
(158, 210, 159, 209)
(202, 161, 203, 162)
(162, 203, 163, 204)
(206, 163, 207, 164)
(200, 205, 201, 206)
(196, 199, 197, 200)
(184, 196, 185, 195)
(155, 194, 156, 195)
(193, 142, 194, 143)
(150, 144, 151, 143)
(144, 150, 145, 149)
(151, 149, 152, 148)
(183, 181, 184, 180)
(182, 198, 183, 197)
(198, 182, 199, 181)
(204, 201, 205, 202)
(1, 172, 2, 173)
(88, 173, 89, 174)
(128, 89, 129, 90)
(130, 129, 131, 130)
(174, 128, 175, 127)
(94, 87, 95, 88)
(171, 0, 172, 1)
