(196, 157, 197, 158)
(156, 197, 157, 198)
(183, 198, 184, 199)
(184, 161, 185, 162)
(160, 195, 161, 196)
(159, 95, 160, 94)
(93, 159, 94, 158)
(155, 93, 156, 92)
(173, 175, 174, 174)
(172, 200, 173, 199)
(166, 171, 167, 172)
(170, 165, 171, 166)
(169, 134, 170, 135)
(162, 136, 163, 135)
(139, 137, 140, 136)
(1, 139, 2, 138)
(205, 3, 0, 2)
(3, 205, 4, 204)
(203, 5, 204, 4)
(202, 141, 203, 142)
(185, 143, 186, 142)
(143, 104, 144, 105)
(103, 144, 104, 145)
(194, 145, 195, 146)
(99, 146, 100, 147)
(147, 100, 148, 101)
(148, 90, 149, 89)
(90, 95, 91, 96)
(91, 155, 92, 154)
(47, 48, 48, 49)
(182, 175, 183, 176)
(181, 177, 182, 176)
(178, 179, 179, 180)
(177, 181, 178, 180)
(118, 118, 119, 117)
(18, 120, 19, 119)
(122, 18, 123, 17)
(130, 123, 131, 124)
(200, 132, 201, 131)
(167, 133, 168, 132)
(133, 165, 134, 164)
(168, 164, 169, 163)
(6, 202, 7, 201)
(5, 141, 6, 140)
(16, 7, 17, 8)
(8, 15, 9, 16)
(11, 14, 12, 15)
(10, 129, 11, 130)
(9, 125, 10, 124)
(125, 128, 126, 129)
(127, 13, 128, 12)
(13, 127, 14, 126)
(186, 121, 187, 122)
(120, 187, 121, 188)
(188, 192, 189, 191)
(192, 105, 193, 106)
(193, 103, 194, 102)
(101, 98, 102, 99)
(86, 98, 87, 97)
(150, 87, 151, 88)
(88, 151, 89, 152)
(149, 153, 150, 152)
(153, 96, 154, 97)
(30, 86, 31, 85)
(36, 31, 37, 32)
(37, 52, 38, 53)
(51, 46, 52, 47)
(50, 50, 51, 49)
(45, 40, 46, 41)
(114, 42, 115, 41)
(113, 116, 114, 117)
(19, 112, 20, 113)
(111, 20, 112, 21)
(24, 22, 25, 21)
(23, 190, 24, 191)
(189, 22, 190, 23)
(108, 26, 109, 25)
(26, 108, 27, 107)
(106, 28, 107, 27)
(109, 28, 110, 29)
(29, 110, 30, 111)
(42, 116, 43, 115)
(84, 43, 85, 44)
(44, 83, 45, 84)
(69, 82, 70, 83)
(79, 68, 80, 69)
(78, 35, 79, 36)
(34, 77, 35, 78)
(54, 33, 55, 34)
(32, 53, 33, 54)
(60, 56, 61, 55)
(56, 60, 57, 59)
(57, 38, 58, 39)
(39, 58, 40, 59)
(74, 61, 75, 62)
(75, 65, 76, 64)
(70, 66, 71, 65)
(81, 66, 82, 67)
(67, 80, 68, 81)
(76, 71, 77, 72)
(72, 63, 73, 64)
(62, 73, 63, 74)
(137, 1, 138, 0)
