(162, 163, 163, 164)
(153, 165, 154, 164)
(155, 153, 156, 152)
(151, 157, 152, 156)
(75, 150, 76, 151)
(74, 183, 75, 184)
(184, 204, 185, 203)
(204, 3, 205, 4)
(200, 199, 201, 200)
(195, 198, 196, 199)
(89, 195, 90, 194)
(90, 167, 91, 168)
(166, 161, 167, 162)
(165, 155, 166, 154)
(160, 95, 161, 96)
(96, 157, 97, 158)
(97, 133, 98, 132)
(143, 76, 144, 77)
(144, 182, 145, 181)
(182, 150, 183, 149)
(83, 149, 84, 148)
(84, 87, 85, 88)
(86, 14, 87, 13)
(15, 13, 16, 12)
(71, 16, 72, 17)
(19, 72, 20, 73)
(73, 20, 74, 21)
(202, 186, 203, 185)
(4, 201, 5, 202)
(5, 25, 6, 24)
(62, 26, 63, 25)
(26, 62, 27, 61)
(34, 28, 35, 27)
(28, 34, 29, 33)
(32, 30, 33, 29)
(31, 51, 32, 50)
(52, 50, 53, 49)
(53, 46, 54, 47)
(45, 54, 46, 55)
(55, 44, 56, 45)
(196, 43, 197, 44)
(42, 197, 43, 198)
(56, 42, 57, 41)
(57, 64, 58, 65)
(68, 64, 69, 63)
(69, 7, 70, 6)
(10, 7, 11, 8)
(192, 11, 193, 12)
(193, 89, 194, 88)
(191, 8, 192, 9)
(9, 190, 10, 191)
(70, 190, 71, 189)
(17, 188, 18, 189)
(187, 18, 188, 19)
(23, 186, 24, 187)
(22, 22, 23, 21)
(36, 67, 37, 68)
(35, 60, 36, 61)
(59, 38, 60, 39)
(48, 39, 49, 40)
(40, 47, 41, 48)
(65, 58, 66, 59)
(66, 37, 67, 38)
(51, 31, 52, 30)
(14, 86, 15, 85)
(147, 83, 148, 82)
(81, 174, 82, 175)
(175, 80, 176, 81)
(138, 80, 139, 79)
(139, 136, 140, 137)
(168, 135, 169, 136)
(134, 122, 135, 121)
(111, 121, 112, 120)
(119, 113, 120, 112)
(118, 93, 119, 94)
(94, 91, 95, 92)
(92, 117, 93, 118)
(116, 159, 117, 160)
(158, 115, 159, 116)
(109, 115, 110, 114)
(107, 111, 108, 110)
(131, 99, 132, 98)
(105, 103, 106, 102)
(106, 129, 107, 130)
(133, 128, 134, 129)
(122, 128, 123, 127)
(126, 124, 127, 123)
(124, 126, 125, 125)
(142, 142, 143, 141)
(140, 169, 141, 170)
(170, 77, 171, 78)
(176, 171, 177, 172)
(172, 177, 173, 178)
(178, 173, 179, 174)
(146, 180, 147, 179)
(180, 146, 181, 145)
(78, 138, 79, 137)
(99, 131, 100, 130)
(103, 101, 104, 100)
(101, 105, 102, 104)
(113, 109, 114, 108)
(2, 2, 3, 1)
(205, 1, 0, 0)
