(144, 14, 145, 13)
(142, 146, 143, 145)
(26, 141, 27, 142)
(94, 26, 95, 25)
(24, 96, 25, 95)
(23, 10, 24, 11)
(14, 12, 15, 11)
(12, 144, 13, 143)
(148, 15, 149, 16)
(146, 150, 147, 149)
(33, 150, 34, 151)
(27, 35, 28, 34)
(38, 35, 39, 36)
(140, 39, 141, 40)
(93, 40, 94, 41)
(41, 96, 42, 97)
(205, 42, 206, 43)
(206, 46, 207, 45)
(46, 56, 47, 55)
(5, 56, 6, 57)
(6, 162, 7, 161)
(9, 162, 10, 163)
(156, 164, 157, 163)
(155, 19, 156, 18)
(17, 22, 18, 23)
(16, 147, 17, 148)
(21, 153, 22, 152)
(151, 32, 152, 33)
(108, 31, 109, 32)
(30, 107, 31, 108)
(29, 36, 30, 37)
(37, 28, 38, 29)
(85, 107, 86, 106)
(105, 87, 106, 86)
(87, 105, 88, 104)
(101, 89, 102, 88)
(100, 139, 101, 140)
(99, 92, 100, 93)
(91, 98, 92, 99)
(97, 90, 98, 91)
(203, 44, 204, 45)
(43, 204, 44, 205)
(65, 202, 66, 203)
(64, 183, 65, 184)
(184, 63, 185, 64)
(62, 189, 63, 190)
(171, 191, 172, 190)
(170, 58, 171, 57)
(169, 158, 170, 159)
(8, 160, 9, 159)
(160, 8, 161, 7)
(157, 168, 158, 169)
(110, 167, 111, 168)
(109, 165, 110, 164)
(82, 137, 83, 138)
(83, 103, 84, 102)
(103, 85, 104, 84)
(89, 139, 90, 138)
(76, 81, 77, 82)
(66, 75, 67, 76)
(74, 201, 75, 202)
(194, 73, 195, 74)
(193, 60, 194, 61)
(178, 61, 179, 62)
(179, 188, 180, 189)
(182, 188, 183, 187)
(186, 182, 187, 181)
(180, 186, 181, 185)
(172, 177, 173, 178)
(176, 173, 177, 174)
(174, 191, 175, 192)
(192, 175, 193, 176)
(196, 60, 197, 59)
(58, 198, 59, 197)
(198, 71, 199, 72)
(70, 199, 71, 200)
(200, 69, 201, 70)
(68, 112, 69, 111)
(112, 68, 113, 67)
(113, 125, 114, 124)
(130, 125, 131, 126)
(134, 131, 135, 132)
(166, 135, 167, 136)
(136, 165, 137, 166)
(116, 77, 117, 78)
(78, 117, 79, 118)
(118, 79, 119, 80)
(80, 119, 81, 120)
(115, 121, 116, 120)
(123, 115, 124, 114)
(122, 129, 123, 130)
(128, 121, 129, 122)
(132, 128, 133, 127)
(126, 134, 127, 133)
(72, 195, 73, 196)
(153, 21, 154, 20)
(19, 155, 20, 154)
(47, 5, 48, 4)
(48, 52, 49, 51)
(207, 53, 0, 52)
(53, 3, 54, 2)
(3, 55, 4, 54)
(1, 50, 2, 51)
(49, 0, 50, 1)
