(32, 133, 33, 134)
(33, 28, 34, 29)
(27, 20, 28, 21)
(24, 22, 25, 21)
(22, 26, 23, 25)
(26, 24, 27, 23)
(135, 132, 136, 133)
(134, 31, 135, 32)
(95, 30, 96, 31)
(29, 94, 30, 95)
(34, 93, 35, 94)
(3, 199, 4, 198)
(197, 3, 198, 2)
(191, 197, 192, 196)
(192, 2, 193, 1)
(188, 194, 189, 193)
(131, 136, 132, 137)
(137, 146, 138, 147)
(145, 74, 146, 75)
(75, 72, 76, 73)
(68, 72, 69, 71)
(66, 70, 67, 69)
(35, 97, 36, 96)
(97, 103, 98, 102)
(103, 99, 104, 98)
(99, 125, 100, 124)
(80, 125, 81, 126)
(154, 81, 155, 82)
(82, 155, 83, 156)
(86, 83, 87, 84)
(87, 93, 88, 92)
(91, 89, 92, 88)
(89, 91, 90, 90)
(17, 15, 18, 14)
(13, 6, 14, 7)
(7, 12, 8, 13)
(11, 5, 12, 4)
(183, 183, 184, 182)
(184, 181, 185, 182)
(180, 187, 181, 188)
(186, 179, 187, 180)
(178, 185, 179, 186)
(164, 177, 165, 178)
(163, 130, 164, 131)
(162, 148, 163, 147)
(148, 162, 149, 161)
(160, 150, 161, 149)
(138, 159, 139, 160)
(158, 139, 159, 140)
(79, 141, 80, 140)
(78, 143, 79, 144)
(73, 144, 74, 145)
(142, 77, 143, 78)
(76, 141, 77, 142)
(128, 157, 129, 158)
(152, 128, 153, 127)
(126, 154, 127, 153)
(151, 157, 152, 156)
(129, 151, 130, 150)
(176, 85, 177, 86)
(84, 175, 85, 176)
(174, 10, 175, 9)
(15, 19, 16, 18)
(19, 17, 20, 16)
(5, 9, 6, 8)
(10, 174, 11, 173)
(167, 173, 168, 172)
(169, 169, 170, 168)
(165, 171, 166, 170)
(171, 167, 172, 166)
(100, 66, 101, 65)
(36, 102, 37, 101)
(39, 40, 40, 41)
(57, 60, 58, 61)
(48, 52, 49, 51)
(50, 48, 51, 47)
(55, 47, 56, 46)
(45, 57, 46, 56)
(41, 44, 42, 45)
(42, 44, 43, 43)
(105, 105, 106, 104)
(109, 107, 110, 106)
(123, 109, 124, 108)
(107, 123, 108, 122)
(110, 122, 111, 121)
(114, 111, 115, 112)
(115, 118, 116, 119)
(58, 117, 59, 118)
(116, 59, 117, 60)
(112, 119, 113, 120)
(120, 113, 121, 114)
(54, 62, 55, 61)
(62, 54, 63, 53)
(38, 64, 39, 63)
(64, 38, 65, 37)
(52, 50, 53, 49)
(70, 68, 71, 67)
(194, 190, 195, 189)
(199, 191, 0, 190)
(195, 0, 196, 1)
