(134, 142, 135, 141)
(135, 113, 136, 112)
(142, 114, 143, 113)
(56, 174, 57, 173)
(174, 110, 175, 109)
(110, 130, 111, 129)
(130, 140, 131, 139)
(140, 134, 141, 133)
(132, 138, 133, 137)
(111, 137, 112, 136)
(138, 132, 139, 131)
(15, 129, 16, 128)
(119, 17, 120, 16)
(118, 153, 119, 154)
(154, 117, 155, 118)
(116, 144, 117, 143)
(144, 116, 145, 115)
(114, 146, 115, 145)
(52, 56, 53, 55)
(53, 54, 54, 55)
(51, 172, 52, 173)
(171, 50, 172, 51)
(181, 170, 182, 171)
(180, 192, 181, 191)
(190, 180, 191, 179)
(178, 106, 179, 105)
(104, 178, 105, 177)
(57, 176, 58, 177)
(108, 176, 109, 175)
(107, 58, 108, 59)
(59, 100, 60, 101)
(99, 198, 100, 199)
(199, 2, 200, 3)
(1, 26, 2, 27)
(14, 27, 15, 28)
(23, 29, 24, 28)
(29, 23, 30, 22)
(21, 31, 22, 30)
(125, 21, 126, 20)
(121, 127, 122, 126)
(127, 121, 128, 120)
(17, 123, 18, 122)
(123, 19, 124, 18)
(19, 125, 20, 124)
(10, 32, 11, 31)
(6, 10, 7, 9)
(7, 46, 8, 47)
(45, 48, 46, 49)
(162, 50, 163, 49)
(158, 151, 159, 152)
(152, 159, 153, 160)
(157, 161, 158, 160)
(147, 157, 148, 156)
(155, 149, 156, 148)
(149, 146, 150, 147)
(150, 162, 151, 161)
(163, 169, 164, 168)
(169, 182, 170, 183)
(188, 183, 189, 184)
(192, 190, 193, 189)
(193, 187, 194, 186)
(187, 197, 188, 196)
(64, 198, 65, 197)
(60, 64, 61, 63)
(61, 103, 62, 102)
(103, 106, 104, 107)
(101, 63, 102, 62)
(40, 66, 41, 65)
(66, 40, 67, 39)
(72, 67, 73, 68)
(73, 80, 74, 81)
(79, 74, 80, 75)
(75, 99, 76, 98)
(83, 76, 84, 77)
(84, 3, 85, 4)
(4, 85, 5, 86)
(32, 6, 33, 5)
(86, 33, 87, 34)
(87, 88, 88, 89)
(36, 36, 37, 35)
(37, 94, 38, 95)
(93, 38, 94, 39)
(69, 92, 70, 93)
(68, 71, 69, 72)
(91, 70, 92, 71)
(95, 91, 96, 90)
(77, 96, 78, 97)
(78, 81, 79, 82)
(97, 82, 98, 83)
(89, 35, 90, 34)
(41, 167, 42, 166)
(44, 167, 45, 168)
(43, 165, 44, 164)
(165, 43, 166, 42)
(195, 185, 196, 184)
(185, 195, 186, 194)
(47, 8, 48, 9)
(24, 11, 25, 12)
(25, 200, 26, 201)
(201, 13, 0, 12)
(13, 1, 14, 0)
