(189, 192, 190, 193)
(191, 188, 192, 189)
(193, 190, 194, 191)
(206, 186, 207, 185)
(207, 182, 208, 183)
(2, 182, 3, 181)
(96, 3, 97, 4)
(4, 97, 5, 98)
(48, 6, 49, 5)
(24, 48, 25, 47)
(202, 25, 203, 26)
(197, 26, 198, 27)
(27, 198, 28, 199)
(28, 32, 29, 31)
(195, 33, 196, 32)
(194, 187, 195, 188)
(203, 186, 204, 187)
(180, 56, 181, 55)
(54, 95, 55, 96)
(100, 53, 101, 54)
(99, 51, 100, 50)
(49, 99, 50, 98)
(106, 51, 107, 52)
(116, 107, 117, 108)
(6, 16, 7, 15)
(11, 16, 12, 17)
(9, 13, 10, 12)
(13, 9, 14, 8)
(117, 20, 118, 21)
(23, 118, 24, 119)
(119, 88, 120, 89)
(87, 65, 88, 64)
(56, 63, 57, 64)
(62, 84, 63, 83)
(67, 83, 68, 82)
(68, 180, 69, 179)
(92, 92, 93, 91)
(130, 78, 131, 77)
(129, 147, 130, 146)
(120, 145, 121, 146)
(144, 121, 145, 122)
(122, 143, 123, 144)
(177, 143, 178, 142)
(81, 178, 82, 179)
(163, 81, 164, 80)
(79, 165, 80, 164)
(78, 132, 79, 131)
(73, 70, 74, 71)
(76, 70, 77, 69)
(74, 76, 75, 75)
(71, 73, 72, 72)
(147, 133, 148, 132)
(133, 175, 134, 174)
(128, 175, 129, 176)
(123, 177, 124, 176)
(124, 127, 125, 128)
(126, 141, 127, 142)
(140, 125, 141, 126)
(162, 140, 163, 139)
(138, 162, 139, 161)
(160, 138, 161, 137)
(136, 169, 137, 170)
(157, 171, 158, 170)
(156, 166, 157, 165)
(150, 155, 151, 156)
(154, 149, 155, 150)
(148, 153, 149, 154)
(152, 173, 153, 174)
(172, 151, 173, 152)
(171, 166, 172, 167)
(134, 168, 135, 167)
(168, 160, 169, 159)
(158, 135, 159, 136)
(90, 94, 91, 93)
(94, 90, 95, 89)
(59, 66, 60, 67)
(65, 58, 66, 59)
(86, 58, 87, 57)
(60, 86, 61, 85)
(84, 62, 85, 61)
(109, 23, 110, 22)
(110, 101, 111, 102)
(114, 111, 115, 112)
(115, 105, 116, 104)
(52, 105, 53, 106)
(103, 112, 104, 113)
(113, 102, 114, 103)
(21, 109, 22, 108)
(14, 20, 15, 19)
(7, 18, 8, 19)
(17, 10, 18, 11)
(205, 40, 206, 41)
(41, 38, 42, 39)
(37, 42, 38, 43)
(46, 43, 47, 44)
(35, 44, 36, 45)
(33, 37, 34, 36)
(45, 34, 46, 35)
(39, 204, 40, 205)
(196, 202, 197, 201)
(200, 29, 201, 30)
(30, 199, 31, 200)
(1, 208, 2, 209)
(209, 185, 0, 184)
(183, 1, 184, 0)
