(4, 95, 5, 96)
(96, 3, 97, 4)
(2, 9, 3, 10)
(35, 11, 36, 10)
(34, 13, 35, 14)
(14, 29, 15, 30)
(17, 29, 18, 28)
(27, 19, 28, 18)
(91, 27, 92, 26)
(5, 93, 6, 92)
(88, 94, 89, 93)
(94, 88, 95, 87)
(7, 87, 8, 86)
(8, 97, 9, 98)
(98, 51, 99, 52)
(50, 99, 51, 100)
(100, 45, 101, 46)
(1, 45, 2, 44)
(40, 43, 41, 44)
(39, 209, 40, 208)
(207, 39, 208, 38)
(11, 13, 12, 12)
(36, 203, 37, 204)
(33, 203, 34, 202)
(201, 33, 202, 32)
(182, 31, 183, 32)
(30, 181, 31, 182)
(15, 180, 16, 181)
(179, 16, 180, 17)
(178, 20, 179, 19)
(162, 178, 163, 177)
(163, 59, 164, 58)
(24, 59, 25, 60)
(25, 91, 26, 90)
(6, 89, 7, 90)
(85, 53, 86, 52)
(84, 55, 85, 56)
(56, 23, 57, 24)
(22, 112, 23, 111)
(110, 192, 111, 191)
(190, 110, 191, 109)
(108, 101, 109, 102)
(105, 102, 106, 103)
(49, 106, 50, 107)
(107, 46, 108, 47)
(47, 105, 48, 104)
(103, 49, 104, 48)
(192, 190, 193, 189)
(188, 194, 189, 193)
(184, 187, 185, 188)
(198, 184, 199, 183)
(204, 37, 205, 38)
(205, 201, 206, 200)
(199, 207, 200, 206)
(20, 197, 21, 198)
(196, 21, 197, 22)
(186, 195, 187, 196)
(194, 185, 195, 186)
(165, 112, 166, 113)
(166, 138, 167, 137)
(138, 168, 139, 167)
(168, 142, 169, 141)
(142, 170, 143, 169)
(170, 160, 171, 159)
(160, 172, 161, 171)
(172, 162, 173, 161)
(176, 173, 177, 174)
(115, 174, 116, 175)
(116, 113, 117, 114)
(117, 158, 118, 159)
(157, 118, 158, 119)
(119, 156, 120, 157)
(155, 122, 156, 123)
(123, 137, 124, 136)
(133, 124, 134, 125)
(125, 134, 126, 135)
(126, 153, 127, 154)
(149, 152, 150, 153)
(148, 145, 149, 146)
(146, 139, 147, 140)
(140, 147, 141, 148)
(151, 144, 152, 145)
(143, 150, 144, 151)
(130, 128, 131, 127)
(120, 129, 121, 130)
(128, 121, 129, 122)
(131, 155, 132, 154)
(135, 132, 136, 133)
(175, 114, 176, 115)
(57, 165, 58, 164)
(83, 65, 84, 64)
(68, 64, 69, 63)
(60, 70, 61, 69)
(70, 73, 71, 74)
(72, 79, 73, 80)
(80, 53, 81, 54)
(54, 81, 55, 82)
(65, 83, 66, 82)
(77, 67, 78, 66)
(67, 77, 68, 76)
(62, 76, 63, 75)
(74, 62, 75, 61)
(78, 71, 79, 72)
(209, 42, 0, 43)
(41, 0, 42, 1)
