(128, 134, 129, 133)
(146, 129, 147, 130)
(147, 134, 148, 135)
(148, 191, 149, 192)
(190, 149, 191, 150)
(150, 154, 151, 153)
(199, 155, 200, 154)
(155, 199, 156, 198)
(201, 156, 202, 157)
(202, 142, 203, 141)
(142, 4, 143, 3)
(4, 144, 5, 143)
(144, 126, 145, 125)
(126, 132, 127, 131)
(132, 128, 133, 127)
(130, 145, 131, 146)
(171, 125, 172, 124)
(172, 135, 173, 136)
(173, 187, 174, 186)
(176, 188, 177, 187)
(188, 176, 189, 175)
(189, 192, 190, 193)
(193, 196, 194, 197)
(195, 152, 196, 153)
(151, 194, 152, 195)
(197, 200, 198, 201)
(174, 177, 175, 178)
(185, 179, 186, 178)
(179, 185, 180, 184)
(139, 180, 140, 181)
(157, 141, 158, 140)
(158, 9, 159, 10)
(8, 1, 9, 2)
(2, 203, 3, 204)
(7, 205, 8, 204)
(217, 6, 0, 7)
(5, 216, 6, 217)
(215, 206, 216, 207)
(207, 214, 208, 215)
(213, 168, 214, 169)
(14, 170, 15, 169)
(170, 14, 171, 13)
(12, 123, 13, 124)
(24, 11, 25, 12)
(136, 23, 137, 24)
(22, 183, 23, 184)
(182, 21, 183, 22)
(181, 138, 182, 139)
(137, 21, 138, 20)
(10, 19, 11, 20)
(29, 18, 30, 19)
(17, 28, 18, 29)
(16, 212, 17, 211)
(210, 162, 211, 161)
(160, 166, 161, 165)
(164, 160, 165, 159)
(163, 209, 164, 208)
(162, 167, 163, 168)
(209, 167, 210, 166)
(212, 16, 213, 15)
(122, 28, 123, 27)
(95, 26, 96, 27)
(25, 94, 26, 95)
(93, 31, 94, 30)
(92, 43, 93, 44)
(44, 122, 45, 121)
(45, 59, 46, 58)
(59, 47, 60, 46)
(47, 96, 48, 97)
(81, 48, 82, 49)
(82, 31, 83, 32)
(83, 53, 84, 52)
(53, 85, 54, 84)
(42, 85, 43, 86)
(86, 92, 87, 91)
(90, 88, 91, 87)
(120, 90, 121, 89)
(88, 120, 89, 119)
(118, 42, 119, 41)
(57, 41, 58, 40)
(114, 39, 115, 40)
(113, 70, 114, 71)
(71, 68, 72, 69)
(67, 74, 68, 75)
(64, 76, 65, 75)
(63, 61, 64, 60)
(62, 98, 63, 97)
(98, 62, 99, 61)
(76, 99, 77, 100)
(108, 77, 109, 78)
(106, 110, 107, 109)
(105, 80, 106, 81)
(35, 104, 36, 105)
(34, 115, 35, 116)
(116, 33, 117, 34)
(32, 50, 33, 49)
(50, 55, 51, 56)
(54, 51, 55, 52)
(117, 56, 118, 57)
(103, 38, 104, 39)
(37, 102, 38, 103)
(101, 36, 102, 37)
(111, 101, 112, 100)
(69, 112, 70, 113)
(79, 110, 80, 111)
(78, 107, 79, 108)
(65, 72, 66, 73)
(73, 66, 74, 67)
(205, 0, 206, 1)
