(19, 108, 20, 109)
(18, 114, 19, 113)
(112, 18, 113, 17)
(16, 110, 17, 109)
(110, 116, 111, 115)
(114, 112, 115, 111)
(43, 116, 44, 117)
(15, 161, 16, 160)
(159, 157, 160, 156)
(148, 156, 149, 155)
(149, 20, 150, 21)
(150, 103, 151, 104)
(25, 103, 26, 102)
(101, 27, 102, 26)
(107, 101, 108, 100)
(144, 99, 145, 100)
(42, 144, 43, 143)
(142, 118, 143, 117)
(124, 124, 125, 123)
(44, 46, 45, 45)
(46, 50, 47, 49)
(47, 79, 48, 78)
(79, 86, 80, 87)
(85, 66, 86, 67)
(64, 68, 65, 67)
(52, 63, 53, 64)
(51, 165, 52, 164)
(163, 51, 164, 50)
(162, 60, 163, 59)
(58, 162, 59, 161)
(166, 58, 167, 57)
(14, 9, 15, 10)
(91, 10, 92, 11)
(95, 92, 96, 93)
(96, 40, 97, 39)
(35, 41, 36, 40)
(157, 34, 158, 35)
(33, 158, 34, 159)
(32, 145, 33, 146)
(146, 154, 147, 153)
(154, 148, 155, 147)
(21, 152, 22, 153)
(104, 151, 105, 152)
(22, 105, 23, 106)
(28, 23, 29, 24)
(24, 29, 25, 30)
(30, 27, 31, 28)
(106, 31, 107, 32)
(41, 99, 42, 98)
(36, 98, 37, 97)
(37, 95, 38, 94)
(93, 39, 94, 38)
(11, 90, 12, 91)
(207, 120, 0, 121)
(121, 118, 122, 119)
(126, 125, 127, 126)
(140, 133, 141, 134)
(122, 142, 123, 141)
(134, 127, 135, 128)
(138, 135, 139, 136)
(130, 139, 131, 140)
(131, 132, 132, 133)
(136, 130, 137, 129)
(128, 138, 129, 137)
(119, 206, 120, 207)
(205, 168, 206, 169)
(178, 170, 179, 169)
(177, 173, 178, 172)
(171, 177, 172, 176)
(175, 195, 176, 194)
(204, 194, 205, 193)
(192, 184, 193, 183)
(182, 192, 183, 191)
(190, 185, 191, 186)
(186, 189, 187, 190)
(188, 200, 189, 199)
(198, 201, 199, 202)
(202, 197, 203, 198)
(179, 196, 180, 197)
(195, 175, 196, 174)
(173, 171, 174, 170)
(203, 180, 204, 181)
(181, 184, 182, 185)
(200, 188, 201, 187)
(167, 89, 168, 88)
(87, 76, 88, 77)
(77, 49, 78, 48)
(72, 76, 73, 75)
(80, 74, 81, 73)
(74, 82, 75, 81)
(71, 83, 72, 82)
(83, 71, 84, 70)
(65, 84, 66, 85)
(69, 57, 70, 56)
(55, 69, 56, 68)
(54, 61, 55, 62)
(62, 53, 63, 54)
(165, 60, 166, 61)
(3, 6, 4, 7)
(12, 7, 13, 8)
(8, 13, 9, 14)
(5, 2, 6, 3)
(1, 4, 2, 5)
(89, 1, 90, 0)
