(106, 106, 107, 105)
(104, 25, 105, 26)
(26, 30, 27, 29)
(30, 107, 31, 108)
(22, 208, 23, 207)
(21, 24, 22, 25)
(27, 102, 28, 103)
(103, 28, 104, 29)
(16, 102, 17, 101)
(100, 18, 101, 17)
(12, 99, 13, 100)
(192, 32, 193, 31)
(32, 192, 33, 191)
(33, 159, 34, 158)
(159, 120, 160, 121)
(160, 138, 161, 137)
(119, 138, 120, 139)
(139, 118, 140, 119)
(206, 118, 207, 117)
(208, 24, 209, 23)
(209, 11, 210, 10)
(98, 11, 99, 12)
(20, 13, 21, 14)
(14, 19, 15, 20)
(18, 15, 19, 16)
(97, 210, 98, 211)
(211, 111, 0, 110)
(111, 108, 112, 109)
(112, 2, 113, 1)
(2, 114, 3, 113)
(3, 8, 4, 9)
(7, 4, 8, 5)
(94, 6, 95, 5)
(93, 115, 94, 114)
(92, 89, 93, 90)
(195, 90, 196, 91)
(196, 193, 197, 194)
(190, 197, 191, 198)
(198, 158, 199, 157)
(156, 200, 157, 199)
(200, 156, 201, 155)
(154, 202, 155, 201)
(124, 154, 125, 153)
(125, 34, 126, 35)
(121, 127, 122, 126)
(144, 128, 145, 127)
(136, 144, 137, 143)
(142, 162, 143, 161)
(164, 142, 165, 141)
(140, 166, 141, 165)
(166, 88, 167, 87)
(203, 88, 204, 89)
(204, 116, 205, 115)
(116, 206, 117, 205)
(202, 189, 203, 190)
(167, 189, 168, 188)
(168, 85, 169, 86)
(179, 84, 180, 85)
(39, 178, 40, 179)
(38, 150, 39, 149)
(148, 38, 149, 37)
(36, 123, 37, 124)
(35, 152, 36, 153)
(122, 151, 123, 152)
(147, 150, 148, 151)
(146, 58, 147, 57)
(56, 146, 57, 145)
(134, 56, 135, 55)
(135, 128, 136, 129)
(129, 162, 130, 163)
(163, 130, 164, 131)
(54, 132, 55, 131)
(62, 54, 63, 53)
(63, 176, 64, 177)
(175, 64, 176, 65)
(170, 66, 171, 65)
(169, 186, 170, 187)
(86, 187, 87, 188)
(185, 183, 186, 182)
(42, 181, 43, 182)
(180, 41, 181, 42)
(40, 83, 41, 84)
(47, 82, 48, 83)
(81, 46, 82, 47)
(80, 49, 81, 50)
(77, 51, 78, 50)
(51, 77, 52, 76)
(177, 52, 178, 53)
(75, 70, 76, 71)
(71, 173, 72, 172)
(173, 73, 174, 72)
(73, 175, 74, 174)
(74, 171, 75, 172)
(69, 67, 70, 66)
(68, 79, 69, 80)
(78, 67, 79, 68)
(45, 48, 46, 49)
(183, 44, 184, 45)
(43, 184, 44, 185)
(61, 59, 62, 58)
(60, 133, 61, 134)
(132, 59, 133, 60)
(91, 194, 92, 195)
(6, 96, 7, 95)
(96, 10, 97, 9)
(109, 1, 110, 0)
