(103, 107, 104, 106)
(158, 107, 159, 108)
(159, 103, 160, 102)
(160, 110, 161, 109)
(110, 162, 111, 161)
(149, 128, 150, 129)
(150, 121, 151, 122)
(120, 155, 121, 156)
(156, 106, 157, 105)
(104, 158, 105, 157)
(98, 120, 99, 119)
(99, 113, 100, 112)
(113, 101, 114, 100)
(108, 102, 109, 101)
(111, 115, 112, 114)
(182, 115, 183, 116)
(116, 183, 117, 184)
(184, 117, 185, 118)
(162, 186, 163, 185)
(63, 187, 64, 186)
(147, 63, 148, 62)
(127, 148, 128, 149)
(126, 130, 127, 129)
(122, 125, 123, 126)
(151, 124, 152, 125)
(123, 152, 124, 153)
(214, 153, 215, 154)
(154, 215, 155, 216)
(216, 180, 217, 179)
(180, 98, 181, 97)
(181, 119, 182, 118)
(1, 97, 2, 96)
(95, 3, 96, 2)
(3, 95, 4, 94)
(91, 5, 92, 4)
(77, 91, 78, 90)
(78, 83, 79, 84)
(163, 82, 164, 83)
(81, 164, 82, 165)
(165, 171, 166, 170)
(171, 66, 172, 67)
(65, 172, 66, 173)
(173, 64, 174, 65)
(193, 175, 194, 174)
(41, 193, 42, 192)
(189, 43, 190, 42)
(43, 189, 44, 188)
(187, 45, 188, 44)
(45, 57, 46, 56)
(57, 147, 58, 146)
(133, 59, 134, 58)
(59, 133, 60, 132)
(60, 209, 61, 210)
(208, 61, 209, 62)
(207, 131, 208, 130)
(206, 211, 207, 212)
(199, 213, 200, 212)
(213, 199, 214, 198)
(197, 178, 198, 179)
(196, 25, 197, 26)
(26, 17, 27, 18)
(5, 16, 6, 17)
(15, 75, 16, 74)
(73, 76, 74, 77)
(169, 73, 170, 72)
(166, 71, 167, 72)
(70, 167, 71, 168)
(168, 69, 169, 70)
(68, 9, 69, 10)
(10, 67, 11, 68)
(36, 11, 37, 12)
(37, 194, 38, 195)
(175, 39, 176, 38)
(40, 39, 41, 40)
(48, 51, 49, 52)
(52, 47, 53, 48)
(46, 53, 47, 54)
(191, 54, 192, 55)
(55, 190, 56, 191)
(177, 51, 178, 50)
(49, 177, 50, 176)
(24, 195, 25, 196)
(18, 23, 19, 24)
(22, 28, 23, 27)
(30, 21, 31, 22)
(20, 29, 21, 30)
(19, 32, 20, 33)
(33, 6, 34, 7)
(34, 14, 35, 13)
(75, 15, 76, 14)
(8, 35, 9, 36)
(7, 13, 8, 12)
(28, 31, 29, 32)
(135, 201, 136, 200)
(145, 135, 146, 134)
(201, 145, 202, 144)
(143, 203, 144, 202)
(203, 143, 204, 142)
(204, 139, 205, 140)
(138, 205, 139, 206)
(140, 138, 141, 137)
(136, 142, 137, 141)
(131, 211, 132, 210)
(87, 81, 88, 80)
(85, 89, 86, 88)
(89, 85, 90, 84)
(79, 87, 80, 86)
(217, 93, 0, 92)
(93, 1, 94, 0)
