(10, 13, 11, 14)
(12, 147, 13, 148)
(151, 148, 152, 149)
(95, 153, 96, 152)
(91, 95, 92, 94)
(137, 92, 138, 93)
(138, 10, 139, 9)
(139, 14, 140, 15)
(97, 140, 98, 141)
(141, 98, 142, 99)
(99, 142, 100, 143)
(143, 100, 144, 101)
(144, 150, 145, 149)
(150, 146, 151, 145)
(146, 11, 147, 12)
(96, 102, 97, 101)
(102, 16, 103, 15)
(16, 7, 17, 8)
(153, 6, 154, 7)
(5, 174, 6, 175)
(175, 135, 176, 134)
(135, 91, 136, 90)
(93, 136, 94, 137)
(89, 76, 90, 77)
(77, 207, 78, 206)
(104, 208, 105, 207)
(8, 104, 9, 103)
(208, 109, 209, 110)
(211, 109, 212, 108)
(212, 21, 213, 22)
(37, 20, 38, 21)
(19, 36, 20, 37)
(18, 155, 19, 156)
(156, 17, 157, 18)
(157, 154, 158, 155)
(35, 159, 36, 158)
(165, 35, 166, 34)
(166, 3, 167, 4)
(173, 3, 174, 2)
(1, 169, 2, 168)
(167, 217, 168, 216)
(215, 4, 216, 5)
(214, 34, 215, 33)
(32, 57, 33, 58)
(58, 181, 59, 182)
(180, 133, 181, 134)
(132, 179, 133, 180)
(178, 131, 179, 132)
(75, 66, 76, 67)
(88, 67, 89, 68)
(68, 87, 69, 88)
(73, 86, 74, 87)
(72, 195, 73, 196)
(196, 125, 197, 126)
(124, 205, 125, 206)
(114, 123, 115, 124)
(113, 186, 114, 187)
(187, 112, 188, 113)
(78, 111, 79, 112)
(105, 110, 106, 111)
(209, 107, 210, 106)
(107, 211, 108, 210)
(188, 79, 189, 80)
(189, 26, 190, 27)
(54, 25, 55, 26)
(53, 23, 54, 22)
(213, 52, 214, 53)
(51, 165, 52, 164)
(38, 163, 39, 164)
(47, 162, 48, 163)
(161, 46, 162, 47)
(45, 160, 46, 161)
(159, 44, 160, 45)
(43, 41, 44, 40)
(39, 50, 40, 51)
(49, 43, 50, 42)
(41, 49, 42, 48)
(23, 31, 24, 30)
(56, 31, 57, 32)
(28, 55, 29, 56)
(27, 190, 28, 191)
(191, 81, 192, 80)
(182, 82, 183, 81)
(82, 184, 83, 183)
(184, 84, 185, 83)
(130, 59, 131, 60)
(60, 63, 61, 64)
(62, 177, 63, 178)
(176, 61, 177, 62)
(129, 65, 130, 64)
(65, 129, 66, 128)
(84, 128, 85, 127)
(85, 70, 86, 71)
(69, 74, 70, 75)
(194, 71, 195, 72)
(126, 193, 127, 194)
(192, 185, 193, 186)
(29, 25, 30, 24)
(117, 123, 118, 122)
(199, 119, 200, 118)
(119, 199, 120, 198)
(197, 121, 198, 120)
(200, 121, 201, 122)
(201, 205, 202, 204)
(202, 115, 203, 116)
(116, 203, 117, 204)
(217, 170, 0, 171)
(172, 170, 173, 169)
(171, 0, 172, 1)
