(102, 6, 103, 5)
(4, 102, 5, 101)
(19, 101, 20, 100)
(20, 25, 21, 26)
(24, 104, 25, 103)
(23, 8, 24, 9)
(9, 6, 10, 7)
(10, 200, 11, 199)
(17, 200, 18, 201)
(18, 4, 19, 3)
(2, 99, 3, 100)
(203, 13, 0, 12)
(11, 97, 12, 96)
(118, 96, 119, 95)
(94, 120, 95, 119)
(114, 93, 115, 94)
(113, 27, 114, 26)
(105, 112, 106, 113)
(21, 104, 22, 105)
(7, 22, 8, 23)
(28, 112, 29, 111)
(110, 30, 111, 29)
(30, 110, 31, 109)
(198, 41, 199, 42)
(42, 123, 43, 124)
(122, 89, 123, 90)
(117, 90, 118, 91)
(91, 120, 92, 121)
(92, 115, 93, 116)
(121, 116, 122, 117)
(107, 88, 108, 89)
(27, 106, 28, 107)
(87, 108, 88, 109)
(40, 197, 41, 198)
(142, 144, 143, 143)
(141, 125, 142, 124)
(43, 140, 44, 141)
(139, 137, 140, 136)
(86, 136, 87, 135)
(157, 135, 158, 134)
(158, 155, 159, 156)
(154, 149, 155, 150)
(150, 31, 151, 32)
(151, 197, 152, 196)
(39, 152, 40, 153)
(153, 164, 154, 165)
(163, 149, 164, 148)
(127, 65, 128, 64)
(128, 125, 129, 126)
(129, 62, 130, 63)
(56, 62, 57, 61)
(57, 44, 58, 45)
(58, 51, 59, 52)
(50, 138, 51, 137)
(138, 50, 139, 49)
(53, 49, 54, 48)
(47, 55, 48, 54)
(55, 47, 56, 46)
(45, 60, 46, 61)
(52, 59, 53, 60)
(83, 130, 84, 131)
(131, 84, 132, 85)
(85, 132, 86, 133)
(133, 157, 134, 156)
(159, 82, 160, 83)
(78, 82, 79, 81)
(79, 163, 80, 162)
(161, 81, 162, 80)
(63, 127, 64, 126)
(77, 160, 78, 161)
(76, 147, 77, 148)
(146, 75, 147, 76)
(145, 145, 146, 144)
(73, 66, 74, 67)
(65, 74, 66, 75)
(67, 73, 68, 72)
(71, 69, 72, 68)
(69, 71, 70, 70)
(32, 166, 33, 165)
(166, 34, 167, 33)
(34, 181, 35, 182)
(180, 35, 181, 36)
(195, 36, 196, 37)
(37, 194, 38, 195)
(193, 38, 194, 39)
(192, 170, 193, 169)
(168, 184, 169, 183)
(182, 168, 183, 167)
(184, 175, 185, 176)
(174, 187, 175, 188)
(177, 188, 178, 189)
(189, 178, 190, 179)
(179, 190, 180, 191)
(170, 192, 171, 191)
(171, 176, 172, 177)
(172, 185, 173, 186)
(186, 173, 187, 174)
(97, 17, 98, 16)
(98, 201, 99, 202)
(15, 203, 16, 202)
(1, 15, 2, 14)
(13, 1, 14, 0)
