(26, 30, 27, 29)
(28, 17, 29, 18)
(18, 27, 19, 28)
(30, 20, 31, 19)
(20, 32, 21, 31)
(25, 32, 26, 33)
(64, 34, 65, 33)
(34, 64, 35, 63)
(62, 36, 63, 35)
(120, 61, 121, 62)
(119, 16, 120, 17)
(65, 203, 66, 202)
(203, 67, 204, 66)
(67, 36, 68, 37)
(53, 68, 54, 69)
(54, 123, 55, 124)
(122, 59, 123, 60)
(60, 121, 61, 122)
(3, 58, 4, 59)
(2, 15, 3, 16)
(1, 13, 2, 12)
(11, 217, 12, 216)
(118, 216, 119, 215)
(191, 197, 192, 196)
(197, 191, 198, 190)
(23, 199, 24, 198)
(199, 23, 200, 22)
(21, 201, 22, 200)
(201, 25, 202, 24)
(189, 215, 190, 214)
(204, 213, 205, 214)
(212, 205, 213, 206)
(209, 207, 210, 206)
(208, 88, 209, 87)
(83, 86, 84, 87)
(82, 43, 83, 44)
(47, 44, 48, 45)
(37, 49, 38, 48)
(49, 39, 50, 38)
(39, 51, 40, 50)
(80, 52, 81, 51)
(52, 80, 53, 79)
(78, 166, 79, 165)
(69, 164, 70, 165)
(72, 164, 73, 163)
(162, 74, 163, 73)
(161, 143, 162, 142)
(141, 138, 142, 139)
(124, 140, 125, 139)
(140, 126, 141, 125)
(137, 127, 138, 126)
(127, 137, 128, 136)
(135, 129, 136, 128)
(159, 134, 160, 135)
(155, 159, 156, 158)
(156, 9, 157, 10)
(5, 8, 6, 9)
(55, 4, 56, 5)
(7, 57, 8, 56)
(57, 7, 58, 6)
(10, 157, 11, 158)
(106, 117, 107, 118)
(105, 170, 106, 171)
(188, 171, 189, 172)
(172, 212, 173, 211)
(210, 174, 211, 173)
(187, 175, 188, 174)
(186, 104, 187, 103)
(102, 90, 103, 89)
(88, 208, 89, 207)
(90, 102, 91, 101)
(91, 84, 92, 85)
(85, 92, 86, 93)
(98, 94, 99, 93)
(94, 98, 95, 97)
(95, 182, 96, 183)
(181, 176, 182, 177)
(42, 81, 43, 82)
(46, 42, 47, 41)
(40, 46, 41, 45)
(76, 71, 77, 72)
(70, 77, 71, 78)
(75, 168, 76, 169)
(169, 74, 170, 75)
(104, 176, 105, 175)
(177, 180, 178, 181)
(179, 178, 180, 179)
(167, 166, 168, 167)
(183, 96, 184, 97)
(99, 184, 100, 185)
(185, 100, 186, 101)
(109, 117, 110, 116)
(145, 111, 146, 110)
(111, 145, 112, 144)
(143, 113, 144, 112)
(113, 151, 114, 150)
(130, 152, 131, 151)
(160, 130, 161, 129)
(152, 134, 153, 133)
(132, 154, 133, 153)
(154, 132, 155, 131)
(149, 115, 150, 114)
(107, 148, 108, 149)
(147, 108, 148, 109)
(115, 147, 116, 146)
(192, 195, 193, 196)
(193, 195, 194, 194)
(217, 15, 0, 14)
(13, 1, 14, 0)
