(204, 60, 205, 59)
(190, 203, 191, 204)
(189, 58, 190, 59)
(57, 188, 58, 189)
(56, 35, 57, 36)
(36, 39, 37, 40)
(3, 38, 4, 39)
(2, 0, 3, 205)
(1, 7, 2, 6)
(8, 6, 9, 5)
(9, 20, 10, 21)
(14, 19, 15, 20)
(68, 13, 69, 14)
(154, 68, 155, 67)
(66, 156, 67, 155)
(65, 61, 66, 60)
(64, 195, 65, 196)
(191, 197, 192, 196)
(197, 203, 198, 202)
(198, 61, 199, 62)
(194, 199, 195, 200)
(63, 200, 64, 201)
(201, 192, 202, 193)
(62, 194, 63, 193)
(156, 54, 157, 53)
(54, 188, 55, 187)
(34, 55, 35, 56)
(33, 187, 34, 186)
(178, 185, 179, 186)
(177, 175, 178, 174)
(173, 30, 174, 31)
(31, 158, 32, 159)
(157, 23, 158, 22)
(40, 21, 41, 22)
(41, 50, 42, 51)
(49, 87, 50, 86)
(144, 86, 145, 85)
(145, 72, 146, 73)
(71, 13, 72, 12)
(16, 11, 17, 12)
(10, 15, 11, 16)
(70, 18, 71, 17)
(18, 70, 19, 69)
(73, 146, 74, 147)
(153, 74, 154, 75)
(75, 140, 76, 141)
(52, 140, 53, 139)
(138, 52, 139, 51)
(137, 43, 138, 42)
(43, 137, 44, 136)
(44, 109, 45, 110)
(108, 45, 109, 46)
(46, 87, 47, 88)
(47, 95, 48, 94)
(95, 49, 96, 48)
(96, 92, 97, 91)
(92, 89, 93, 90)
(88, 99, 89, 100)
(143, 100, 144, 101)
(101, 142, 102, 143)
(80, 142, 81, 141)
(152, 82, 153, 81)
(151, 148, 152, 149)
(149, 85, 150, 84)
(83, 151, 84, 150)
(82, 148, 83, 147)
(79, 77, 80, 76)
(111, 78, 112, 79)
(110, 135, 111, 136)
(134, 122, 135, 121)
(120, 134, 121, 133)
(107, 133, 108, 132)
(126, 131, 127, 132)
(125, 115, 126, 114)
(102, 113, 103, 114)
(77, 112, 78, 113)
(122, 104, 123, 103)
(104, 124, 105, 123)
(124, 106, 125, 105)
(106, 120, 107, 119)
(118, 128, 119, 127)
(128, 118, 129, 117)
(116, 130, 117, 129)
(130, 116, 131, 115)
(98, 93, 99, 94)
(90, 98, 91, 97)
(32, 23, 33, 24)
(167, 25, 168, 24)
(166, 183, 167, 184)
(184, 179, 185, 180)
(180, 175, 181, 176)
(176, 181, 177, 182)
(182, 165, 183, 166)
(164, 29, 165, 30)
(28, 163, 29, 164)
(27, 170, 28, 171)
(160, 172, 161, 171)
(172, 160, 173, 159)
(161, 26, 162, 27)
(25, 169, 26, 168)
(162, 169, 163, 170)
(37, 4, 38, 5)
(7, 1, 8, 0)
