(7, 157, 8, 156)
(155, 9, 156, 8)
(157, 154, 158, 155)
(153, 4, 154, 5)
(5, 61, 6, 60)
(61, 7, 62, 6)
(62, 9, 63, 10)
(144, 63, 145, 64)
(158, 146, 159, 145)
(146, 198, 147, 197)
(17, 199, 18, 198)
(3, 17, 4, 16)
(15, 24, 16, 25)
(25, 153, 26, 152)
(26, 13, 27, 14)
(59, 13, 60, 12)
(11, 142, 12, 143)
(143, 10, 144, 11)
(132, 141, 133, 142)
(70, 70, 71, 69)
(71, 68, 72, 69)
(64, 67, 65, 68)
(195, 67, 196, 66)
(163, 197, 164, 196)
(159, 162, 160, 163)
(161, 160, 162, 161)
(164, 191, 165, 192)
(190, 165, 191, 166)
(166, 189, 167, 190)
(188, 46, 189, 45)
(44, 188, 45, 187)
(186, 44, 187, 43)
(147, 42, 148, 43)
(41, 54, 42, 55)
(55, 40, 56, 41)
(39, 56, 40, 57)
(150, 57, 151, 58)
(151, 15, 152, 14)
(27, 59, 28, 58)
(37, 29, 38, 28)
(36, 136, 37, 135)
(134, 139, 135, 140)
(140, 133, 141, 134)
(138, 31, 139, 32)
(179, 33, 180, 32)
(171, 178, 172, 179)
(175, 170, 176, 171)
(73, 175, 74, 174)
(131, 75, 132, 74)
(75, 131, 76, 130)
(121, 77, 122, 76)
(119, 117, 120, 116)
(120, 113, 121, 114)
(112, 110, 113, 109)
(127, 108, 128, 109)
(126, 129, 127, 130)
(125, 103, 126, 102)
(122, 101, 123, 102)
(100, 85, 101, 86)
(83, 87, 84, 86)
(82, 98, 83, 97)
(93, 96, 94, 97)
(77, 92, 78, 93)
(91, 111, 92, 110)
(111, 91, 112, 90)
(89, 106, 90, 107)
(107, 128, 108, 129)
(105, 88, 106, 89)
(123, 105, 124, 104)
(103, 125, 104, 124)
(98, 88, 99, 87)
(84, 99, 85, 100)
(78, 82, 79, 81)
(94, 80, 95, 79)
(80, 96, 81, 95)
(117, 115, 118, 114)
(115, 119, 116, 118)
(173, 73, 174, 72)
(172, 170, 173, 169)
(193, 169, 194, 168)
(65, 195, 66, 194)
(167, 193, 168, 192)
(176, 178, 177, 177)
(33, 181, 34, 180)
(181, 52, 182, 53)
(51, 182, 52, 183)
(183, 50, 184, 51)
(46, 49, 47, 50)
(185, 49, 186, 48)
(47, 185, 48, 184)
(148, 54, 149, 53)
(149, 39, 150, 38)
(34, 29, 35, 30)
(136, 36, 137, 35)
(30, 137, 31, 138)
(23, 3, 24, 2)
(200, 1, 201, 2)
(199, 19, 200, 18)
(19, 23, 20, 22)
(201, 21, 0, 20)
(21, 1, 22, 0)
