(11, 14, 12, 15)
(15, 12, 16, 13)
(16, 36, 17, 35)
(36, 209, 37, 210)
(183, 209, 184, 208)
(127, 184, 128, 185)
(128, 87, 129, 88)
(86, 138, 87, 137)
(136, 141, 137, 142)
(142, 34, 143, 33)
(34, 10, 35, 9)
(13, 10, 14, 11)
(17, 8, 18, 9)
(7, 211, 8, 210)
(37, 6, 38, 7)
(5, 38, 6, 39)
(182, 39, 183, 40)
(40, 181, 41, 182)
(180, 116, 181, 115)
(114, 180, 115, 179)
(171, 179, 172, 178)
(49, 172, 50, 173)
(53, 51, 54, 50)
(52, 207, 53, 208)
(206, 51, 207, 52)
(126, 206, 127, 205)
(204, 186, 205, 185)
(186, 204, 187, 203)
(58, 187, 59, 188)
(59, 64, 60, 65)
(80, 64, 81, 63)
(104, 81, 105, 82)
(82, 105, 83, 106)
(88, 84, 89, 83)
(131, 85, 132, 84)
(130, 140, 131, 139)
(138, 130, 139, 129)
(85, 140, 86, 141)
(132, 90, 133, 89)
(90, 134, 91, 133)
(134, 32, 135, 31)
(32, 136, 33, 135)
(30, 146, 31, 145)
(23, 144, 24, 145)
(143, 22, 144, 23)
(28, 21, 29, 22)
(18, 27, 19, 28)
(26, 19, 27, 20)
(20, 25, 21, 26)
(29, 25, 30, 24)
(150, 149, 151, 150)
(151, 149, 152, 148)
(147, 153, 148, 152)
(153, 147, 154, 146)
(107, 154, 108, 155)
(1, 108, 2, 109)
(109, 2, 110, 3)
(110, 211, 111, 0)
(4, 111, 5, 112)
(112, 41, 113, 42)
(113, 116, 114, 117)
(176, 117, 177, 118)
(177, 171, 178, 170)
(169, 166, 170, 167)
(167, 49, 168, 48)
(47, 169, 48, 168)
(173, 46, 174, 47)
(45, 120, 46, 121)
(54, 122, 55, 121)
(122, 126, 123, 125)
(200, 123, 201, 124)
(196, 202, 197, 201)
(202, 196, 203, 195)
(194, 57, 195, 58)
(193, 97, 194, 96)
(95, 189, 96, 188)
(101, 95, 102, 94)
(65, 103, 66, 102)
(103, 77, 104, 76)
(60, 78, 61, 77)
(78, 62, 79, 61)
(62, 80, 63, 79)
(75, 93, 76, 92)
(106, 91, 107, 92)
(74, 69, 75, 70)
(155, 71, 156, 70)
(71, 157, 72, 156)
(100, 158, 101, 157)
(99, 190, 100, 191)
(191, 98, 192, 99)
(97, 160, 98, 161)
(161, 42, 162, 43)
(43, 162, 44, 163)
(163, 44, 164, 45)
(164, 176, 165, 175)
(118, 166, 119, 165)
(119, 174, 120, 175)
(192, 160, 193, 159)
(158, 190, 159, 189)
(72, 67, 73, 68)
(93, 67, 94, 66)
(68, 73, 69, 74)
(56, 197, 57, 198)
(198, 55, 199, 56)
(124, 199, 125, 200)
(3, 0, 4, 1)
