(13, 150, 14, 151)
(6, 152, 7, 151)
(14, 5, 15, 6)
(4, 15, 5, 16)
(19, 17, 20, 16)
(199, 19, 200, 18)
(83, 200, 84, 201)
(84, 150, 85, 149)
(85, 94, 86, 95)
(12, 94, 13, 93)
(92, 12, 93, 11)
(89, 11, 90, 10)
(90, 7, 91, 8)
(91, 86, 92, 87)
(87, 9, 88, 8)
(9, 89, 10, 88)
(95, 41, 96, 40)
(41, 154, 42, 155)
(153, 44, 154, 45)
(45, 152, 46, 153)
(46, 21, 47, 22)
(3, 21, 4, 20)
(2, 47, 3, 48)
(48, 198, 49, 197)
(17, 199, 18, 198)
(49, 187, 50, 186)
(187, 202, 188, 203)
(201, 82, 202, 83)
(81, 38, 82, 39)
(39, 149, 40, 148)
(30, 147, 31, 148)
(146, 29, 147, 30)
(144, 146, 145, 145)
(105, 104, 106, 105)
(100, 103, 101, 104)
(99, 163, 100, 162)
(161, 99, 162, 98)
(97, 156, 98, 157)
(157, 96, 158, 97)
(158, 155, 159, 156)
(159, 42, 160, 43)
(43, 160, 44, 161)
(163, 22, 164, 23)
(164, 182, 165, 181)
(182, 192, 183, 191)
(192, 184, 193, 183)
(1, 184, 2, 185)
(185, 197, 186, 196)
(195, 51, 196, 50)
(51, 195, 52, 194)
(52, 203, 53, 0)
(53, 67, 54, 66)
(188, 68, 189, 67)
(68, 56, 69, 55)
(56, 38, 57, 37)
(76, 57, 77, 58)
(80, 77, 81, 78)
(171, 78, 172, 79)
(172, 167, 173, 168)
(166, 179, 167, 180)
(180, 31, 181, 32)
(28, 141, 29, 142)
(27, 24, 28, 25)
(140, 23, 141, 24)
(132, 140, 133, 139)
(138, 134, 139, 133)
(137, 107, 138, 106)
(125, 136, 126, 137)
(117, 125, 118, 124)
(118, 121, 119, 122)
(120, 102, 121, 101)
(102, 120, 103, 119)
(115, 123, 116, 122)
(114, 131, 115, 132)
(130, 113, 131, 114)
(129, 135, 130, 134)
(128, 112, 129, 111)
(110, 108, 111, 107)
(126, 109, 127, 110)
(108, 127, 109, 128)
(112, 136, 113, 135)
(123, 117, 124, 116)
(142, 26, 143, 25)
(26, 144, 27, 143)
(32, 165, 33, 166)
(33, 177, 34, 176)
(177, 35, 178, 34)
(35, 70, 36, 71)
(69, 64, 70, 65)
(65, 191, 66, 190)
(54, 189, 55, 190)
(63, 36, 64, 37)
(62, 71, 63, 72)
(72, 61, 73, 62)
(60, 75, 61, 76)
(74, 59, 75, 60)
(58, 73, 59, 74)
(175, 179, 176, 178)
(174, 169, 175, 170)
(79, 170, 80, 171)
(168, 173, 169, 174)
(193, 1, 194, 0)
