(3, 117, 4, 116)
(115, 3, 116, 2)
(164, 170, 165, 169)
(163, 26, 164, 27)
(27, 4, 28, 5)
(28, 117, 29, 118)
(29, 115, 30, 114)
(207, 201, 0, 200)
(206, 1, 207, 2)
(202, 206, 203, 205)
(168, 203, 169, 204)
(204, 167, 205, 168)
(166, 190, 167, 189)
(188, 166, 189, 165)
(182, 188, 183, 187)
(186, 184, 187, 183)
(185, 174, 186, 175)
(180, 176, 181, 175)
(170, 179, 171, 180)
(178, 25, 179, 26)
(24, 177, 25, 178)
(23, 15, 24, 14)
(10, 13, 11, 14)
(9, 6, 10, 7)
(162, 7, 163, 8)
(8, 161, 9, 162)
(5, 160, 6, 161)
(159, 145, 160, 144)
(140, 144, 141, 143)
(118, 142, 119, 141)
(142, 120, 143, 119)
(120, 139, 121, 140)
(113, 139, 114, 138)
(137, 131, 138, 130)
(106, 130, 107, 129)
(128, 108, 129, 107)
(127, 56, 128, 57)
(57, 126, 58, 127)
(30, 125, 31, 126)
(124, 94, 125, 93)
(92, 152, 93, 151)
(198, 199, 199, 200)
(16, 147, 17, 148)
(190, 15, 191, 16)
(20, 191, 21, 192)
(12, 22, 13, 21)
(22, 12, 23, 11)
(145, 193, 146, 192)
(196, 193, 197, 194)
(148, 197, 149, 198)
(154, 150, 155, 149)
(153, 158, 154, 159)
(87, 152, 88, 153)
(123, 86, 124, 87)
(85, 122, 86, 123)
(121, 84, 122, 85)
(83, 98, 84, 99)
(99, 102, 100, 103)
(101, 112, 102, 113)
(111, 100, 112, 101)
(110, 135, 111, 136)
(131, 137, 132, 136)
(105, 132, 106, 133)
(133, 108, 134, 109)
(103, 135, 104, 134)
(104, 110, 105, 109)
(97, 82, 98, 83)
(79, 96, 80, 97)
(78, 39, 79, 40)
(40, 45, 41, 46)
(44, 41, 45, 42)
(42, 73, 43, 74)
(72, 53, 73, 54)
(59, 54, 60, 55)
(55, 60, 56, 61)
(61, 58, 62, 59)
(62, 71, 63, 72)
(31, 70, 32, 71)
(69, 38, 70, 39)
(77, 69, 78, 68)
(67, 47, 68, 46)
(66, 76, 67, 75)
(74, 43, 75, 44)
(65, 35, 66, 34)
(33, 65, 34, 64)
(52, 64, 53, 63)
(51, 33, 52, 32)
(37, 51, 38, 50)
(49, 37, 50, 36)
(35, 49, 36, 48)
(76, 48, 77, 47)
(95, 80, 96, 81)
(81, 94, 82, 95)
(88, 92, 89, 91)
(89, 156, 90, 157)
(150, 156, 151, 155)
(157, 90, 158, 91)
(194, 17, 195, 18)
(18, 195, 19, 196)
(146, 19, 147, 20)
(176, 171, 177, 172)
(172, 182, 173, 181)
(173, 184, 174, 185)
(201, 1, 202, 0)
