(11, 13, 12, 12)
(203, 11, 204, 10)
(206, 17, 207, 18)
(18, 207, 19, 208)
(208, 19, 209, 20)
(16, 14, 17, 13)
(9, 203, 10, 202)
(201, 126, 202, 127)
(127, 117, 128, 116)
(117, 24, 118, 25)
(20, 23, 21, 24)
(204, 206, 205, 205)
(120, 105, 121, 106)
(104, 125, 105, 126)
(103, 198, 104, 199)
(132, 200, 133, 199)
(200, 132, 201, 131)
(129, 70, 130, 71)
(115, 129, 116, 128)
(25, 114, 26, 115)
(113, 123, 114, 122)
(121, 113, 122, 112)
(108, 21, 109, 22)
(22, 109, 23, 110)
(110, 120, 111, 119)
(106, 112, 107, 111)
(118, 108, 119, 107)
(123, 29, 124, 28)
(29, 125, 30, 124)
(30, 68, 31, 67)
(68, 32, 69, 31)
(32, 74, 33, 73)
(74, 198, 75, 197)
(77, 99, 78, 98)
(144, 100, 145, 99)
(100, 144, 101, 143)
(58, 101, 59, 102)
(102, 59, 103, 60)
(137, 61, 138, 60)
(61, 137, 62, 136)
(133, 63, 134, 62)
(63, 72, 64, 73)
(71, 130, 72, 131)
(69, 64, 70, 65)
(65, 26, 66, 27)
(27, 66, 28, 67)
(175, 134, 176, 135)
(181, 176, 182, 177)
(177, 182, 178, 183)
(183, 178, 184, 179)
(47, 185, 48, 184)
(46, 189, 47, 190)
(190, 33, 191, 34)
(40, 192, 41, 191)
(192, 40, 193, 39)
(193, 197, 194, 196)
(43, 194, 44, 195)
(44, 37, 45, 38)
(36, 35, 37, 36)
(76, 75, 77, 76)
(34, 45, 35, 46)
(38, 41, 39, 42)
(195, 42, 196, 43)
(95, 189, 96, 188)
(96, 167, 97, 168)
(166, 97, 167, 98)
(146, 165, 147, 166)
(78, 145, 79, 146)
(92, 79, 93, 80)
(168, 93, 169, 94)
(169, 143, 170, 142)
(141, 171, 142, 170)
(171, 141, 172, 140)
(139, 173, 140, 172)
(57, 139, 58, 138)
(56, 173, 57, 174)
(135, 174, 136, 175)
(50, 55, 51, 56)
(180, 50, 181, 49)
(48, 180, 49, 179)
(54, 51, 55, 52)
(185, 53, 186, 52)
(53, 187, 54, 186)
(187, 95, 188, 94)
(147, 81, 148, 80)
(81, 165, 82, 164)
(163, 83, 164, 82)
(83, 163, 84, 162)
(151, 85, 152, 84)
(155, 150, 156, 151)
(149, 154, 150, 155)
(91, 149, 92, 148)
(157, 91, 158, 90)
(89, 159, 90, 158)
(159, 89, 160, 88)
(87, 161, 88, 160)
(161, 87, 162, 86)
(85, 153, 86, 152)
(156, 154, 157, 153)
(209, 8, 0, 9)
(4, 7, 5, 8)
(14, 3, 15, 4)
(2, 15, 3, 16)
(1, 7, 2, 6)
(5, 1, 6, 0)
