(216, 134, 217, 133)
(134, 216, 135, 215)
(132, 135, 133, 136)
(136, 131, 137, 132)
(69, 131, 70, 130)
(70, 81, 71, 82)
(80, 73, 81, 74)
(219, 75, 220, 74)
(29, 219, 30, 218)
(217, 31, 218, 30)
(82, 31, 83, 32)
(83, 215, 84, 214)
(84, 137, 85, 138)
(85, 129, 86, 128)
(129, 69, 130, 68)
(32, 67, 33, 68)
(66, 207, 67, 208)
(213, 208, 214, 209)
(140, 210, 141, 209)
(210, 140, 211, 139)
(138, 212, 139, 211)
(212, 142, 213, 141)
(45, 143, 46, 142)
(195, 45, 196, 44)
(43, 197, 44, 196)
(197, 43, 198, 42)
(97, 198, 98, 199)
(98, 128, 99, 127)
(92, 100, 93, 99)
(100, 92, 101, 91)
(101, 86, 102, 87)
(102, 119, 103, 120)
(118, 95, 119, 96)
(199, 96, 200, 97)
(33, 201, 34, 200)
(201, 35, 202, 34)
(35, 203, 36, 202)
(178, 203, 179, 204)
(206, 179, 207, 180)
(49, 180, 50, 181)
(50, 155, 51, 156)
(154, 51, 155, 52)
(52, 59, 53, 60)
(63, 59, 64, 58)
(145, 65, 146, 64)
(65, 145, 66, 144)
(143, 47, 144, 46)
(47, 191, 48, 190)
(40, 191, 41, 192)
(194, 41, 195, 42)
(193, 172, 194, 173)
(173, 170, 174, 171)
(169, 174, 170, 175)
(164, 176, 165, 175)
(176, 164, 177, 163)
(36, 178, 37, 177)
(162, 38, 163, 37)
(161, 205, 162, 204)
(205, 161, 206, 160)
(48, 160, 49, 159)
(158, 151, 159, 152)
(152, 157, 153, 158)
(181, 156, 182, 157)
(153, 182, 154, 183)
(60, 184, 61, 183)
(55, 184, 56, 185)
(56, 53, 57, 54)
(57, 63, 58, 62)
(61, 186, 62, 187)
(146, 188, 147, 187)
(149, 189, 150, 188)
(189, 149, 190, 148)
(150, 148, 151, 147)
(185, 54, 186, 55)
(38, 167, 39, 168)
(166, 39, 167, 40)
(165, 168, 166, 169)
(171, 192, 172, 193)
(117, 126, 118, 127)
(93, 116, 94, 117)
(115, 89, 116, 88)
(90, 88, 91, 87)
(89, 115, 90, 114)
(113, 108, 114, 109)
(109, 120, 110, 121)
(121, 110, 122, 111)
(103, 123, 104, 122)
(106, 123, 107, 124)
(124, 107, 125, 108)
(125, 95, 126, 94)
(112, 106, 113, 105)
(104, 112, 105, 111)
(221, 29, 222, 28)
(78, 71, 79, 72)
(72, 79, 73, 80)
(75, 221, 76, 220)
(76, 28, 77, 27)
(222, 78, 223, 77)
(223, 22, 224, 23)
(21, 224, 22, 225)
(225, 20, 226, 21)
(19, 24, 20, 25)
(230, 25, 231, 26)
(4, 231, 5, 232)
(232, 5, 233, 6)
(6, 3, 7, 4)
(2, 0, 3, 233)
(1, 8, 2, 9)
(26, 9, 27, 10)
(10, 229, 11, 230)
(228, 13, 229, 14)
(14, 227, 15, 228)
(23, 226, 24, 227)
(15, 19, 16, 18)
(11, 17, 12, 16)
(17, 13, 18, 12)
(7, 0, 8, 1)
