(96, 92, 97, 91)
(92, 96, 93, 95)
(93, 89, 94, 88)
(89, 107, 90, 106)
(107, 91, 108, 90)
(43, 104, 44, 105)
(42, 100, 43, 99)
(98, 49, 99, 50)
(50, 97, 51, 98)
(51, 132, 52, 133)
(86, 132, 87, 131)
(87, 95, 88, 94)
(130, 70, 131, 69)
(68, 161, 69, 162)
(125, 163, 126, 162)
(181, 124, 182, 125)
(123, 180, 124, 181)
(179, 122, 180, 123)
(121, 178, 122, 179)
(120, 117, 121, 118)
(118, 111, 119, 112)
(109, 39, 110, 38)
(108, 105, 109, 106)
(46, 40, 47, 39)
(45, 103, 46, 102)
(101, 45, 102, 44)
(103, 101, 104, 100)
(40, 48, 41, 47)
(48, 42, 49, 41)
(60, 59, 61, 60)
(58, 145, 59, 146)
(146, 57, 147, 58)
(56, 137, 57, 138)
(138, 139, 139, 140)
(135, 141, 136, 140)
(53, 134, 54, 135)
(133, 52, 134, 53)
(141, 54, 142, 55)
(65, 142, 66, 143)
(151, 66, 152, 67)
(152, 128, 153, 127)
(128, 73, 129, 74)
(83, 73, 84, 72)
(71, 85, 72, 84)
(85, 71, 86, 70)
(129, 83, 130, 82)
(156, 82, 157, 81)
(157, 78, 158, 79)
(77, 158, 78, 159)
(159, 76, 160, 77)
(75, 160, 76, 161)
(153, 74, 154, 75)
(154, 80, 155, 79)
(80, 156, 81, 155)
(126, 67, 127, 68)
(63, 150, 64, 151)
(149, 62, 150, 63)
(61, 148, 62, 149)
(144, 148, 145, 147)
(143, 64, 144, 65)
(136, 55, 137, 56)
(193, 199, 194, 198)
(194, 228, 195, 227)
(171, 229, 172, 228)
(170, 164, 171, 163)
(2, 170, 3, 169)
(3, 188, 4, 189)
(184, 187, 185, 188)
(186, 183, 187, 184)
(182, 185, 183, 186)
(16, 203, 17, 204)
(177, 203, 178, 202)
(28, 202, 29, 201)
(29, 34, 30, 35)
(33, 30, 34, 31)
(31, 117, 32, 116)
(115, 33, 116, 32)
(113, 114, 114, 115)
(112, 119, 113, 120)
(110, 35, 111, 36)
(37, 36, 38, 37)
(199, 219, 200, 218)
(190, 219, 191, 220)
(220, 191, 221, 192)
(192, 221, 193, 222)
(225, 222, 226, 223)
(197, 226, 198, 227)
(196, 223, 197, 224)
(224, 195, 225, 196)
(172, 189, 173, 190)
(173, 26, 174, 27)
(208, 25, 209, 26)
(207, 11, 208, 10)
(9, 207, 10, 206)
(14, 206, 15, 205)
(4, 16, 5, 15)
(204, 6, 205, 5)
(21, 6, 22, 7)
(22, 17, 23, 18)
(212, 24, 213, 23)
(211, 176, 212, 177)
(215, 211, 216, 210)
(27, 216, 28, 217)
(217, 201, 218, 200)
(209, 175, 210, 174)
(175, 214, 176, 215)
(24, 214, 25, 213)
(11, 19, 12, 18)
(19, 13, 20, 12)
(13, 9, 14, 8)
(7, 20, 8, 21)
(235, 168, 0, 169)
(167, 234, 168, 235)
(166, 230, 167, 229)
(230, 166, 231, 165)
(164, 232, 165, 231)
(1, 232, 2, 233)
(233, 0, 234, 1)
