(187, 48, 188, 49)
(217, 189, 218, 188)
(91, 216, 92, 217)
(215, 90, 216, 91)
(89, 214, 90, 215)
(88, 47, 89, 48)
(87, 184, 88, 185)
(185, 86, 186, 87)
(85, 186, 86, 187)
(84, 50, 85, 49)
(50, 84, 51, 83)
(51, 220, 52, 221)
(54, 220, 55, 219)
(218, 56, 219, 55)
(56, 75, 57, 76)
(71, 75, 72, 74)
(1, 72, 2, 73)
(223, 3, 0, 2)
(222, 79, 223, 80)
(80, 28, 81, 27)
(28, 212, 29, 211)
(189, 213, 190, 212)
(92, 214, 93, 213)
(190, 93, 191, 94)
(46, 191, 47, 192)
(192, 202, 193, 201)
(202, 194, 203, 193)
(181, 194, 182, 195)
(182, 138, 183, 137)
(138, 184, 139, 183)
(139, 209, 140, 208)
(209, 119, 210, 118)
(130, 120, 131, 119)
(120, 130, 121, 129)
(24, 121, 25, 122)
(82, 25, 83, 26)
(26, 17, 27, 18)
(16, 222, 17, 221)
(65, 63, 66, 62)
(61, 53, 62, 52)
(53, 61, 54, 60)
(59, 65, 60, 64)
(63, 59, 64, 58)
(76, 57, 77, 58)
(77, 71, 78, 70)
(78, 3, 79, 4)
(4, 68, 5, 67)
(68, 6, 69, 5)
(6, 12, 7, 11)
(12, 8, 13, 7)
(8, 14, 9, 13)
(15, 15, 16, 14)
(69, 66, 70, 67)
(9, 10, 10, 11)
(18, 81, 19, 82)
(131, 211, 132, 210)
(141, 132, 142, 133)
(142, 29, 143, 30)
(143, 167, 144, 166)
(167, 94, 168, 95)
(101, 168, 102, 169)
(102, 173, 103, 174)
(172, 103, 173, 104)
(177, 104, 178, 105)
(45, 178, 46, 179)
(206, 180, 207, 179)
(205, 198, 206, 199)
(199, 204, 200, 205)
(203, 200, 204, 201)
(180, 198, 181, 197)
(196, 135, 197, 136)
(136, 195, 137, 196)
(207, 135, 208, 134)
(116, 134, 117, 133)
(140, 118, 141, 117)
(115, 164, 116, 165)
(30, 166, 31, 165)
(31, 150, 32, 151)
(149, 145, 150, 144)
(153, 148, 154, 149)
(161, 153, 162, 152)
(162, 36, 163, 35)
(41, 37, 42, 36)
(40, 100, 41, 99)
(95, 98, 96, 99)
(38, 97, 39, 98)
(37, 100, 38, 101)
(96, 39, 97, 40)
(42, 112, 43, 111)
(112, 44, 113, 43)
(44, 109, 45, 110)
(108, 105, 109, 106)
(169, 107, 170, 106)
(175, 174, 176, 175)
(176, 172, 177, 171)
(107, 171, 108, 170)
(110, 114, 111, 113)
(163, 114, 164, 115)
(151, 34, 152, 35)
(33, 158, 34, 159)
(159, 32, 160, 33)
(160, 157, 161, 158)
(145, 156, 146, 157)
(155, 146, 156, 147)
(147, 154, 148, 155)
(128, 125, 129, 126)
(126, 21, 127, 22)
(23, 21, 24, 20)
(122, 19, 123, 20)
(123, 124, 124, 125)
(22, 127, 23, 128)
(73, 0, 74, 1)
