(72, 69, 73, 70)
(70, 63, 71, 64)
(83, 63, 84, 62)
(73, 85, 74, 84)
(85, 75, 86, 74)
(24, 75, 25, 76)
(14, 25, 15, 26)
(26, 15, 27, 16)
(68, 27, 69, 28)
(28, 67, 29, 68)
(19, 67, 20, 66)
(65, 21, 66, 20)
(64, 71, 65, 72)
(21, 8, 22, 9)
(7, 80, 8, 81)
(81, 156, 82, 157)
(155, 82, 156, 83)
(154, 152, 155, 151)
(150, 61, 151, 62)
(149, 35, 150, 34)
(33, 87, 34, 86)
(32, 80, 33, 79)
(78, 23, 79, 24)
(77, 12, 78, 13)
(13, 76, 14, 77)
(11, 17, 12, 16)
(10, 30, 11, 29)
(9, 18, 10, 19)
(30, 18, 31, 17)
(22, 32, 23, 31)
(87, 158, 88, 159)
(157, 6, 158, 7)
(96, 6, 97, 5)
(210, 97, 211, 98)
(214, 212, 215, 211)
(213, 153, 214, 152)
(153, 213, 154, 212)
(98, 215, 99, 216)
(99, 61, 100, 60)
(100, 35, 101, 36)
(56, 102, 57, 101)
(44, 56, 45, 55)
(45, 123, 46, 122)
(108, 123, 109, 124)
(109, 149, 110, 148)
(110, 192, 111, 191)
(205, 192, 206, 193)
(206, 186, 207, 185)
(186, 208, 187, 207)
(161, 209, 162, 208)
(91, 161, 92, 160)
(159, 93, 160, 92)
(2, 94, 3, 93)
(94, 2, 95, 1)
(88, 96, 89, 95)
(4, 89, 5, 90)
(219, 91, 0, 90)
(209, 219, 210, 218)
(58, 218, 59, 217)
(216, 60, 217, 59)
(57, 37, 58, 36)
(37, 102, 38, 103)
(38, 44, 39, 43)
(54, 39, 55, 40)
(40, 119, 41, 120)
(121, 119, 122, 118)
(117, 53, 118, 52)
(104, 52, 105, 51)
(48, 106, 49, 105)
(106, 48, 107, 47)
(46, 108, 47, 107)
(49, 114, 50, 115)
(113, 125, 114, 124)
(112, 189, 113, 190)
(147, 190, 148, 191)
(111, 146, 112, 147)
(202, 145, 203, 146)
(201, 204, 202, 205)
(200, 127, 201, 128)
(193, 129, 194, 128)
(176, 129, 177, 130)
(180, 177, 181, 178)
(181, 185, 182, 184)
(139, 182, 140, 183)
(163, 141, 164, 140)
(162, 188, 163, 187)
(125, 189, 126, 188)
(143, 126, 144, 127)
(144, 203, 145, 204)
(142, 173, 143, 174)
(174, 200, 175, 199)
(194, 176, 195, 175)
(195, 198, 196, 199)
(197, 168, 198, 169)
(132, 169, 133, 170)
(130, 134, 131, 133)
(165, 135, 166, 134)
(135, 165, 136, 164)
(179, 136, 180, 137)
(137, 178, 138, 179)
(183, 138, 184, 139)
(171, 166, 172, 167)
(172, 141, 173, 142)
(167, 196, 168, 197)
(170, 131, 171, 132)
(115, 50, 116, 51)
(103, 117, 104, 116)
(42, 53, 43, 54)
(120, 41, 121, 42)
(3, 1, 4, 0)
