(180, 50, 181, 49)
(50, 190, 51, 189)
(79, 191, 80, 190)
(87, 79, 88, 78)
(88, 180, 89, 179)
(178, 90, 179, 89)
(164, 178, 165, 177)
(165, 95, 166, 94)
(122, 95, 123, 96)
(120, 124, 121, 123)
(124, 120, 125, 119)
(125, 58, 126, 59)
(57, 48, 58, 49)
(52, 184, 53, 183)
(188, 52, 189, 51)
(218, 187, 219, 188)
(217, 222, 218, 223)
(223, 216, 224, 217)
(215, 198, 216, 199)
(199, 196, 200, 197)
(195, 83, 196, 82)
(81, 192, 82, 193)
(193, 80, 194, 81)
(194, 191, 195, 192)
(202, 83, 203, 84)
(86, 203, 87, 204)
(204, 158, 205, 157)
(158, 206, 159, 205)
(206, 162, 207, 161)
(162, 78, 163, 77)
(90, 164, 91, 163)
(76, 92, 77, 91)
(92, 76, 93, 75)
(176, 93, 177, 94)
(175, 75, 176, 74)
(168, 73, 169, 74)
(114, 167, 115, 168)
(166, 113, 167, 114)
(112, 117, 113, 118)
(97, 119, 98, 118)
(96, 121, 97, 122)
(59, 99, 60, 98)
(99, 61, 100, 60)
(61, 103, 62, 102)
(110, 104, 111, 103)
(109, 137, 110, 136)
(2, 136, 3, 135)
(3, 126, 4, 127)
(127, 4, 128, 5)
(128, 131, 129, 132)
(13, 131, 14, 130)
(14, 42, 15, 41)
(42, 54, 43, 53)
(54, 44, 55, 43)
(44, 56, 45, 55)
(47, 56, 48, 57)
(46, 45, 47, 46)
(182, 181, 183, 182)
(184, 221, 185, 222)
(220, 185, 221, 186)
(186, 219, 187, 220)
(228, 0, 229, 229)
(224, 227, 225, 228)
(1, 227, 2, 226)
(207, 140, 208, 141)
(208, 214, 209, 213)
(197, 214, 198, 215)
(142, 209, 143, 210)
(146, 143, 147, 144)
(150, 148, 151, 147)
(200, 149, 201, 150)
(148, 201, 149, 202)
(154, 152, 155, 151)
(153, 85, 154, 84)
(85, 153, 86, 152)
(160, 156, 161, 155)
(156, 160, 157, 159)
(144, 212, 145, 211)
(212, 141, 213, 142)
(210, 146, 211, 145)
(64, 111, 65, 112)
(174, 65, 175, 66)
(66, 173, 67, 174)
(69, 173, 70, 172)
(70, 169, 71, 170)
(170, 71, 171, 72)
(72, 171, 73, 172)
(68, 116, 69, 115)
(116, 68, 117, 67)
(63, 101, 64, 100)
(101, 63, 102, 62)
(104, 139, 105, 140)
(107, 138, 108, 139)
(137, 106, 138, 107)
(105, 108, 106, 109)
(5, 134, 6, 135)
(132, 17, 133, 18)
(16, 11, 17, 12)
(129, 13, 130, 12)
(40, 16, 41, 15)
(10, 30, 11, 29)
(28, 8, 29, 7)
(39, 7, 40, 6)
(18, 133, 19, 134)
(38, 20, 39, 19)
(30, 37, 31, 38)
(36, 25, 37, 26)
(26, 10, 27, 9)
(8, 28, 9, 27)
(21, 33, 22, 32)
(31, 21, 32, 20)
(24, 33, 25, 34)
(34, 23, 35, 24)
(22, 35, 23, 36)
(225, 1, 226, 0)
