(130, 108, 131, 107)
(186, 132, 187, 131)
(179, 9, 180, 8)
(198, 7, 199, 8)
(6, 197, 7, 198)
(2, 5, 3, 6)
(1, 224, 2, 225)
(225, 222, 0, 223)
(218, 222, 219, 221)
(219, 108, 220, 109)
(109, 220, 110, 221)
(111, 111, 112, 110)
(106, 130, 107, 129)
(133, 128, 134, 129)
(132, 188, 133, 187)
(182, 183, 183, 184)
(185, 181, 186, 180)
(143, 188, 144, 189)
(189, 144, 190, 145)
(190, 9, 191, 10)
(191, 195, 192, 194)
(172, 195, 173, 196)
(173, 177, 174, 176)
(177, 200, 178, 201)
(199, 178, 200, 179)
(201, 175, 202, 174)
(175, 203, 176, 202)
(203, 197, 204, 196)
(204, 54, 205, 53)
(207, 54, 208, 55)
(55, 208, 56, 209)
(56, 61, 57, 62)
(60, 57, 61, 58)
(3, 59, 4, 58)
(59, 5, 60, 4)
(62, 210, 63, 209)
(210, 218, 211, 217)
(100, 211, 101, 212)
(44, 102, 45, 101)
(104, 44, 105, 43)
(105, 112, 106, 113)
(120, 113, 121, 114)
(121, 148, 122, 149)
(147, 122, 148, 123)
(123, 146, 124, 147)
(145, 124, 146, 125)
(125, 134, 126, 135)
(139, 127, 140, 126)
(127, 139, 128, 138)
(137, 140, 138, 141)
(141, 136, 142, 137)
(135, 142, 136, 143)
(10, 150, 11, 149)
(150, 12, 151, 11)
(12, 152, 13, 151)
(152, 170, 153, 169)
(193, 170, 194, 171)
(171, 192, 172, 193)
(68, 154, 69, 153)
(67, 50, 68, 51)
(206, 52, 207, 51)
(52, 206, 53, 205)
(63, 66, 64, 67)
(65, 215, 66, 214)
(216, 214, 217, 213)
(212, 99, 213, 100)
(49, 98, 50, 99)
(97, 48, 98, 49)
(47, 96, 48, 97)
(46, 104, 47, 103)
(102, 46, 103, 45)
(95, 154, 96, 155)
(158, 155, 159, 156)
(159, 40, 160, 41)
(39, 42, 40, 43)
(38, 31, 39, 32)
(32, 37, 33, 38)
(36, 33, 37, 34)
(34, 81, 35, 82)
(117, 80, 118, 81)
(116, 119, 117, 120)
(78, 115, 79, 116)
(114, 77, 115, 78)
(76, 72, 77, 71)
(13, 70, 14, 71)
(69, 168, 70, 169)
(167, 165, 168, 164)
(94, 164, 95, 163)
(162, 157, 163, 158)
(156, 161, 157, 162)
(41, 160, 42, 161)
(90, 93, 91, 94)
(89, 19, 90, 18)
(17, 89, 18, 88)
(30, 88, 31, 87)
(82, 35, 83, 36)
(29, 17, 30, 16)
(15, 29, 16, 28)
(79, 118, 80, 119)
(20, 28, 21, 27)
(26, 22, 27, 21)
(72, 25, 73, 26)
(24, 73, 25, 74)
(74, 23, 75, 24)
(22, 75, 23, 76)
(14, 19, 15, 20)
(85, 84, 86, 85)
(86, 84, 87, 83)
(92, 166, 93, 165)
(166, 92, 167, 91)
(215, 65, 216, 64)
(184, 181, 185, 182)
(223, 0, 224, 1)
