(126, 127, 127, 128)
(35, 128, 36, 129)
(36, 47, 37, 48)
(32, 33, 33, 34)
(34, 126, 35, 125)
(124, 130, 125, 129)
(48, 123, 49, 124)
(122, 40, 123, 39)
(38, 119, 39, 120)
(120, 37, 121, 38)
(121, 118, 122, 119)
(40, 118, 41, 117)
(134, 41, 135, 42)
(30, 135, 31, 136)
(31, 47, 32, 46)
(45, 29, 46, 28)
(130, 27, 131, 28)
(26, 186, 27, 185)
(173, 184, 174, 185)
(75, 173, 76, 172)
(76, 103, 77, 104)
(205, 103, 206, 102)
(115, 206, 116, 207)
(49, 117, 50, 116)
(139, 51, 140, 50)
(138, 133, 139, 134)
(42, 137, 43, 138)
(136, 29, 137, 30)
(43, 132, 44, 133)
(131, 44, 132, 45)
(51, 209, 52, 208)
(209, 224, 210, 225)
(223, 210, 224, 211)
(211, 216, 212, 217)
(64, 216, 65, 215)
(230, 65, 231, 66)
(190, 0, 191, 231)
(2, 189, 3, 190)
(188, 1, 189, 2)
(187, 4, 188, 5)
(5, 186, 6, 187)
(12, 20, 13, 19)
(23, 20, 24, 21)
(175, 25, 176, 24)
(25, 175, 26, 174)
(176, 22, 177, 21)
(22, 178, 23, 177)
(183, 178, 184, 179)
(179, 182, 180, 183)
(181, 72, 182, 73)
(73, 88, 74, 89)
(87, 74, 88, 75)
(86, 91, 87, 92)
(92, 85, 93, 86)
(84, 81, 85, 82)
(82, 170, 83, 169)
(105, 170, 106, 171)
(171, 106, 172, 107)
(107, 104, 108, 105)
(79, 109, 80, 108)
(203, 79, 204, 78)
(77, 205, 78, 204)
(109, 203, 110, 202)
(110, 160, 111, 159)
(113, 160, 114, 161)
(114, 102, 115, 101)
(197, 100, 198, 101)
(196, 146, 197, 145)
(144, 228, 145, 227)
(226, 142, 227, 141)
(140, 208, 141, 207)
(225, 53, 226, 52)
(53, 218, 54, 219)
(217, 222, 218, 223)
(58, 221, 59, 222)
(220, 57, 221, 58)
(219, 62, 220, 63)
(63, 212, 64, 213)
(142, 213, 143, 214)
(214, 143, 215, 144)
(61, 57, 62, 56)
(55, 61, 56, 60)
(59, 55, 60, 54)
(228, 195, 229, 196)
(194, 229, 195, 230)
(66, 193, 67, 194)
(192, 67, 193, 68)
(68, 191, 69, 192)
(69, 11, 70, 10)
(11, 6, 12, 7)
(71, 180, 72, 181)
(70, 7, 71, 8)
(90, 155, 91, 156)
(156, 164, 157, 163)
(164, 96, 165, 95)
(96, 166, 97, 165)
(166, 93, 167, 94)
(80, 167, 81, 168)
(168, 84, 169, 83)
(94, 98, 95, 97)
(98, 158, 99, 157)
(201, 158, 202, 159)
(111, 200, 112, 201)
(199, 112, 200, 113)
(198, 162, 199, 161)
(99, 162, 100, 163)
(148, 154, 149, 153)
(152, 150, 153, 149)
(151, 150, 152, 151)
(8, 148, 9, 147)
(146, 10, 147, 9)
(154, 89, 155, 90)
(15, 19, 16, 18)
(13, 17, 14, 16)
(17, 15, 18, 14)
(3, 1, 4, 0)
