(196, 117, 197, 118)
(116, 197, 117, 198)
(198, 115, 199, 116)
(93, 115, 94, 114)
(94, 196, 95, 195)
(95, 149, 96, 148)
(149, 144, 150, 145)
(143, 123, 144, 122)
(121, 9, 122, 8)
(7, 119, 8, 118)
(1, 7, 2, 6)
(233, 3, 0, 2)
(232, 15, 233, 16)
(163, 16, 164, 17)
(229, 165, 230, 164)
(217, 228, 218, 229)
(177, 217, 178, 216)
(178, 92, 179, 91)
(92, 199, 93, 200)
(200, 180, 201, 179)
(180, 183, 181, 184)
(182, 113, 183, 114)
(112, 181, 113, 182)
(111, 100, 112, 101)
(101, 105, 102, 104)
(194, 105, 195, 106)
(106, 193, 107, 194)
(192, 107, 193, 108)
(108, 148, 109, 147)
(146, 110, 147, 109)
(145, 97, 146, 96)
(97, 126, 98, 127)
(125, 135, 126, 134)
(133, 125, 134, 124)
(123, 151, 124, 150)
(151, 141, 152, 140)
(141, 159, 142, 158)
(159, 143, 160, 142)
(9, 161, 10, 160)
(161, 15, 162, 14)
(231, 162, 232, 163)
(230, 18, 231, 17)
(18, 219, 19, 220)
(165, 218, 166, 219)
(227, 166, 228, 167)
(175, 215, 176, 214)
(215, 177, 216, 176)
(213, 34, 214, 35)
(35, 204, 36, 205)
(203, 90, 204, 91)
(202, 222, 203, 221)
(220, 202, 221, 201)
(225, 222, 226, 223)
(19, 227, 20, 226)
(207, 20, 208, 21)
(173, 175, 174, 174)
(172, 169, 173, 170)
(170, 167, 171, 168)
(168, 171, 169, 172)
(208, 34, 209, 33)
(48, 210, 49, 209)
(210, 48, 211, 47)
(78, 211, 79, 212)
(212, 79, 213, 80)
(80, 205, 81, 206)
(36, 82, 37, 81)
(82, 85, 83, 86)
(89, 85, 90, 84)
(83, 89, 84, 88)
(87, 224, 88, 225)
(223, 86, 224, 87)
(206, 37, 207, 38)
(38, 44, 39, 43)
(31, 44, 32, 45)
(21, 33, 22, 32)
(22, 49, 23, 50)
(52, 55, 53, 56)
(54, 63, 55, 64)
(77, 64, 78, 65)
(42, 65, 43, 66)
(66, 73, 67, 74)
(72, 67, 73, 68)
(39, 69, 40, 68)
(69, 77, 70, 76)
(70, 42, 71, 41)
(74, 72, 75, 71)
(75, 40, 76, 41)
(62, 53, 63, 54)
(58, 61, 59, 62)
(57, 30, 58, 31)
(27, 56, 28, 57)
(26, 26, 27, 25)
(24, 46, 25, 45)
(50, 23, 51, 24)
(46, 51, 47, 52)
(28, 59, 29, 60)
(60, 29, 61, 30)
(186, 14, 187, 13)
(184, 188, 185, 187)
(99, 188, 100, 189)
(110, 189, 111, 190)
(190, 104, 191, 103)
(102, 192, 103, 191)
(127, 98, 128, 99)
(128, 135, 129, 136)
(129, 133, 130, 132)
(137, 131, 138, 130)
(139, 137, 140, 136)
(131, 139, 132, 138)
(12, 186, 13, 185)
(11, 155, 12, 154)
(156, 154, 157, 153)
(152, 158, 153, 157)
(155, 11, 156, 10)
(120, 3, 121, 4)
(4, 119, 5, 120)
(5, 1, 6, 0)
