(84, 59, 85, 60)
(83, 5, 84, 4)
(3, 215, 4, 214)
(213, 53, 214, 52)
(51, 213, 52, 212)
(211, 11, 212, 10)
(9, 211, 10, 210)
(209, 9, 210, 8)
(7, 61, 8, 60)
(6, 57, 7, 58)
(58, 85, 59, 86)
(5, 87, 6, 86)
(56, 88, 57, 87)
(55, 66, 56, 67)
(67, 83, 68, 82)
(68, 218, 69, 217)
(215, 219, 216, 218)
(2, 219, 3, 220)
(220, 80, 221, 79)
(80, 27, 81, 28)
(53, 26, 54, 27)
(25, 41, 26, 40)
(50, 40, 51, 39)
(11, 38, 12, 39)
(92, 62, 93, 61)
(88, 91, 89, 92)
(63, 91, 64, 90)
(93, 64, 94, 65)
(65, 94, 66, 95)
(208, 96, 209, 95)
(186, 208, 187, 207)
(206, 188, 207, 187)
(172, 205, 173, 206)
(204, 171, 205, 172)
(203, 198, 204, 199)
(199, 202, 200, 203)
(32, 202, 33, 201)
(30, 34, 31, 33)
(54, 30, 55, 29)
(28, 81, 29, 82)
(34, 47, 35, 48)
(41, 46, 42, 47)
(45, 42, 46, 43)
(18, 43, 19, 44)
(16, 20, 17, 19)
(24, 16, 25, 15)
(14, 24, 15, 23)
(22, 14, 23, 13)
(12, 49, 13, 50)
(37, 49, 38, 48)
(89, 63, 90, 62)
(102, 161, 103, 162)
(165, 162, 166, 163)
(195, 167, 196, 166)
(194, 183, 195, 184)
(189, 185, 190, 184)
(185, 189, 186, 188)
(177, 190, 178, 191)
(191, 178, 192, 179)
(192, 173, 193, 174)
(182, 193, 183, 194)
(181, 174, 182, 175)
(175, 180, 176, 181)
(179, 176, 180, 177)
(167, 197, 168, 196)
(170, 197, 171, 198)
(169, 164, 170, 165)
(163, 168, 164, 169)
(158, 101, 159, 102)
(100, 157, 101, 158)
(142, 99, 143, 100)
(96, 141, 97, 142)
(144, 97, 145, 98)
(145, 156, 146, 157)
(140, 156, 141, 155)
(149, 154, 150, 155)
(148, 112, 149, 111)
(103, 110, 104, 111)
(160, 105, 161, 106)
(106, 159, 107, 160)
(107, 104, 108, 105)
(108, 110, 109, 109)
(126, 148, 127, 147)
(146, 128, 147, 127)
(128, 140, 129, 139)
(136, 129, 137, 130)
(137, 116, 138, 117)
(115, 151, 116, 150)
(151, 115, 152, 114)
(113, 153, 114, 152)
(153, 113, 154, 112)
(125, 138, 126, 139)
(124, 120, 125, 119)
(135, 119, 136, 118)
(130, 117, 131, 118)
(120, 132, 121, 131)
(132, 124, 133, 123)
(122, 134, 123, 133)
(134, 122, 135, 121)
(98, 143, 99, 144)
(21, 36, 22, 37)
(35, 20, 36, 21)
(44, 17, 45, 18)
(200, 32, 201, 31)
(74, 221, 75, 0)
(75, 70, 76, 71)
(216, 70, 217, 69)
(1, 76, 2, 77)
(77, 73, 78, 72)
(73, 79, 74, 78)
(71, 1, 72, 0)
