(23, 8, 24, 9)
(9, 20, 10, 21)
(128, 226, 129, 225)
(226, 128, 227, 127)
(2, 227, 3, 0)
(3, 24, 4, 25)
(25, 4, 26, 5)
(26, 8, 27, 7)
(132, 27, 133, 28)
(202, 134, 203, 133)
(134, 202, 135, 201)
(135, 215, 136, 214)
(215, 195, 216, 194)
(195, 23, 196, 22)
(21, 197, 22, 196)
(216, 197, 217, 198)
(145, 117, 146, 116)
(115, 145, 116, 144)
(143, 120, 144, 121)
(10, 122, 11, 121)
(122, 14, 123, 13)
(14, 222, 15, 221)
(17, 223, 18, 222)
(223, 17, 224, 16)
(19, 224, 20, 225)
(130, 129, 131, 130)
(131, 127, 132, 126)
(125, 205, 126, 204)
(28, 203, 29, 204)
(29, 207, 30, 206)
(207, 187, 208, 186)
(187, 201, 188, 200)
(191, 188, 192, 189)
(213, 192, 214, 193)
(193, 136, 194, 137)
(198, 138, 199, 137)
(138, 34, 139, 33)
(34, 217, 35, 218)
(37, 38, 38, 39)
(112, 40, 113, 39)
(111, 177, 112, 176)
(98, 175, 99, 176)
(88, 90, 89, 89)
(146, 87, 147, 88)
(86, 147, 87, 148)
(148, 75, 149, 76)
(57, 74, 58, 75)
(56, 47, 57, 48)
(117, 49, 118, 48)
(114, 119, 115, 120)
(113, 178, 114, 179)
(182, 179, 183, 180)
(218, 183, 219, 184)
(140, 219, 141, 220)
(141, 12, 142, 13)
(11, 142, 12, 143)
(123, 221, 124, 220)
(205, 125, 206, 124)
(139, 184, 140, 185)
(185, 30, 186, 31)
(208, 32, 209, 31)
(32, 210, 33, 209)
(210, 200, 211, 199)
(190, 211, 191, 212)
(212, 189, 213, 190)
(180, 35, 181, 36)
(36, 181, 37, 182)
(177, 41, 178, 40)
(160, 149, 161, 150)
(150, 161, 151, 162)
(158, 152, 159, 151)
(157, 105, 158, 104)
(110, 104, 111, 103)
(169, 103, 170, 102)
(101, 171, 102, 170)
(100, 173, 101, 174)
(174, 99, 175, 100)
(167, 173, 168, 172)
(77, 79, 78, 78)
(79, 93, 80, 92)
(90, 94, 91, 93)
(94, 86, 95, 85)
(82, 95, 83, 96)
(96, 83, 97, 84)
(76, 98, 77, 97)
(81, 85, 82, 84)
(91, 81, 92, 80)
(165, 169, 166, 168)
(155, 164, 156, 165)
(163, 154, 164, 155)
(159, 163, 160, 162)
(153, 106, 154, 107)
(107, 152, 108, 153)
(105, 109, 106, 108)
(109, 157, 110, 156)
(171, 167, 172, 166)
(41, 69, 42, 68)
(69, 73, 70, 72)
(73, 58, 74, 59)
(46, 59, 47, 60)
(65, 61, 66, 60)
(55, 65, 56, 64)
(63, 52, 64, 53)
(53, 50, 54, 51)
(49, 119, 50, 118)
(54, 61, 55, 62)
(51, 62, 52, 63)
(43, 67, 44, 66)
(67, 43, 68, 42)
(44, 72, 45, 71)
(70, 46, 71, 45)
(18, 16, 19, 15)
(1, 7, 2, 6)
(5, 1, 6, 0)
