(12, 162, 13, 161)
(11, 185, 12, 184)
(183, 157, 184, 156)
(155, 160, 156, 161)
(154, 14, 155, 13)
(153, 163, 154, 162)
(152, 166, 153, 165)
(164, 152, 165, 151)
(5, 189, 6, 188)
(6, 185, 7, 186)
(10, 7, 11, 8)
(8, 178, 9, 177)
(159, 179, 160, 178)
(181, 158, 182, 159)
(157, 180, 158, 181)
(182, 180, 183, 179)
(176, 10, 177, 9)
(14, 175, 15, 176)
(174, 168, 175, 167)
(163, 166, 164, 167)
(148, 173, 149, 174)
(150, 148, 151, 147)
(202, 190, 203, 189)
(190, 202, 191, 201)
(200, 192, 201, 191)
(192, 200, 193, 199)
(198, 194, 199, 193)
(197, 4, 198, 5)
(43, 196, 44, 197)
(42, 55, 43, 56)
(56, 66, 57, 65)
(73, 66, 74, 67)
(74, 188, 75, 187)
(186, 76, 187, 75)
(76, 119, 77, 120)
(118, 77, 119, 78)
(141, 78, 142, 79)
(15, 143, 16, 142)
(143, 19, 144, 18)
(19, 22, 20, 23)
(21, 170, 22, 171)
(168, 172, 169, 171)
(172, 149, 173, 150)
(169, 20, 170, 21)
(26, 24, 27, 23)
(25, 146, 26, 147)
(145, 24, 146, 25)
(144, 27, 145, 28)
(123, 29, 124, 28)
(29, 123, 30, 122)
(203, 31, 204, 30)
(31, 38, 32, 39)
(212, 38, 213, 37)
(213, 49, 214, 48)
(46, 50, 47, 49)
(45, 2, 46, 3)
(3, 194, 4, 195)
(195, 44, 196, 45)
(1, 53, 2, 52)
(54, 52, 55, 51)
(223, 50, 0, 51)
(222, 41, 223, 42)
(221, 70, 222, 71)
(71, 58, 72, 59)
(64, 58, 65, 57)
(63, 72, 64, 73)
(67, 62, 68, 63)
(120, 61, 121, 62)
(80, 117, 81, 118)
(79, 140, 80, 141)
(139, 97, 140, 96)
(92, 96, 93, 95)
(93, 16, 94, 17)
(17, 94, 18, 95)
(91, 114, 92, 115)
(115, 124, 116, 125)
(116, 81, 117, 82)
(125, 82, 126, 83)
(83, 126, 84, 127)
(84, 134, 85, 133)
(97, 135, 98, 134)
(135, 139, 136, 138)
(113, 136, 114, 137)
(137, 112, 138, 113)
(111, 129, 112, 128)
(90, 128, 91, 127)
(132, 90, 133, 89)
(109, 88, 110, 89)
(108, 103, 109, 104)
(101, 105, 102, 104)
(85, 100, 86, 101)
(99, 131, 100, 130)
(129, 99, 130, 98)
(131, 111, 132, 110)
(86, 106, 87, 105)
(106, 88, 107, 87)
(102, 107, 103, 108)
(60, 121, 61, 122)
(59, 68, 60, 69)
(69, 220, 70, 221)
(219, 41, 220, 40)
(39, 205, 40, 204)
(205, 218, 206, 219)
(217, 208, 218, 209)
(34, 209, 35, 210)
(210, 35, 211, 36)
(211, 32, 212, 33)
(33, 37, 34, 36)
(207, 216, 208, 217)
(215, 206, 216, 207)
(47, 215, 48, 214)
(53, 1, 54, 0)
