(221, 214, 222, 215)
(218, 215, 219, 216)
(216, 219, 217, 220)
(220, 217, 221, 218)
(1, 223, 2, 222)
(2, 7, 3, 8)
(11, 7, 12, 6)
(12, 9, 13, 10)
(3, 84, 4, 85)
(5, 11, 6, 10)
(83, 4, 84, 5)
(161, 83, 162, 82)
(13, 163, 14, 162)
(163, 15, 164, 14)
(15, 167, 16, 166)
(167, 68, 168, 69)
(67, 170, 68, 171)
(64, 172, 65, 171)
(60, 64, 61, 63)
(61, 159, 62, 158)
(159, 86, 160, 87)
(85, 212, 86, 213)
(213, 9, 214, 8)
(211, 160, 212, 161)
(210, 22, 211, 21)
(81, 21, 82, 20)
(19, 81, 20, 80)
(79, 165, 80, 164)
(165, 79, 166, 78)
(77, 19, 78, 18)
(74, 17, 75, 18)
(16, 73, 17, 74)
(72, 70, 73, 69)
(71, 76, 72, 77)
(75, 70, 76, 71)
(94, 210, 95, 209)
(95, 168, 96, 169)
(169, 96, 170, 97)
(208, 98, 209, 97)
(24, 208, 25, 207)
(25, 174, 26, 175)
(66, 174, 67, 173)
(172, 66, 173, 65)
(26, 146, 27, 145)
(127, 146, 128, 147)
(128, 52, 129, 51)
(55, 53, 56, 52)
(54, 39, 55, 40)
(47, 41, 48, 40)
(46, 137, 47, 138)
(138, 60, 139, 59)
(139, 151, 140, 150)
(151, 141, 152, 140)
(202, 141, 203, 142)
(156, 203, 157, 204)
(157, 63, 158, 62)
(91, 204, 92, 205)
(92, 87, 93, 88)
(93, 22, 94, 23)
(23, 98, 24, 99)
(103, 100, 104, 101)
(104, 144, 105, 143)
(175, 145, 176, 144)
(105, 176, 106, 177)
(177, 106, 178, 107)
(107, 178, 108, 179)
(108, 199, 109, 200)
(198, 125, 199, 126)
(126, 27, 127, 28)
(28, 147, 29, 148)
(148, 29, 149, 30)
(149, 33, 150, 32)
(58, 34, 59, 33)
(57, 50, 58, 51)
(129, 56, 130, 57)
(130, 49, 131, 50)
(37, 49, 38, 48)
(38, 53, 39, 54)
(36, 131, 37, 132)
(135, 133, 136, 132)
(134, 42, 135, 41)
(42, 134, 43, 133)
(43, 137, 44, 136)
(35, 45, 36, 44)
(45, 35, 46, 34)
(31, 153, 32, 152)
(153, 31, 154, 30)
(201, 154, 202, 155)
(142, 156, 143, 155)
(200, 180, 201, 179)
(185, 180, 186, 181)
(186, 109, 187, 110)
(116, 187, 117, 188)
(122, 117, 123, 118)
(196, 123, 197, 124)
(124, 197, 125, 198)
(195, 118, 196, 119)
(184, 119, 185, 120)
(120, 183, 121, 184)
(182, 189, 183, 190)
(190, 181, 191, 182)
(191, 112, 192, 113)
(111, 114, 112, 115)
(115, 110, 116, 111)
(113, 192, 114, 193)
(188, 194, 189, 193)
(121, 194, 122, 195)
(101, 91, 102, 90)
(89, 103, 90, 102)
(88, 206, 89, 205)
(99, 207, 100, 206)
(223, 1, 0, 0)
