(46, 43, 47, 44)
(42, 88, 43, 87)
(57, 87, 58, 86)
(58, 61, 59, 62)
(45, 61, 46, 60)
(59, 45, 60, 44)
(49, 63, 50, 62)
(48, 90, 49, 89)
(88, 48, 89, 47)
(90, 64, 91, 63)
(64, 98, 65, 97)
(98, 214, 99, 213)
(225, 214, 226, 215)
(226, 36, 227, 35)
(36, 228, 37, 227)
(228, 38, 229, 37)
(38, 84, 39, 83)
(84, 56, 85, 55)
(56, 42, 57, 41)
(40, 85, 41, 86)
(54, 39, 55, 40)
(53, 94, 54, 95)
(92, 96, 93, 95)
(50, 91, 51, 92)
(96, 51, 97, 52)
(93, 52, 94, 53)
(65, 82, 66, 83)
(81, 66, 82, 67)
(67, 7, 68, 6)
(212, 7, 213, 8)
(19, 8, 20, 9)
(33, 20, 34, 21)
(34, 139, 35, 140)
(138, 107, 139, 108)
(223, 108, 224, 109)
(224, 99, 225, 100)
(127, 100, 128, 101)
(128, 119, 129, 120)
(118, 129, 119, 130)
(130, 136, 131, 135)
(136, 215, 137, 216)
(106, 137, 107, 138)
(105, 220, 106, 221)
(221, 125, 222, 124)
(125, 223, 126, 222)
(126, 109, 127, 110)
(110, 103, 111, 104)
(102, 122, 103, 121)
(120, 102, 121, 101)
(122, 112, 123, 111)
(112, 134, 113, 133)
(134, 118, 135, 117)
(116, 132, 117, 131)
(218, 116, 219, 115)
(219, 216, 220, 217)
(114, 218, 115, 217)
(132, 114, 133, 113)
(123, 105, 124, 104)
(140, 2, 141, 1)
(2, 142, 3, 141)
(229, 143, 0, 142)
(143, 5, 144, 4)
(80, 5, 81, 6)
(211, 68, 212, 69)
(167, 19, 168, 18)
(9, 169, 10, 168)
(32, 169, 33, 170)
(170, 13, 171, 14)
(12, 171, 13, 172)
(21, 173, 22, 172)
(173, 149, 174, 148)
(149, 144, 150, 145)
(175, 150, 176, 151)
(176, 156, 177, 155)
(156, 178, 157, 177)
(178, 163, 179, 164)
(162, 179, 163, 180)
(180, 196, 181, 195)
(209, 196, 210, 197)
(210, 80, 211, 79)
(185, 78, 186, 79)
(69, 184, 70, 185)
(183, 206, 184, 207)
(160, 193, 161, 194)
(158, 162, 159, 161)
(157, 164, 158, 165)
(165, 154, 166, 155)
(153, 166, 154, 167)
(152, 147, 153, 148)
(146, 151, 147, 152)
(174, 145, 175, 146)
(194, 159, 195, 160)
(181, 209, 182, 208)
(191, 183, 192, 182)
(190, 201, 191, 202)
(202, 187, 203, 188)
(186, 198, 187, 197)
(71, 199, 72, 198)
(77, 71, 78, 70)
(205, 77, 206, 76)
(200, 76, 201, 75)
(189, 75, 190, 74)
(73, 189, 74, 188)
(203, 72, 204, 73)
(199, 205, 200, 204)
(207, 193, 208, 192)
(22, 11, 23, 12)
(17, 11, 18, 10)
(25, 17, 26, 16)
(15, 27, 16, 26)
(31, 15, 32, 14)
(30, 27, 31, 28)
(28, 23, 29, 24)
(24, 29, 25, 30)
(3, 0, 4, 1)
