(136, 155, 137, 156)
(113, 156, 114, 157)
(157, 114, 158, 115)
(153, 158, 154, 159)
(154, 137, 155, 138)
(167, 138, 168, 139)
(168, 91, 169, 92)
(147, 91, 148, 90)
(111, 148, 112, 149)
(112, 136, 113, 135)
(149, 135, 150, 134)
(115, 151, 116, 150)
(151, 160, 152, 161)
(159, 152, 160, 153)
(161, 117, 162, 116)
(117, 163, 118, 162)
(166, 163, 167, 164)
(164, 131, 165, 132)
(130, 94, 131, 93)
(92, 140, 93, 139)
(143, 141, 144, 140)
(199, 142, 200, 143)
(198, 196, 199, 195)
(194, 170, 195, 169)
(193, 78, 194, 79)
(79, 147, 80, 146)
(101, 80, 102, 81)
(85, 102, 86, 103)
(86, 105, 87, 106)
(104, 107, 105, 108)
(108, 90, 109, 89)
(109, 83, 110, 82)
(83, 111, 84, 110)
(84, 81, 85, 82)
(103, 88, 104, 89)
(106, 87, 107, 88)
(100, 120, 101, 119)
(133, 119, 134, 118)
(132, 165, 133, 166)
(99, 129, 100, 128)
(124, 128, 125, 127)
(94, 126, 95, 125)
(126, 96, 127, 95)
(121, 97, 122, 96)
(129, 121, 130, 120)
(97, 123, 98, 122)
(123, 99, 124, 98)
(145, 179, 146, 178)
(177, 145, 178, 144)
(179, 177, 180, 176)
(201, 181, 202, 180)
(141, 200, 142, 201)
(184, 182, 185, 181)
(183, 197, 184, 196)
(197, 183, 198, 182)
(185, 213, 186, 212)
(74, 213, 75, 214)
(188, 75, 189, 76)
(172, 190, 173, 189)
(190, 172, 191, 171)
(170, 192, 171, 191)
(77, 192, 78, 193)
(173, 77, 174, 76)
(174, 203, 175, 204)
(202, 175, 203, 176)
(204, 187, 205, 188)
(211, 187, 212, 186)
(210, 205, 211, 206)
(206, 2, 207, 1)
(2, 223, 3, 224)
(222, 3, 223, 4)
(4, 9, 5, 10)
(8, 5, 9, 6)
(6, 20, 7, 19)
(53, 21, 54, 20)
(71, 53, 72, 52)
(63, 73, 64, 72)
(73, 63, 74, 62)
(61, 220, 62, 221)
(214, 222, 215, 221)
(215, 60, 216, 61)
(59, 45, 60, 44)
(43, 30, 44, 31)
(31, 10, 32, 11)
(32, 40, 33, 39)
(40, 34, 41, 33)
(34, 42, 35, 41)
(42, 18, 43, 17)
(18, 8, 19, 7)
(14, 15, 15, 16)
(12, 38, 13, 37)
(36, 12, 37, 11)
(38, 36, 39, 35)
(16, 13, 17, 14)
(29, 55, 30, 54)
(28, 24, 29, 23)
(22, 69, 23, 70)
(70, 21, 71, 22)
(45, 69, 46, 68)
(46, 52, 47, 51)
(47, 64, 48, 65)
(48, 220, 49, 219)
(49, 216, 50, 217)
(50, 68, 51, 67)
(217, 67, 218, 66)
(65, 219, 66, 218)
(56, 28, 57, 27)
(26, 58, 27, 57)
(58, 26, 59, 25)
(55, 24, 56, 25)
(207, 224, 208, 225)
(225, 208, 0, 209)
(209, 0, 210, 1)
