(146, 137, 147, 138)
(136, 147, 137, 148)
(91, 149, 92, 148)
(90, 12, 91, 11)
(141, 10, 142, 11)
(145, 141, 146, 140)
(132, 140, 133, 139)
(138, 134, 139, 133)
(134, 131, 135, 132)
(130, 135, 131, 136)
(129, 97, 130, 96)
(95, 182, 96, 183)
(183, 150, 184, 151)
(149, 93, 150, 92)
(184, 93, 185, 94)
(66, 185, 67, 186)
(12, 68, 13, 67)
(71, 69, 72, 68)
(85, 71, 86, 70)
(86, 90, 87, 89)
(87, 82, 88, 83)
(81, 6, 82, 7)
(142, 8, 143, 7)
(8, 144, 9, 143)
(144, 10, 145, 9)
(97, 80, 98, 81)
(79, 98, 80, 99)
(236, 100, 237, 99)
(202, 235, 203, 236)
(128, 202, 129, 201)
(207, 200, 208, 201)
(206, 192, 207, 191)
(101, 190, 102, 191)
(189, 100, 190, 101)
(15, 188, 16, 189)
(17, 15, 18, 14)
(55, 19, 56, 18)
(54, 38, 55, 37)
(36, 39, 37, 40)
(181, 40, 182, 41)
(172, 42, 173, 41)
(152, 171, 153, 172)
(94, 152, 95, 151)
(170, 153, 171, 154)
(65, 158, 66, 159)
(159, 64, 160, 65)
(63, 160, 64, 161)
(161, 62, 162, 63)
(56, 61, 57, 62)
(60, 49, 61, 50)
(50, 26, 51, 25)
(26, 52, 27, 51)
(19, 53, 20, 52)
(38, 54, 39, 53)
(20, 28, 21, 27)
(28, 31, 29, 32)
(177, 30, 178, 31)
(35, 177, 36, 176)
(175, 180, 176, 181)
(174, 34, 175, 33)
(32, 174, 33, 173)
(34, 179, 35, 180)
(29, 178, 30, 179)
(166, 164, 167, 163)
(44, 168, 45, 167)
(168, 44, 169, 43)
(42, 170, 43, 169)
(154, 158, 155, 157)
(155, 156, 156, 157)
(162, 46, 163, 45)
(59, 47, 60, 46)
(47, 59, 48, 58)
(57, 49, 58, 48)
(24, 166, 25, 165)
(164, 24, 165, 23)
(21, 23, 22, 22)
(186, 13, 187, 14)
(187, 16, 188, 17)
(102, 203, 103, 204)
(103, 215, 104, 214)
(215, 212, 216, 213)
(234, 212, 235, 211)
(210, 127, 211, 128)
(209, 198, 210, 199)
(199, 208, 200, 209)
(116, 197, 117, 198)
(115, 221, 116, 220)
(192, 219, 193, 220)
(205, 219, 206, 218)
(217, 205, 218, 204)
(105, 216, 106, 217)
(213, 105, 214, 104)
(233, 106, 234, 107)
(107, 232, 108, 233)
(126, 232, 127, 231)
(230, 109, 231, 110)
(195, 110, 196, 111)
(196, 117, 197, 118)
(118, 223, 119, 224)
(113, 223, 114, 222)
(221, 115, 222, 114)
(112, 225, 113, 226)
(226, 122, 227, 121)
(122, 228, 123, 227)
(228, 124, 229, 123)
(124, 193, 125, 194)
(125, 108, 126, 109)
(229, 194, 230, 195)
(120, 112, 121, 111)
(224, 119, 225, 120)
(72, 0, 73, 237)
(69, 85, 70, 84)
(83, 88, 84, 89)
(4, 76, 5, 75)
(76, 6, 77, 5)
(77, 74, 78, 75)
(73, 78, 74, 79)
(1, 2, 2, 3)
(3, 0, 4, 1)
