(32, 28, 33, 27)
(26, 84, 27, 83)
(82, 6, 83, 5)
(79, 5, 80, 4)
(3, 81, 4, 80)
(91, 2, 92, 3)
(90, 34, 91, 33)
(16, 89, 17, 90)
(12, 16, 13, 15)
(13, 86, 14, 87)
(30, 86, 31, 85)
(28, 32, 29, 31)
(84, 30, 85, 29)
(87, 14, 88, 15)
(11, 89, 12, 88)
(17, 11, 18, 10)
(7, 19, 8, 18)
(25, 7, 26, 6)
(24, 218, 25, 217)
(161, 217, 162, 216)
(215, 163, 216, 162)
(77, 215, 78, 214)
(78, 82, 79, 81)
(213, 77, 214, 76)
(190, 75, 191, 76)
(92, 189, 93, 190)
(225, 189, 226, 188)
(1, 226, 2, 227)
(227, 186, 0, 187)
(185, 225, 186, 224)
(223, 35, 224, 34)
(35, 223, 36, 222)
(221, 37, 222, 36)
(220, 24, 221, 23)
(22, 9, 23, 10)
(8, 21, 9, 22)
(20, 220, 21, 219)
(218, 20, 219, 19)
(184, 38, 185, 37)
(183, 117, 184, 116)
(115, 132, 116, 133)
(160, 133, 161, 134)
(163, 135, 164, 134)
(168, 136, 169, 135)
(136, 168, 137, 167)
(137, 153, 138, 152)
(192, 207, 193, 208)
(191, 212, 192, 213)
(206, 211, 207, 212)
(68, 205, 69, 206)
(47, 74, 48, 75)
(46, 41, 47, 42)
(42, 45, 43, 46)
(93, 44, 94, 45)
(43, 94, 44, 95)
(95, 38, 96, 39)
(39, 96, 40, 97)
(97, 40, 98, 41)
(199, 99, 200, 98)
(99, 199, 100, 198)
(117, 101, 118, 100)
(101, 131, 102, 130)
(131, 183, 132, 182)
(181, 177, 182, 176)
(114, 176, 115, 175)
(174, 159, 175, 160)
(170, 173, 171, 174)
(164, 169, 165, 170)
(172, 166, 173, 165)
(166, 172, 167, 171)
(158, 147, 159, 148)
(151, 148, 152, 149)
(149, 154, 150, 155)
(153, 139, 154, 138)
(208, 209, 209, 210)
(194, 193, 195, 194)
(195, 211, 196, 210)
(196, 57, 197, 58)
(56, 203, 57, 204)
(204, 69, 205, 70)
(70, 62, 71, 61)
(65, 62, 66, 63)
(67, 66, 68, 67)
(63, 64, 64, 65)
(48, 72, 49, 71)
(72, 50, 73, 49)
(50, 74, 51, 73)
(51, 54, 52, 55)
(53, 201, 54, 200)
(201, 53, 202, 52)
(59, 203, 60, 202)
(58, 197, 59, 198)
(60, 56, 61, 55)
(140, 144, 141, 143)
(139, 157, 140, 156)
(155, 150, 156, 151)
(146, 157, 147, 158)
(142, 146, 143, 145)
(144, 142, 145, 141)
(180, 113, 181, 114)
(118, 179, 119, 180)
(178, 119, 179, 120)
(120, 127, 121, 128)
(126, 129, 127, 130)
(104, 125, 105, 126)
(103, 111, 104, 110)
(109, 103, 110, 102)
(108, 111, 109, 112)
(177, 113, 178, 112)
(124, 107, 125, 108)
(106, 123, 107, 124)
(122, 105, 123, 106)
(128, 121, 129, 122)
(187, 0, 188, 1)
