(115, 26, 116, 27)
(25, 31, 26, 30)
(29, 25, 30, 24)
(23, 29, 24, 28)
(27, 114, 28, 115)
(113, 117, 114, 116)
(95, 113, 96, 112)
(96, 22, 97, 21)
(31, 23, 32, 22)
(117, 33, 118, 32)
(33, 101, 34, 100)
(101, 95, 102, 94)
(109, 102, 110, 103)
(110, 107, 111, 108)
(106, 111, 107, 112)
(105, 123, 106, 122)
(16, 122, 17, 121)
(120, 18, 121, 17)
(98, 119, 99, 120)
(20, 98, 21, 97)
(118, 19, 119, 20)
(18, 99, 19, 100)
(15, 37, 16, 36)
(88, 36, 89, 35)
(34, 90, 35, 89)
(87, 91, 88, 90)
(91, 87, 92, 86)
(39, 93, 40, 92)
(93, 39, 94, 38)
(37, 125, 38, 124)
(123, 105, 124, 104)
(103, 108, 104, 109)
(125, 214, 126, 215)
(213, 14, 214, 15)
(69, 213, 70, 212)
(211, 71, 212, 70)
(71, 211, 72, 210)
(83, 72, 84, 73)
(41, 84, 42, 85)
(85, 42, 86, 43)
(40, 44, 41, 43)
(47, 80, 48, 81)
(79, 46, 80, 47)
(78, 208, 79, 207)
(67, 206, 68, 207)
(5, 66, 6, 67)
(215, 4, 216, 5)
(3, 221, 4, 220)
(219, 3, 220, 2)
(1, 219, 2, 218)
(126, 217, 127, 218)
(216, 129, 217, 130)
(173, 131, 174, 130)
(172, 156, 173, 155)
(154, 9, 155, 10)
(10, 150, 11, 149)
(150, 12, 151, 11)
(12, 63, 13, 64)
(62, 13, 63, 14)
(61, 68, 62, 69)
(53, 61, 54, 60)
(59, 55, 60, 54)
(75, 58, 76, 59)
(74, 209, 75, 210)
(73, 82, 74, 83)
(81, 45, 82, 44)
(45, 48, 46, 49)
(208, 50, 209, 49)
(57, 51, 58, 50)
(77, 57, 78, 56)
(55, 52, 56, 53)
(51, 77, 52, 76)
(7, 65, 8, 64)
(6, 205, 7, 206)
(65, 205, 66, 204)
(182, 204, 183, 203)
(186, 183, 187, 184)
(178, 188, 179, 187)
(188, 178, 189, 177)
(189, 138, 190, 139)
(137, 190, 138, 191)
(191, 174, 192, 175)
(161, 192, 162, 193)
(195, 162, 196, 163)
(196, 168, 197, 167)
(168, 159, 169, 160)
(158, 169, 159, 170)
(131, 171, 132, 170)
(156, 172, 157, 171)
(132, 157, 133, 158)
(142, 133, 143, 134)
(200, 143, 201, 144)
(144, 201, 145, 202)
(145, 9, 146, 8)
(153, 146, 154, 147)
(147, 152, 148, 153)
(151, 148, 152, 149)
(202, 182, 203, 181)
(185, 181, 186, 180)
(179, 185, 180, 184)
(199, 141, 200, 140)
(139, 176, 140, 177)
(175, 136, 176, 137)
(198, 135, 199, 136)
(197, 160, 198, 161)
(134, 141, 135, 142)
(163, 167, 164, 166)
(164, 193, 165, 194)
(194, 165, 195, 166)
(221, 128, 0, 129)
(127, 0, 128, 1)
