(8, 165, 9, 166)
(166, 7, 167, 8)
(13, 6, 14, 7)
(12, 155, 13, 156)
(156, 9, 157, 10)
(164, 157, 165, 158)
(158, 153, 159, 154)
(81, 153, 82, 152)
(15, 83, 16, 82)
(14, 168, 15, 167)
(168, 84, 169, 83)
(84, 125, 85, 126)
(127, 125, 128, 124)
(43, 129, 44, 128)
(61, 43, 62, 42)
(3, 62, 4, 63)
(159, 4, 160, 5)
(5, 160, 6, 161)
(154, 161, 155, 162)
(162, 12, 163, 11)
(10, 164, 11, 163)
(234, 64, 235, 63)
(233, 76, 234, 77)
(77, 172, 78, 173)
(80, 172, 81, 171)
(170, 151, 171, 152)
(16, 169, 17, 170)
(178, 17, 179, 18)
(52, 180, 53, 179)
(180, 52, 181, 51)
(50, 182, 51, 181)
(54, 50, 55, 49)
(126, 85, 127, 86)
(57, 44, 58, 45)
(135, 58, 136, 59)
(129, 137, 130, 136)
(137, 61, 138, 60)
(209, 139, 210, 138)
(141, 209, 142, 208)
(31, 142, 32, 143)
(145, 32, 146, 33)
(41, 146, 42, 147)
(147, 40, 148, 41)
(39, 148, 40, 149)
(149, 233, 150, 232)
(177, 151, 178, 150)
(176, 174, 177, 173)
(175, 79, 176, 78)
(79, 175, 80, 174)
(20, 231, 21, 232)
(230, 19, 231, 20)
(18, 229, 19, 230)
(228, 21, 229, 22)
(22, 227, 23, 228)
(226, 23, 227, 24)
(217, 24, 218, 25)
(218, 191, 219, 192)
(190, 205, 191, 206)
(206, 211, 207, 212)
(210, 184, 211, 183)
(53, 182, 54, 183)
(184, 187, 185, 188)
(139, 186, 140, 187)
(185, 140, 186, 141)
(207, 188, 208, 189)
(212, 189, 213, 190)
(213, 204, 214, 205)
(220, 204, 221, 203)
(202, 222, 203, 221)
(194, 202, 195, 201)
(30, 195, 31, 196)
(144, 143, 145, 144)
(33, 197, 34, 196)
(36, 198, 37, 197)
(38, 36, 39, 35)
(199, 35, 200, 34)
(29, 201, 30, 200)
(28, 225, 29, 226)
(224, 27, 225, 28)
(26, 223, 27, 224)
(25, 216, 26, 217)
(215, 193, 216, 192)
(219, 214, 220, 215)
(193, 222, 194, 223)
(198, 38, 199, 37)
(130, 60, 131, 59)
(131, 49, 132, 48)
(47, 133, 48, 132)
(133, 47, 134, 46)
(45, 135, 46, 134)
(56, 88, 57, 87)
(86, 56, 87, 55)
(104, 101, 105, 102)
(100, 105, 101, 106)
(106, 99, 107, 100)
(98, 107, 99, 108)
(119, 108, 120, 109)
(120, 91, 121, 92)
(123, 91, 124, 90)
(89, 112, 90, 113)
(113, 88, 114, 89)
(103, 114, 104, 115)
(115, 102, 116, 103)
(93, 116, 94, 117)
(97, 94, 98, 95)
(95, 119, 96, 118)
(117, 97, 118, 96)
(109, 92, 110, 93)
(121, 111, 122, 110)
(111, 123, 112, 122)
(236, 76, 237, 75)
(237, 71, 0, 70)
(66, 72, 67, 71)
(65, 2, 66, 3)
(64, 236, 65, 235)
(1, 72, 2, 73)
(68, 73, 69, 74)
(74, 69, 75, 70)
(67, 1, 68, 0)
