(12, 6, 13, 5)
(4, 87, 5, 88)
(88, 100, 89, 99)
(100, 227, 101, 228)
(226, 77, 227, 78)
(78, 225, 79, 226)
(224, 72, 225, 71)
(45, 71, 46, 70)
(13, 47, 14, 46)
(6, 48, 7, 47)
(11, 48, 12, 49)
(49, 58, 50, 59)
(132, 58, 133, 57)
(133, 182, 134, 183)
(181, 106, 182, 107)
(107, 180, 108, 181)
(102, 179, 103, 180)
(101, 86, 102, 87)
(82, 86, 83, 85)
(76, 83, 77, 84)
(84, 75, 85, 76)
(74, 80, 75, 79)
(80, 74, 81, 73)
(72, 82, 73, 81)
(223, 221, 224, 220)
(219, 210, 220, 211)
(211, 203, 212, 202)
(194, 204, 195, 203)
(64, 194, 65, 193)
(44, 65, 45, 66)
(66, 23, 67, 24)
(17, 22, 18, 23)
(21, 16, 22, 17)
(15, 20, 16, 21)
(69, 15, 70, 14)
(19, 68, 20, 69)
(67, 18, 68, 19)
(24, 43, 25, 44)
(42, 38, 43, 37)
(9, 36, 10, 37)
(35, 8, 36, 9)
(7, 34, 8, 35)
(10, 34, 11, 33)
(127, 33, 128, 32)
(128, 59, 129, 60)
(129, 56, 130, 57)
(55, 51, 56, 50)
(51, 55, 52, 54)
(131, 52, 132, 53)
(53, 130, 54, 131)
(189, 61, 190, 60)
(188, 184, 189, 183)
(164, 188, 165, 187)
(160, 165, 161, 166)
(166, 161, 167, 162)
(174, 168, 175, 167)
(140, 173, 141, 174)
(136, 139, 137, 140)
(110, 135, 111, 136)
(134, 109, 135, 110)
(105, 109, 106, 108)
(104, 205, 105, 206)
(206, 103, 207, 104)
(207, 179, 208, 178)
(208, 221, 209, 222)
(222, 209, 223, 210)
(177, 205, 178, 204)
(176, 113, 177, 114)
(114, 62, 115, 61)
(62, 116, 63, 115)
(116, 64, 117, 63)
(117, 30, 118, 31)
(29, 192, 30, 193)
(125, 28, 126, 29)
(25, 124, 26, 125)
(40, 124, 41, 123)
(38, 42, 39, 41)
(122, 40, 123, 39)
(26, 122, 27, 121)
(120, 28, 121, 27)
(126, 120, 127, 119)
(118, 192, 119, 191)
(190, 31, 191, 32)
(175, 154, 176, 155)
(155, 163, 156, 162)
(163, 184, 164, 185)
(185, 158, 186, 159)
(157, 186, 158, 187)
(159, 157, 160, 156)
(150, 153, 151, 154)
(149, 139, 150, 138)
(137, 149, 138, 148)
(172, 147, 173, 148)
(142, 172, 143, 171)
(170, 144, 171, 143)
(144, 170, 145, 169)
(168, 146, 169, 145)
(146, 141, 147, 142)
(111, 152, 112, 153)
(151, 112, 152, 113)
(195, 213, 196, 212)
(213, 201, 214, 200)
(201, 219, 202, 218)
(214, 218, 215, 217)
(198, 215, 199, 216)
(199, 196, 200, 197)
(216, 197, 217, 198)
(228, 97, 229, 98)
(96, 229, 97, 230)
(230, 4, 231, 3)
(2, 0, 3, 231)
(1, 93, 2, 92)
(94, 92, 95, 91)
(90, 96, 91, 95)
(98, 90, 99, 89)
(93, 1, 94, 0)
