(5, 2, 6, 3)
(6, 10, 7, 9)
(7, 5, 8, 4)
(3, 9, 4, 8)
(223, 222, 224, 223)
(10, 47, 11, 48)
(61, 46, 62, 47)
(65, 61, 66, 60)
(59, 67, 60, 66)
(33, 59, 34, 58)
(57, 35, 58, 34)
(37, 56, 38, 57)
(55, 36, 56, 37)
(54, 221, 55, 222)
(50, 53, 51, 54)
(18, 49, 19, 50)
(48, 17, 49, 18)
(91, 17, 92, 16)
(15, 93, 16, 92)
(14, 12, 15, 11)
(62, 13, 63, 14)
(12, 63, 13, 64)
(64, 46, 65, 45)
(44, 68, 45, 67)
(43, 32, 44, 33)
(42, 40, 43, 39)
(35, 38, 36, 39)
(41, 21, 42, 20)
(218, 20, 219, 19)
(51, 220, 52, 221)
(219, 52, 220, 53)
(217, 90, 218, 91)
(216, 214, 217, 213)
(212, 193, 213, 194)
(153, 195, 154, 194)
(195, 153, 196, 152)
(196, 93, 197, 94)
(94, 197, 95, 198)
(95, 103, 96, 102)
(103, 97, 104, 96)
(112, 97, 113, 98)
(70, 114, 71, 113)
(114, 70, 115, 69)
(68, 116, 69, 115)
(73, 118, 74, 119)
(119, 74, 120, 75)
(120, 82, 121, 81)
(82, 126, 83, 125)
(87, 126, 88, 127)
(31, 88, 32, 89)
(22, 90, 23, 89)
(21, 41, 22, 40)
(23, 214, 24, 215)
(215, 24, 216, 25)
(25, 180, 26, 181)
(179, 188, 180, 189)
(192, 189, 193, 190)
(211, 190, 212, 191)
(191, 210, 192, 211)
(156, 209, 157, 210)
(150, 155, 151, 156)
(154, 149, 155, 150)
(151, 149, 152, 148)
(208, 147, 209, 148)
(100, 208, 101, 207)
(198, 102, 199, 101)
(108, 200, 109, 199)
(204, 108, 205, 107)
(104, 206, 105, 205)
(109, 206, 110, 207)
(110, 165, 111, 166)
(164, 111, 165, 112)
(166, 164, 167, 163)
(98, 168, 99, 167)
(168, 178, 169, 177)
(178, 145, 179, 146)
(144, 133, 145, 134)
(134, 141, 135, 142)
(71, 140, 72, 141)
(117, 116, 118, 117)
(139, 72, 140, 73)
(138, 135, 139, 136)
(136, 144, 137, 143)
(142, 138, 143, 137)
(132, 188, 133, 187)
(186, 132, 187, 131)
(130, 186, 131, 185)
(184, 85, 185, 86)
(86, 83, 87, 84)
(84, 183, 85, 184)
(182, 130, 183, 129)
(128, 30, 129, 29)
(28, 128, 29, 127)
(27, 30, 28, 31)
(181, 26, 182, 27)
(157, 147, 158, 146)
(171, 158, 172, 159)
(159, 172, 160, 173)
(160, 176, 161, 175)
(176, 162, 177, 161)
(162, 100, 163, 99)
(169, 174, 170, 175)
(173, 170, 174, 171)
(105, 203, 106, 202)
(200, 204, 201, 203)
(201, 107, 202, 106)
(77, 125, 78, 124)
(123, 79, 124, 78)
(79, 123, 80, 122)
(75, 81, 76, 80)
(121, 77, 122, 76)
(1, 226, 2, 227)
(227, 224, 0, 225)
(225, 0, 226, 1)
