(184, 175, 185, 176)
(205, 175, 206, 174)
(179, 206, 180, 207)
(180, 177, 181, 178)
(176, 183, 177, 184)
(182, 84, 183, 83)
(82, 189, 83, 190)
(190, 185, 191, 186)
(191, 205, 192, 204)
(203, 193, 204, 192)
(193, 203, 194, 202)
(194, 165, 195, 166)
(164, 173, 165, 174)
(163, 141, 164, 140)
(88, 139, 89, 140)
(208, 87, 209, 88)
(207, 178, 208, 179)
(86, 199, 87, 200)
(200, 85, 201, 86)
(84, 182, 85, 181)
(78, 201, 79, 202)
(186, 79, 187, 80)
(80, 187, 81, 188)
(188, 81, 189, 82)
(198, 77, 199, 78)
(197, 167, 198, 166)
(196, 169, 197, 170)
(170, 195, 171, 196)
(168, 172, 169, 171)
(172, 168, 173, 167)
(72, 149, 73, 150)
(157, 150, 158, 151)
(141, 159, 142, 158)
(159, 61, 160, 60)
(61, 58, 62, 59)
(57, 62, 58, 63)
(63, 56, 64, 57)
(55, 162, 56, 163)
(65, 55, 66, 54)
(53, 67, 54, 66)
(209, 53, 210, 52)
(51, 211, 52, 210)
(215, 51, 216, 50)
(47, 217, 48, 216)
(93, 46, 94, 47)
(92, 90, 93, 89)
(130, 92, 131, 91)
(122, 132, 123, 131)
(132, 122, 133, 121)
(2, 134, 3, 133)
(228, 2, 229, 1)
(229, 136, 0, 137)
(138, 136, 139, 135)
(134, 228, 135, 227)
(223, 227, 224, 226)
(224, 11, 225, 12)
(10, 13, 11, 14)
(27, 14, 28, 15)
(148, 71, 149, 72)
(147, 144, 148, 145)
(145, 152, 146, 153)
(151, 156, 152, 157)
(155, 143, 156, 142)
(64, 162, 65, 161)
(59, 161, 60, 160)
(67, 70, 68, 71)
(74, 69, 75, 70)
(76, 74, 77, 73)
(143, 155, 144, 154)
(153, 146, 154, 147)
(68, 75, 69, 76)
(214, 29, 215, 30)
(97, 30, 98, 31)
(49, 98, 50, 99)
(99, 48, 100, 49)
(100, 95, 101, 96)
(94, 218, 95, 217)
(218, 46, 219, 45)
(219, 119, 220, 118)
(126, 119, 127, 120)
(127, 124, 128, 125)
(123, 128, 124, 129)
(90, 130, 91, 129)
(120, 125, 121, 126)
(5, 221, 6, 220)
(221, 5, 222, 4)
(3, 223, 4, 222)
(6, 22, 7, 21)
(22, 8, 23, 7)
(8, 25, 9, 26)
(24, 9, 25, 10)
(26, 24, 27, 23)
(20, 118, 21, 117)
(116, 110, 117, 109)
(15, 108, 16, 109)
(38, 108, 39, 107)
(39, 40, 40, 41)
(28, 211, 29, 212)
(41, 212, 42, 213)
(213, 42, 214, 43)
(43, 32, 44, 33)
(31, 96, 32, 97)
(101, 45, 102, 44)
(33, 102, 34, 103)
(103, 34, 104, 35)
(19, 104, 20, 105)
(105, 18, 106, 19)
(17, 111, 18, 110)
(16, 115, 17, 116)
(114, 111, 115, 112)
(112, 38, 113, 37)
(36, 114, 37, 113)
(35, 106, 36, 107)
(12, 225, 13, 226)
(137, 0, 138, 1)
