(208, 204, 209, 203)
(202, 210, 203, 209)
(204, 201, 205, 202)
(207, 201, 208, 200)
(22, 199, 23, 200)
(21, 197, 22, 196)
(18, 23, 19, 24)
(19, 199, 20, 198)
(197, 21, 198, 20)
(53, 24, 54, 25)
(54, 62, 55, 61)
(189, 63, 190, 62)
(188, 193, 189, 194)
(9, 194, 10, 195)
(195, 10, 196, 11)
(11, 212, 12, 213)
(211, 12, 212, 13)
(13, 210, 14, 211)
(17, 15, 18, 14)
(16, 206, 17, 205)
(206, 16, 207, 15)
(213, 182, 214, 183)
(170, 181, 171, 182)
(74, 169, 75, 170)
(220, 74, 221, 73)
(72, 0, 73, 221)
(71, 69, 72, 68)
(67, 2, 68, 3)
(97, 104, 98, 105)
(103, 110, 104, 111)
(122, 112, 123, 111)
(121, 52, 122, 53)
(120, 119, 121, 120)
(51, 118, 52, 119)
(117, 50, 118, 51)
(49, 116, 50, 117)
(48, 46, 49, 45)
(44, 26, 45, 25)
(60, 44, 61, 43)
(42, 56, 43, 55)
(28, 42, 29, 41)
(40, 30, 41, 29)
(30, 40, 31, 39)
(36, 32, 37, 31)
(32, 36, 33, 35)
(33, 46, 34, 47)
(47, 34, 48, 35)
(58, 37, 59, 38)
(26, 60, 27, 59)
(27, 56, 28, 57)
(38, 57, 39, 58)
(115, 112, 116, 113)
(113, 125, 114, 124)
(125, 136, 126, 137)
(135, 191, 136, 190)
(191, 135, 192, 134)
(63, 193, 64, 192)
(64, 150, 65, 149)
(5, 150, 6, 151)
(6, 188, 7, 187)
(184, 8, 185, 7)
(8, 184, 9, 183)
(174, 186, 175, 185)
(214, 173, 215, 174)
(179, 172, 180, 173)
(171, 178, 172, 179)
(180, 178, 181, 177)
(176, 215, 177, 216)
(157, 217, 158, 216)
(161, 157, 162, 156)
(162, 80, 163, 79)
(83, 80, 84, 81)
(84, 75, 85, 76)
(85, 169, 86, 168)
(86, 78, 87, 77)
(91, 78, 92, 79)
(153, 93, 154, 92)
(93, 153, 94, 152)
(219, 94, 220, 95)
(66, 95, 67, 96)
(3, 97, 4, 96)
(4, 65, 5, 66)
(151, 218, 152, 219)
(217, 159, 218, 158)
(159, 155, 160, 154)
(155, 161, 156, 160)
(87, 91, 88, 90)
(88, 165, 89, 166)
(81, 165, 82, 164)
(163, 83, 164, 82)
(166, 89, 167, 90)
(167, 76, 168, 77)
(186, 176, 187, 175)
(148, 106, 149, 105)
(106, 148, 107, 147)
(107, 101, 108, 100)
(101, 109, 102, 108)
(109, 98, 110, 99)
(99, 103, 100, 102)
(143, 147, 144, 146)
(137, 145, 138, 144)
(145, 139, 146, 138)
(139, 126, 140, 127)
(133, 140, 134, 141)
(141, 130, 142, 131)
(129, 142, 130, 143)
(131, 129, 132, 128)
(127, 133, 128, 132)
(123, 115, 124, 114)
(1, 71, 2, 70)
(69, 1, 70, 0)
