(62, 232, 63, 231)
(230, 18, 231, 17)
(15, 15, 16, 14)
(16, 13, 17, 14)
(229, 12, 230, 13)
(228, 225, 229, 226)
(64, 227, 65, 228)
(226, 63, 227, 64)
(60, 3, 61, 4)
(232, 62, 233, 61)
(18, 234, 19, 233)
(234, 20, 235, 19)
(20, 21, 21, 22)
(26, 12, 27, 11)
(10, 28, 11, 27)
(9, 77, 10, 76)
(70, 75, 71, 76)
(202, 70, 203, 69)
(68, 204, 69, 203)
(204, 68, 205, 67)
(66, 206, 67, 205)
(224, 66, 225, 65)
(48, 224, 49, 223)
(30, 50, 31, 49)
(29, 58, 30, 59)
(2, 59, 3, 60)
(4, 235, 5, 0)
(5, 22, 6, 23)
(25, 6, 26, 7)
(7, 28, 8, 29)
(77, 9, 78, 8)
(78, 56, 79, 55)
(56, 80, 57, 79)
(80, 174, 81, 173)
(174, 167, 175, 168)
(166, 175, 167, 176)
(199, 176, 200, 177)
(200, 71, 201, 72)
(74, 201, 75, 202)
(138, 74, 139, 73)
(136, 140, 137, 139)
(128, 135, 129, 136)
(90, 127, 91, 128)
(142, 90, 143, 89)
(146, 144, 147, 143)
(145, 46, 146, 47)
(206, 48, 207, 47)
(207, 219, 208, 218)
(219, 216, 220, 217)
(36, 216, 37, 215)
(222, 37, 223, 38)
(31, 39, 32, 38)
(39, 44, 40, 45)
(43, 51, 44, 50)
(171, 43, 172, 42)
(53, 172, 54, 173)
(54, 58, 55, 57)
(169, 52, 170, 53)
(81, 168, 82, 169)
(165, 82, 166, 83)
(83, 151, 84, 150)
(151, 85, 152, 84)
(85, 89, 86, 88)
(86, 156, 87, 155)
(156, 164, 157, 163)
(164, 147, 165, 148)
(161, 149, 162, 148)
(149, 161, 150, 160)
(159, 153, 160, 152)
(153, 159, 154, 158)
(154, 88, 155, 87)
(162, 158, 163, 157)
(40, 51, 41, 52)
(41, 171, 42, 170)
(45, 144, 46, 145)
(32, 221, 33, 222)
(220, 210, 221, 209)
(217, 209, 218, 208)
(210, 213, 211, 214)
(35, 213, 36, 212)
(211, 35, 212, 34)
(214, 34, 215, 33)
(141, 198, 142, 199)
(177, 140, 178, 141)
(181, 179, 182, 178)
(129, 180, 130, 181)
(179, 130, 180, 131)
(131, 135, 132, 134)
(95, 133, 96, 132)
(107, 95, 108, 94)
(93, 109, 94, 108)
(92, 193, 93, 194)
(194, 91, 195, 92)
(120, 195, 121, 196)
(196, 121, 197, 122)
(197, 127, 198, 126)
(112, 125, 113, 126)
(192, 111, 193, 112)
(110, 191, 111, 192)
(190, 109, 191, 110)
(189, 184, 190, 185)
(182, 186, 183, 185)
(101, 187, 102, 186)
(100, 105, 101, 106)
(97, 107, 98, 106)
(133, 97, 134, 96)
(98, 103, 99, 104)
(187, 103, 188, 102)
(183, 188, 184, 189)
(104, 99, 105, 100)
(113, 123, 114, 122)
(116, 124, 117, 123)
(124, 116, 125, 115)
(117, 115, 118, 114)
(118, 120, 119, 119)
(72, 138, 73, 137)
(1, 25, 2, 24)
(23, 1, 24, 0)
