(68, 74, 69, 73)
(69, 56, 70, 57)
(84, 56, 85, 55)
(88, 85, 89, 86)
(76, 90, 77, 89)
(75, 124, 76, 125)
(125, 74, 126, 75)
(126, 123, 127, 124)
(61, 122, 62, 123)
(67, 61, 68, 60)
(59, 67, 60, 66)
(65, 72, 66, 73)
(71, 64, 72, 65)
(57, 70, 58, 71)
(58, 63, 59, 64)
(121, 62, 122, 63)
(120, 129, 121, 130)
(130, 119, 131, 120)
(115, 119, 116, 118)
(116, 50, 117, 49)
(79, 50, 80, 51)
(80, 54, 81, 53)
(54, 84, 55, 83)
(87, 83, 88, 82)
(81, 87, 82, 86)
(77, 52, 78, 53)
(51, 78, 52, 79)
(48, 118, 49, 117)
(98, 47, 99, 48)
(94, 97, 95, 98)
(93, 204, 94, 205)
(205, 92, 206, 93)
(91, 129, 92, 128)
(127, 91, 128, 90)
(103, 207, 104, 206)
(201, 102, 202, 103)
(200, 132, 201, 131)
(132, 200, 133, 199)
(114, 133, 115, 134)
(134, 188, 135, 187)
(188, 107, 189, 108)
(43, 107, 44, 106)
(99, 45, 100, 44)
(45, 96, 46, 97)
(95, 46, 96, 47)
(105, 101, 106, 100)
(104, 203, 105, 204)
(202, 208, 203, 207)
(208, 102, 209, 101)
(209, 40, 210, 41)
(39, 210, 40, 211)
(196, 211, 197, 212)
(212, 197, 213, 198)
(198, 213, 199, 214)
(214, 7, 215, 8)
(6, 27, 7, 28)
(28, 5, 29, 6)
(183, 5, 184, 4)
(184, 110, 185, 109)
(110, 186, 111, 185)
(113, 186, 114, 187)
(135, 112, 136, 113)
(111, 136, 112, 137)
(137, 108, 138, 109)
(191, 139, 192, 138)
(190, 41, 191, 42)
(42, 189, 43, 190)
(139, 144, 140, 145)
(174, 143, 175, 144)
(142, 173, 143, 174)
(172, 141, 173, 142)
(168, 171, 169, 172)
(167, 161, 168, 160)
(159, 154, 160, 155)
(155, 158, 156, 159)
(157, 150, 158, 151)
(151, 195, 152, 194)
(195, 39, 196, 38)
(37, 235, 38, 234)
(233, 23, 234, 22)
(21, 233, 22, 232)
(231, 226, 232, 227)
(8, 228, 9, 227)
(215, 229, 216, 228)
(229, 217, 230, 216)
(217, 11, 218, 10)
(26, 11, 27, 12)
(12, 29, 13, 30)
(32, 13, 33, 14)
(36, 33, 37, 34)
(18, 23, 19, 24)
(220, 19, 221, 20)
(20, 221, 21, 222)
(219, 223, 220, 222)
(218, 225, 219, 226)
(25, 225, 26, 224)
(223, 25, 224, 24)
(17, 31, 18, 30)
(31, 17, 32, 16)
(34, 16, 35, 15)
(14, 36, 15, 35)
(230, 10, 231, 9)
(2, 0, 3, 235)
(1, 181, 2, 180)
(182, 180, 183, 179)
(3, 179, 4, 178)
(177, 193, 178, 192)
(145, 176, 146, 177)
(140, 175, 141, 176)
(146, 166, 147, 165)
(163, 167, 164, 166)
(162, 170, 163, 169)
(170, 162, 171, 161)
(164, 148, 165, 147)
(148, 154, 149, 153)
(149, 156, 150, 157)
(193, 153, 194, 152)
(181, 1, 182, 0)
