(84, 177, 85, 178)
(176, 85, 177, 86)
(86, 84, 87, 83)
(96, 88, 97, 87)
(92, 95, 93, 96)
(68, 91, 69, 92)
(67, 58, 68, 59)
(59, 75, 60, 74)
(214, 79, 215, 80)
(80, 215, 81, 216)
(174, 81, 175, 82)
(178, 176, 179, 175)
(179, 83, 180, 82)
(180, 97, 181, 98)
(102, 181, 103, 182)
(103, 55, 104, 54)
(55, 88, 56, 89)
(71, 57, 72, 56)
(93, 70, 94, 71)
(69, 94, 70, 95)
(90, 57, 91, 58)
(89, 72, 90, 73)
(66, 73, 67, 74)
(62, 65, 63, 66)
(77, 77, 78, 76)
(75, 79, 76, 78)
(216, 219, 217, 220)
(221, 218, 0, 219)
(1, 221, 2, 220)
(113, 2, 114, 3)
(114, 121, 115, 122)
(120, 115, 121, 116)
(123, 116, 124, 117)
(124, 127, 125, 128)
(21, 127, 22, 126)
(165, 23, 166, 22)
(164, 169, 165, 170)
(173, 170, 174, 171)
(171, 153, 172, 152)
(148, 154, 149, 153)
(154, 148, 155, 147)
(155, 144, 156, 145)
(143, 133, 144, 132)
(131, 35, 132, 34)
(33, 131, 34, 130)
(36, 130, 37, 129)
(37, 14, 38, 15)
(186, 13, 187, 14)
(100, 186, 101, 185)
(101, 98, 102, 99)
(184, 100, 185, 99)
(183, 52, 184, 53)
(53, 182, 54, 183)
(10, 51, 11, 52)
(104, 9, 105, 10)
(193, 9, 194, 8)
(7, 195, 8, 194)
(195, 7, 196, 6)
(196, 200, 197, 199)
(200, 108, 201, 107)
(108, 63, 109, 64)
(64, 109, 65, 110)
(110, 62, 111, 61)
(60, 112, 61, 111)
(213, 112, 214, 113)
(201, 212, 202, 213)
(211, 202, 212, 203)
(206, 204, 207, 203)
(208, 206, 209, 205)
(209, 211, 210, 210)
(204, 208, 205, 207)
(106, 4, 107, 3)
(118, 118, 119, 117)
(122, 120, 123, 119)
(105, 193, 106, 192)
(48, 191, 49, 192)
(47, 41, 48, 40)
(39, 47, 40, 46)
(18, 46, 19, 45)
(128, 20, 129, 19)
(125, 21, 126, 20)
(44, 16, 45, 15)
(16, 44, 17, 43)
(42, 18, 43, 17)
(41, 39, 42, 38)
(190, 49, 191, 50)
(50, 189, 51, 190)
(188, 11, 189, 12)
(12, 187, 13, 188)
(197, 4, 198, 5)
(5, 198, 6, 199)
(32, 35, 33, 36)
(31, 167, 32, 166)
(167, 31, 168, 30)
(23, 169, 24, 168)
(137, 25, 138, 24)
(133, 136, 134, 137)
(135, 26, 136, 27)
(138, 27, 139, 28)
(139, 143, 140, 142)
(29, 140, 30, 141)
(141, 28, 142, 29)
(25, 134, 26, 135)
(163, 156, 164, 157)
(157, 162, 158, 163)
(150, 162, 151, 161)
(151, 173, 152, 172)
(160, 150, 161, 149)
(159, 146, 160, 147)
(145, 158, 146, 159)
(217, 0, 218, 1)
