(225, 224, 226, 225)
(223, 231, 224, 230)
(12, 229, 13, 230)
(11, 227, 12, 226)
(10, 31, 11, 32)
(215, 32, 216, 33)
(231, 217, 232, 216)
(2, 218, 3, 217)
(218, 2, 219, 1)
(222, 219, 223, 220)
(233, 221, 0, 220)
(232, 3, 233, 4)
(131, 4, 132, 5)
(15, 133, 16, 132)
(14, 227, 15, 228)
(228, 13, 229, 14)
(133, 28, 134, 29)
(30, 28, 31, 27)
(143, 26, 144, 27)
(9, 143, 10, 142)
(141, 214, 142, 215)
(7, 140, 8, 141)
(149, 7, 150, 6)
(153, 150, 154, 151)
(154, 196, 155, 195)
(191, 197, 192, 196)
(190, 34, 191, 33)
(70, 190, 71, 189)
(78, 71, 79, 72)
(170, 79, 171, 80)
(171, 131, 172, 130)
(129, 173, 130, 172)
(128, 203, 129, 204)
(204, 5, 205, 6)
(148, 206, 149, 205)
(147, 17, 148, 16)
(146, 138, 147, 137)
(136, 146, 137, 145)
(144, 136, 145, 135)
(29, 134, 30, 135)
(138, 26, 139, 25)
(212, 139, 213, 140)
(8, 213, 9, 214)
(24, 211, 25, 212)
(208, 23, 209, 24)
(207, 20, 208, 21)
(21, 206, 22, 207)
(19, 23, 20, 22)
(209, 19, 210, 18)
(17, 211, 18, 210)
(127, 152, 128, 153)
(151, 126, 152, 127)
(125, 102, 126, 103)
(194, 103, 195, 104)
(104, 193, 105, 194)
(192, 156, 193, 155)
(156, 35, 157, 36)
(34, 198, 35, 197)
(39, 198, 40, 199)
(40, 53, 41, 54)
(52, 51, 53, 52)
(68, 43, 69, 44)
(42, 69, 43, 70)
(41, 63, 42, 62)
(56, 61, 57, 62)
(60, 55, 61, 56)
(59, 95, 60, 94)
(93, 160, 94, 161)
(161, 164, 162, 165)
(163, 188, 164, 189)
(187, 162, 188, 163)
(77, 187, 78, 186)
(185, 73, 186, 72)
(184, 167, 185, 168)
(168, 87, 169, 88)
(86, 169, 87, 170)
(85, 81, 86, 80)
(84, 177, 85, 178)
(178, 175, 179, 176)
(97, 175, 98, 174)
(101, 203, 102, 202)
(201, 101, 202, 100)
(124, 120, 125, 119)
(118, 124, 119, 123)
(122, 118, 123, 117)
(116, 107, 117, 108)
(105, 109, 106, 108)
(109, 114, 110, 115)
(36, 113, 37, 114)
(112, 37, 113, 38)
(157, 39, 158, 38)
(199, 159, 200, 158)
(96, 160, 97, 159)
(95, 59, 96, 58)
(57, 55, 58, 54)
(173, 99, 174, 98)
(99, 201, 100, 200)
(120, 111, 121, 112)
(110, 121, 111, 122)
(106, 115, 107, 116)
(82, 180, 83, 179)
(180, 82, 181, 81)
(181, 93, 182, 92)
(89, 182, 90, 183)
(183, 90, 184, 91)
(91, 88, 92, 89)
(176, 83, 177, 84)
(75, 166, 76, 167)
(165, 74, 166, 75)
(76, 74, 77, 73)
(63, 51, 64, 50)
(47, 65, 48, 64)
(65, 47, 66, 46)
(67, 67, 68, 66)
(45, 48, 46, 49)
(49, 44, 50, 45)
(221, 1, 222, 0)
