(37, 40, 38, 41)
(41, 38, 42, 39)
(221, 122, 222, 123)
(45, 222, 46, 223)
(46, 33, 47, 34)
(32, 35, 33, 36)
(39, 36, 40, 37)
(176, 32, 177, 31)
(177, 3, 178, 2)
(3, 202, 4, 203)
(201, 216, 202, 217)
(217, 200, 218, 201)
(199, 218, 200, 219)
(42, 220, 43, 219)
(220, 120, 221, 119)
(121, 121, 122, 120)
(137, 118, 138, 119)
(139, 137, 140, 136)
(93, 141, 94, 140)
(123, 92, 124, 93)
(91, 44, 92, 45)
(81, 90, 82, 91)
(223, 80, 224, 81)
(76, 80, 77, 79)
(18, 78, 19, 77)
(50, 17, 51, 18)
(49, 174, 50, 175)
(175, 48, 176, 49)
(34, 47, 35, 48)
(30, 174, 31, 173)
(27, 173, 28, 172)
(171, 29, 172, 28)
(170, 190, 171, 189)
(235, 188, 0, 189)
(187, 234, 188, 235)
(1, 187, 2, 186)
(185, 179, 186, 178)
(179, 185, 180, 184)
(229, 181, 230, 180)
(228, 170, 229, 169)
(168, 6, 169, 5)
(203, 4, 204, 5)
(151, 198, 152, 199)
(150, 44, 151, 43)
(149, 132, 150, 133)
(100, 133, 101, 134)
(134, 101, 135, 102)
(116, 135, 117, 136)
(117, 138, 118, 139)
(115, 104, 116, 105)
(105, 114, 106, 115)
(144, 113, 145, 114)
(96, 143, 97, 144)
(95, 129, 96, 128)
(127, 95, 128, 94)
(126, 142, 127, 141)
(130, 126, 131, 125)
(124, 132, 125, 131)
(129, 142, 130, 143)
(148, 97, 149, 98)
(103, 99, 104, 98)
(99, 103, 100, 102)
(112, 147, 113, 148)
(111, 107, 112, 106)
(107, 111, 108, 110)
(145, 109, 146, 108)
(109, 147, 110, 146)
(82, 85, 83, 86)
(84, 89, 85, 90)
(88, 83, 89, 84)
(87, 86, 88, 87)
(224, 76, 225, 75)
(225, 64, 226, 65)
(63, 21, 64, 20)
(78, 20, 79, 19)
(62, 52, 63, 51)
(61, 16, 62, 17)
(23, 61, 24, 60)
(57, 24, 58, 25)
(25, 58, 26, 59)
(26, 30, 27, 29)
(56, 60, 57, 59)
(55, 15, 56, 14)
(13, 193, 14, 192)
(191, 13, 192, 12)
(11, 191, 12, 190)
(193, 11, 194, 10)
(194, 7, 195, 8)
(227, 7, 228, 6)
(195, 227, 196, 226)
(205, 197, 206, 196)
(204, 167, 205, 168)
(207, 167, 208, 166)
(208, 154, 209, 153)
(215, 154, 216, 155)
(155, 162, 156, 163)
(161, 164, 162, 165)
(152, 166, 153, 165)
(209, 160, 210, 161)
(214, 160, 215, 159)
(211, 159, 212, 158)
(157, 213, 158, 212)
(163, 156, 164, 157)
(213, 210, 214, 211)
(197, 207, 198, 206)
(8, 53, 9, 54)
(21, 52, 22, 53)
(15, 22, 16, 23)
(54, 9, 55, 10)
(74, 65, 75, 66)
(69, 69, 70, 68)
(73, 70, 74, 71)
(71, 66, 72, 67)
(67, 72, 68, 73)
(181, 231, 182, 230)
(231, 183, 232, 182)
(183, 233, 184, 232)
(233, 0, 234, 1)
