(91, 137, 92, 136)
(188, 137, 189, 138)
(80, 189, 81, 190)
(172, 81, 173, 82)
(82, 173, 83, 174)
(178, 84, 179, 83)
(84, 178, 85, 177)
(85, 107, 86, 106)
(107, 87, 108, 86)
(87, 89, 88, 88)
(89, 135, 90, 134)
(135, 91, 136, 90)
(133, 128, 134, 129)
(92, 130, 93, 129)
(130, 94, 131, 93)
(94, 100, 95, 99)
(100, 197, 101, 198)
(187, 197, 188, 196)
(166, 196, 167, 195)
(164, 168, 165, 167)
(163, 28, 164, 29)
(154, 29, 155, 30)
(155, 159, 156, 158)
(159, 77, 160, 76)
(77, 138, 78, 139)
(78, 205, 79, 206)
(204, 79, 205, 80)
(168, 204, 169, 203)
(169, 190, 170, 191)
(170, 175, 171, 176)
(174, 171, 175, 172)
(179, 177, 180, 176)
(180, 106, 181, 105)
(181, 102, 182, 103)
(101, 201, 102, 200)
(199, 117, 200, 116)
(108, 115, 109, 116)
(98, 96, 99, 95)
(132, 98, 133, 97)
(96, 132, 97, 131)
(117, 199, 118, 198)
(112, 109, 113, 110)
(126, 114, 127, 113)
(114, 126, 115, 125)
(123, 125, 124, 124)
(122, 127, 123, 128)
(118, 121, 119, 122)
(120, 111, 121, 112)
(110, 119, 111, 120)
(186, 201, 187, 202)
(202, 194, 203, 193)
(194, 166, 195, 165)
(185, 192, 186, 193)
(191, 184, 192, 185)
(183, 104, 184, 105)
(103, 182, 104, 183)
(206, 152, 207, 151)
(27, 152, 28, 153)
(162, 153, 163, 154)
(34, 161, 35, 162)
(33, 31, 34, 30)
(32, 157, 33, 158)
(156, 31, 157, 32)
(75, 161, 76, 160)
(74, 57, 75, 58)
(49, 58, 50, 59)
(139, 51, 140, 50)
(208, 52, 209, 51)
(150, 208, 151, 207)
(149, 52, 150, 53)
(53, 54, 54, 55)
(55, 27, 56, 26)
(35, 57, 36, 56)
(36, 25, 37, 26)
(24, 47, 25, 48)
(48, 74, 49, 73)
(63, 73, 64, 72)
(71, 65, 72, 64)
(65, 71, 66, 70)
(66, 61, 67, 62)
(141, 60, 142, 61)
(59, 140, 60, 141)
(209, 143, 210, 142)
(143, 146, 144, 147)
(214, 145, 215, 146)
(148, 214, 149, 213)
(5, 213, 6, 212)
(6, 37, 7, 38)
(7, 45, 8, 44)
(45, 13, 46, 12)
(13, 47, 14, 46)
(14, 24, 15, 23)
(22, 16, 23, 15)
(16, 22, 17, 21)
(20, 18, 21, 17)
(19, 11, 20, 10)
(9, 68, 10, 69)
(69, 63, 70, 62)
(67, 8, 68, 9)
(11, 19, 12, 18)
(43, 3, 44, 2)
(1, 41, 2, 40)
(218, 39, 219, 40)
(210, 217, 211, 218)
(147, 216, 148, 217)
(144, 215, 145, 216)
(211, 5, 212, 4)
(38, 3, 39, 4)
(219, 43, 0, 42)
(41, 1, 42, 0)
