(128, 4, 129, 3)
(123, 2, 124, 3)
(122, 138, 123, 137)
(129, 136, 130, 137)
(135, 130, 136, 131)
(131, 4, 132, 5)
(125, 127, 126, 126)
(124, 127, 125, 128)
(217, 217, 218, 216)
(1, 218, 2, 219)
(219, 214, 0, 215)
(213, 199, 214, 198)
(197, 112, 198, 113)
(113, 140, 114, 141)
(139, 109, 140, 108)
(107, 139, 108, 138)
(121, 107, 122, 106)
(68, 106, 69, 105)
(104, 70, 105, 69)
(134, 104, 135, 103)
(102, 134, 103, 133)
(5, 132, 6, 133)
(201, 7, 202, 6)
(200, 209, 201, 210)
(210, 199, 211, 200)
(8, 211, 9, 212)
(212, 9, 213, 10)
(10, 15, 11, 16)
(14, 11, 15, 12)
(12, 206, 13, 205)
(203, 207, 204, 206)
(17, 203, 18, 202)
(18, 32, 19, 31)
(32, 192, 33, 191)
(192, 149, 193, 150)
(148, 146, 149, 145)
(117, 144, 118, 145)
(143, 116, 144, 117)
(111, 143, 112, 142)
(196, 142, 197, 141)
(114, 195, 115, 196)
(109, 194, 110, 195)
(193, 120, 194, 121)
(146, 119, 147, 120)
(118, 147, 119, 148)
(115, 110, 116, 111)
(153, 151, 154, 150)
(152, 72, 153, 71)
(67, 71, 68, 70)
(66, 101, 67, 102)
(65, 63, 66, 62)
(61, 30, 62, 31)
(60, 98, 61, 97)
(19, 96, 20, 97)
(95, 23, 96, 22)
(21, 95, 22, 94)
(186, 94, 187, 93)
(187, 174, 188, 175)
(190, 174, 191, 173)
(172, 90, 173, 89)
(88, 172, 89, 171)
(170, 44, 171, 43)
(83, 42, 84, 43)
(41, 82, 42, 83)
(40, 34, 41, 33)
(39, 155, 40, 154)
(38, 74, 39, 73)
(72, 152, 73, 151)
(37, 78, 38, 79)
(79, 76, 80, 77)
(75, 80, 76, 81)
(156, 81, 157, 82)
(157, 55, 158, 54)
(55, 159, 56, 158)
(160, 160, 161, 159)
(181, 26, 182, 27)
(28, 26, 29, 25)
(98, 29, 99, 30)
(99, 64, 100, 65)
(63, 100, 64, 101)
(24, 59, 25, 60)
(20, 23, 21, 24)
(183, 59, 184, 58)
(184, 92, 185, 91)
(92, 186, 93, 185)
(177, 90, 178, 91)
(189, 176, 190, 177)
(175, 188, 176, 189)
(178, 88, 179, 87)
(86, 180, 87, 179)
(85, 45, 86, 44)
(84, 169, 85, 170)
(53, 169, 54, 168)
(46, 168, 47, 167)
(47, 164, 48, 165)
(163, 48, 164, 49)
(49, 162, 50, 163)
(56, 161, 57, 162)
(180, 57, 181, 58)
(165, 50, 166, 51)
(51, 166, 52, 167)
(52, 45, 53, 46)
(27, 182, 28, 183)
(34, 155, 35, 156)
(74, 36, 75, 35)
(77, 36, 78, 37)
(16, 207, 17, 208)
(208, 7, 209, 8)
(204, 14, 205, 13)
(215, 0, 216, 1)
