(221, 10, 222, 11)
(220, 52, 221, 51)
(50, 48, 51, 47)
(46, 16, 47, 15)
(14, 12, 15, 11)
(22, 14, 23, 13)
(23, 38, 24, 39)
(37, 54, 38, 55)
(55, 9, 56, 8)
(9, 222, 10, 223)
(223, 164, 224, 165)
(163, 160, 164, 161)
(59, 218, 60, 219)
(52, 220, 53, 219)
(53, 36, 54, 37)
(35, 49, 36, 48)
(49, 35, 50, 34)
(24, 34, 25, 33)
(25, 18, 26, 19)
(44, 18, 45, 17)
(16, 46, 17, 45)
(43, 20, 44, 21)
(12, 22, 13, 21)
(29, 42, 30, 43)
(39, 28, 40, 29)
(32, 28, 33, 27)
(19, 26, 20, 27)
(31, 40, 32, 41)
(41, 30, 42, 31)
(58, 3, 59, 4)
(4, 57, 5, 58)
(7, 57, 8, 56)
(1, 7, 2, 6)
(229, 3, 0, 2)
(167, 228, 168, 229)
(227, 166, 228, 167)
(165, 226, 166, 227)
(225, 117, 226, 116)
(115, 225, 116, 224)
(114, 159, 115, 160)
(172, 113, 173, 114)
(171, 67, 172, 66)
(65, 162, 66, 163)
(161, 64, 162, 65)
(214, 118, 215, 117)
(118, 214, 119, 213)
(212, 120, 213, 119)
(211, 126, 212, 127)
(127, 206, 128, 207)
(205, 158, 206, 159)
(201, 205, 202, 204)
(202, 197, 203, 198)
(196, 85, 197, 86)
(86, 83, 87, 84)
(82, 99, 83, 100)
(69, 101, 70, 100)
(173, 68, 174, 69)
(112, 68, 113, 67)
(110, 112, 111, 111)
(170, 63, 171, 64)
(169, 216, 170, 217)
(217, 60, 218, 61)
(168, 62, 169, 61)
(215, 63, 216, 62)
(174, 110, 175, 109)
(108, 176, 109, 175)
(107, 123, 108, 122)
(121, 107, 122, 106)
(105, 121, 106, 120)
(123, 105, 124, 104)
(124, 137, 125, 138)
(136, 125, 137, 126)
(154, 136, 155, 135)
(210, 155, 211, 156)
(207, 157, 208, 156)
(157, 128, 158, 129)
(129, 133, 130, 132)
(133, 141, 134, 140)
(200, 141, 201, 142)
(142, 199, 143, 200)
(198, 203, 199, 204)
(194, 143, 195, 144)
(84, 195, 85, 196)
(144, 177, 145, 178)
(101, 176, 102, 177)
(145, 102, 146, 103)
(103, 146, 104, 147)
(182, 147, 183, 148)
(186, 183, 187, 184)
(187, 153, 188, 152)
(138, 154, 139, 153)
(139, 135, 140, 134)
(149, 189, 150, 188)
(189, 149, 190, 148)
(190, 194, 191, 193)
(180, 191, 181, 192)
(181, 178, 182, 179)
(192, 179, 193, 180)
(185, 150, 186, 151)
(151, 184, 152, 185)
(130, 210, 131, 209)
(208, 132, 209, 131)
(81, 71, 82, 70)
(73, 80, 74, 81)
(79, 72, 80, 73)
(93, 79, 94, 78)
(77, 95, 78, 94)
(95, 77, 96, 76)
(87, 97, 88, 96)
(90, 98, 91, 97)
(98, 90, 99, 89)
(91, 89, 92, 88)
(92, 75, 93, 76)
(71, 74, 72, 75)
(5, 1, 6, 0)
