(15, 115, 16, 114)
(113, 15, 114, 14)
(13, 100, 14, 101)
(101, 12, 102, 13)
(11, 17, 12, 16)
(10, 191, 11, 192)
(119, 193, 120, 192)
(118, 116, 119, 115)
(117, 30, 118, 31)
(110, 31, 111, 32)
(98, 111, 99, 112)
(112, 99, 113, 100)
(103, 102, 104, 103)
(104, 108, 105, 107)
(21, 108, 22, 109)
(17, 23, 18, 22)
(23, 176, 24, 177)
(175, 182, 176, 183)
(216, 183, 217, 184)
(217, 187, 218, 186)
(190, 187, 191, 188)
(223, 188, 224, 189)
(224, 10, 225, 9)
(2, 0, 3, 225)
(1, 201, 2, 200)
(199, 205, 200, 204)
(203, 199, 204, 198)
(197, 121, 198, 120)
(27, 197, 28, 196)
(193, 29, 194, 28)
(29, 116, 30, 117)
(194, 195, 195, 196)
(87, 62, 88, 63)
(63, 59, 64, 58)
(59, 32, 60, 33)
(60, 91, 61, 92)
(95, 90, 96, 91)
(97, 89, 98, 88)
(93, 96, 94, 97)
(92, 61, 93, 62)
(89, 94, 90, 95)
(86, 33, 87, 34)
(49, 35, 50, 34)
(48, 37, 49, 38)
(55, 38, 56, 39)
(65, 57, 66, 56)
(57, 65, 58, 64)
(66, 84, 67, 83)
(84, 51, 85, 52)
(50, 85, 51, 86)
(52, 35, 53, 36)
(36, 53, 37, 54)
(47, 54, 48, 55)
(46, 40, 47, 39)
(45, 76, 46, 77)
(42, 78, 43, 77)
(78, 42, 79, 41)
(79, 83, 80, 82)
(80, 67, 81, 68)
(68, 81, 69, 82)
(40, 70, 41, 69)
(73, 70, 74, 71)
(71, 74, 72, 75)
(75, 72, 76, 73)
(43, 44, 44, 45)
(109, 18, 110, 19)
(106, 19, 107, 20)
(20, 105, 21, 106)
(26, 178, 27, 177)
(25, 180, 26, 181)
(181, 24, 182, 25)
(179, 132, 180, 133)
(133, 140, 134, 141)
(139, 136, 140, 137)
(137, 173, 138, 172)
(166, 174, 167, 173)
(174, 166, 175, 165)
(141, 165, 142, 164)
(161, 143, 162, 142)
(125, 160, 126, 161)
(159, 124, 160, 125)
(123, 158, 124, 159)
(151, 122, 152, 123)
(121, 150, 122, 151)
(149, 130, 150, 131)
(131, 178, 132, 179)
(127, 148, 128, 149)
(147, 126, 148, 127)
(143, 147, 144, 146)
(163, 144, 164, 145)
(145, 162, 146, 163)
(155, 128, 156, 129)
(153, 157, 154, 156)
(157, 153, 158, 152)
(129, 154, 130, 155)
(170, 168, 171, 167)
(134, 169, 135, 170)
(168, 135, 169, 136)
(171, 139, 172, 138)
(202, 205, 203, 206)
(3, 206, 4, 207)
(214, 213, 215, 214)
(215, 213, 216, 212)
(211, 185, 212, 184)
(185, 211, 186, 210)
(218, 209, 219, 210)
(208, 219, 209, 220)
(7, 221, 8, 220)
(221, 7, 222, 6)
(189, 222, 190, 223)
(5, 8, 6, 9)
(207, 4, 208, 5)
(201, 1, 202, 0)
