(160, 166, 161, 165)
(57, 166, 58, 167)
(59, 59, 60, 58)
(190, 192, 191, 191)
(55, 165, 56, 164)
(161, 57, 162, 56)
(162, 167, 163, 168)
(168, 163, 169, 164)
(169, 62, 170, 63)
(61, 125, 62, 124)
(123, 61, 124, 60)
(122, 125, 123, 126)
(126, 160, 127, 159)
(130, 127, 131, 128)
(131, 152, 132, 153)
(192, 54, 193, 53)
(187, 54, 188, 55)
(189, 189, 190, 188)
(171, 186, 172, 187)
(63, 170, 64, 171)
(64, 67, 65, 68)
(66, 175, 67, 176)
(176, 87, 177, 88)
(86, 99, 87, 100)
(100, 103, 101, 104)
(102, 101, 103, 102)
(104, 110, 105, 109)
(110, 122, 111, 121)
(111, 76, 112, 77)
(75, 112, 76, 113)
(194, 114, 195, 113)
(40, 194, 41, 193)
(46, 42, 47, 41)
(158, 129, 159, 130)
(128, 157, 129, 158)
(156, 137, 157, 138)
(138, 155, 139, 156)
(154, 149, 155, 150)
(150, 153, 151, 154)
(151, 132, 152, 133)
(133, 148, 134, 149)
(142, 148, 143, 147)
(143, 48, 144, 49)
(47, 52, 48, 53)
(144, 52, 145, 51)
(50, 146, 51, 145)
(146, 50, 147, 49)
(42, 141, 43, 142)
(140, 135, 141, 136)
(45, 136, 46, 137)
(44, 140, 45, 139)
(134, 43, 135, 44)
(39, 116, 40, 117)
(118, 117, 119, 118)
(119, 79, 120, 78)
(70, 80, 71, 79)
(172, 69, 173, 70)
(185, 69, 186, 68)
(184, 173, 185, 174)
(174, 65, 175, 66)
(88, 183, 89, 184)
(182, 178, 183, 177)
(181, 91, 182, 90)
(89, 98, 90, 99)
(178, 97, 179, 98)
(91, 96, 92, 97)
(95, 92, 96, 93)
(180, 93, 181, 94)
(94, 179, 95, 180)
(85, 80, 86, 81)
(108, 106, 109, 105)
(82, 108, 83, 107)
(72, 83, 73, 84)
(120, 73, 121, 74)
(77, 75, 78, 74)
(84, 71, 85, 72)
(106, 82, 107, 81)
(36, 219, 37, 220)
(37, 114, 38, 115)
(115, 38, 116, 39)
(211, 220, 212, 221)
(17, 213, 18, 212)
(213, 17, 214, 16)
(214, 209, 215, 210)
(205, 209, 206, 208)
(197, 203, 198, 202)
(198, 195, 199, 196)
(199, 216, 200, 217)
(218, 216, 219, 215)
(217, 200, 218, 201)
(201, 197, 202, 196)
(203, 207, 204, 206)
(207, 205, 208, 204)
(35, 210, 36, 211)
(34, 226, 35, 225)
(224, 34, 225, 33)
(32, 224, 33, 223)
(222, 19, 223, 20)
(20, 221, 21, 222)
(21, 18, 22, 19)
(22, 227, 23, 228)
(15, 227, 16, 226)
(11, 14, 12, 15)
(27, 10, 28, 11)
(9, 26, 10, 27)
(25, 8, 26, 9)
(31, 25, 32, 24)
(228, 235, 229, 236)
(237, 234, 0, 235)
(236, 5, 237, 6)
(6, 23, 7, 24)
(30, 8, 31, 7)
(29, 13, 30, 12)
(13, 29, 14, 28)
(229, 4, 230, 5)
(3, 230, 4, 231)
(231, 2, 232, 3)
(1, 232, 2, 233)
(233, 0, 234, 1)
