(187, 206, 188, 207)
(202, 205, 203, 206)
(201, 208, 202, 209)
(209, 176, 210, 177)
(178, 176, 179, 175)
(179, 192, 180, 193)
(186, 192, 187, 191)
(190, 208, 191, 207)
(189, 205, 190, 204)
(203, 189, 204, 188)
(182, 186, 183, 185)
(183, 212, 184, 213)
(211, 200, 212, 201)
(177, 210, 178, 211)
(199, 123, 200, 122)
(121, 174, 122, 175)
(120, 198, 121, 197)
(195, 196, 196, 197)
(181, 194, 182, 195)
(193, 180, 194, 181)
(134, 36, 135, 35)
(133, 140, 134, 141)
(141, 132, 142, 133)
(154, 132, 155, 131)
(126, 156, 127, 155)
(216, 125, 217, 126)
(124, 215, 125, 216)
(214, 123, 215, 124)
(213, 184, 214, 185)
(118, 217, 119, 218)
(172, 119, 173, 120)
(198, 173, 199, 174)
(32, 172, 33, 171)
(33, 100, 34, 101)
(99, 34, 100, 35)
(98, 98, 99, 97)
(93, 97, 94, 96)
(36, 136, 37, 135)
(139, 136, 140, 137)
(137, 20, 138, 21)
(16, 19, 17, 20)
(28, 16, 29, 15)
(29, 166, 30, 167)
(165, 114, 166, 115)
(162, 116, 163, 115)
(142, 161, 143, 162)
(153, 161, 154, 160)
(159, 148, 160, 149)
(130, 149, 131, 150)
(127, 151, 128, 150)
(151, 144, 152, 145)
(143, 157, 144, 156)
(157, 153, 158, 152)
(147, 158, 148, 159)
(129, 147, 130, 146)
(145, 129, 146, 128)
(116, 164, 117, 163)
(164, 118, 165, 117)
(30, 114, 31, 113)
(218, 32, 219, 31)
(170, 219, 171, 220)
(220, 169, 221, 170)
(109, 168, 110, 169)
(27, 108, 28, 109)
(107, 26, 108, 27)
(25, 106, 26, 107)
(92, 66, 93, 65)
(64, 45, 65, 46)
(46, 63, 47, 64)
(41, 62, 42, 63)
(51, 40, 52, 41)
(39, 50, 40, 51)
(38, 95, 39, 96)
(94, 37, 95, 38)
(80, 82, 81, 81)
(21, 138, 22, 139)
(18, 17, 19, 18)
(105, 22, 106, 23)
(102, 24, 103, 23)
(24, 102, 25, 101)
(103, 78, 104, 79)
(76, 77, 77, 78)
(74, 75, 75, 76)
(69, 72, 70, 73)
(73, 66, 74, 67)
(67, 70, 68, 71)
(71, 68, 72, 69)
(48, 58, 49, 57)
(47, 44, 48, 45)
(43, 60, 44, 61)
(61, 42, 62, 43)
(59, 53, 60, 52)
(53, 59, 54, 58)
(49, 54, 50, 55)
(87, 82, 88, 83)
(91, 88, 92, 89)
(84, 89, 85, 90)
(85, 57, 86, 56)
(55, 87, 56, 86)
(90, 83, 91, 84)
(79, 104, 80, 105)
(167, 14, 168, 15)
(2, 14, 3, 13)
(112, 3, 113, 4)
(4, 111, 5, 112)
(110, 222, 111, 221)
(222, 6, 223, 5)
(1, 6, 2, 7)
(12, 7, 13, 8)
(8, 11, 9, 12)
(223, 10, 0, 11)
(9, 0, 10, 1)
