(184, 174, 185, 173)
(172, 186, 173, 185)
(186, 172, 187, 171)
(192, 188, 193, 187)
(220, 192, 221, 191)
(190, 190, 191, 189)
(219, 188, 220, 189)
(221, 218, 222, 219)
(217, 198, 218, 199)
(199, 200, 200, 201)
(174, 12, 175, 11)
(19, 12, 20, 13)
(20, 184, 21, 183)
(228, 21, 229, 22)
(229, 226, 230, 227)
(225, 232, 226, 233)
(168, 233, 169, 234)
(194, 170, 195, 169)
(170, 194, 171, 193)
(195, 222, 196, 223)
(215, 196, 216, 197)
(197, 216, 198, 217)
(214, 27, 215, 28)
(28, 4, 29, 3)
(4, 30, 5, 29)
(205, 31, 206, 30)
(143, 205, 144, 204)
(144, 201, 145, 202)
(145, 130, 146, 131)
(8, 130, 9, 129)
(9, 159, 10, 158)
(159, 11, 160, 10)
(160, 179, 161, 180)
(181, 179, 182, 178)
(177, 183, 178, 182)
(176, 15, 177, 16)
(16, 175, 17, 176)
(17, 14, 18, 15)
(13, 18, 14, 19)
(180, 161, 181, 162)
(162, 23, 163, 24)
(22, 227, 23, 228)
(166, 164, 167, 163)
(230, 165, 231, 166)
(164, 231, 165, 232)
(224, 167, 225, 168)
(234, 223, 235, 224)
(208, 235, 209, 0)
(212, 209, 213, 210)
(26, 213, 27, 214)
(25, 2, 26, 3)
(24, 208, 25, 207)
(206, 6, 207, 5)
(127, 156, 128, 157)
(155, 126, 156, 127)
(147, 155, 148, 154)
(148, 151, 149, 152)
(150, 32, 151, 31)
(32, 150, 33, 149)
(50, 34, 51, 33)
(49, 100, 50, 101)
(140, 101, 141, 102)
(141, 203, 142, 202)
(203, 143, 204, 142)
(123, 102, 124, 103)
(131, 125, 132, 124)
(146, 126, 147, 125)
(132, 136, 133, 135)
(115, 136, 116, 137)
(119, 117, 120, 116)
(118, 153, 119, 154)
(152, 117, 153, 118)
(120, 138, 121, 137)
(107, 138, 108, 139)
(108, 51, 109, 52)
(52, 109, 53, 110)
(53, 85, 54, 84)
(85, 55, 86, 54)
(42, 91, 43, 92)
(34, 44, 35, 43)
(44, 48, 45, 47)
(99, 48, 100, 49)
(98, 111, 99, 112)
(139, 112, 140, 113)
(113, 106, 114, 107)
(122, 106, 123, 105)
(104, 133, 105, 134)
(134, 103, 135, 104)
(114, 122, 115, 121)
(110, 97, 111, 98)
(93, 96, 94, 97)
(35, 93, 36, 92)
(36, 84, 37, 83)
(37, 60, 38, 61)
(59, 66, 60, 67)
(67, 86, 68, 87)
(71, 69, 72, 68)
(70, 78, 71, 77)
(55, 76, 56, 77)
(90, 81, 91, 82)
(82, 42, 83, 41)
(40, 66, 41, 65)
(61, 64, 62, 65)
(63, 39, 64, 38)
(39, 63, 40, 62)
(89, 75, 90, 74)
(73, 89, 74, 88)
(87, 58, 88, 59)
(72, 57, 73, 58)
(79, 56, 80, 57)
(78, 70, 79, 69)
(80, 76, 81, 75)
(46, 96, 47, 95)
(94, 46, 95, 45)
(128, 8, 129, 7)
(157, 7, 158, 6)
(1, 210, 2, 211)
(211, 0, 212, 1)
