(25, 3, 26, 2)
(26, 211, 27, 212)
(7, 210, 8, 211)
(6, 4, 7, 3)
(5, 16, 6, 17)
(17, 228, 18, 229)
(20, 228, 21, 227)
(21, 233, 22, 232)
(24, 233, 25, 234)
(234, 2, 235, 1)
(235, 106, 236, 107)
(105, 108, 106, 109)
(109, 212, 110, 213)
(213, 110, 214, 111)
(111, 214, 112, 215)
(215, 112, 216, 113)
(216, 27, 217, 28)
(8, 218, 9, 217)
(218, 222, 219, 221)
(13, 222, 14, 223)
(209, 14, 210, 15)
(15, 4, 16, 5)
(223, 209, 224, 208)
(224, 229, 225, 230)
(18, 226, 19, 225)
(226, 20, 227, 19)
(230, 207, 231, 208)
(206, 231, 207, 232)
(205, 71, 206, 70)
(69, 86, 70, 87)
(104, 87, 105, 88)
(115, 88, 116, 89)
(89, 116, 90, 117)
(90, 113, 91, 114)
(91, 66, 92, 67)
(65, 61, 66, 60)
(59, 151, 60, 150)
(149, 59, 150, 58)
(28, 57, 29, 58)
(56, 159, 57, 160)
(51, 161, 52, 160)
(171, 51, 172, 50)
(172, 179, 173, 180)
(178, 173, 179, 174)
(9, 175, 10, 174)
(175, 221, 176, 220)
(219, 177, 220, 176)
(10, 177, 11, 178)
(180, 11, 181, 12)
(12, 181, 13, 182)
(73, 183, 74, 182)
(201, 73, 202, 72)
(71, 203, 72, 202)
(199, 204, 200, 205)
(198, 191, 199, 192)
(192, 82, 193, 81)
(82, 49, 83, 50)
(48, 85, 49, 86)
(47, 133, 48, 132)
(126, 131, 127, 132)
(96, 126, 97, 125)
(124, 98, 125, 97)
(98, 124, 99, 123)
(122, 100, 123, 99)
(100, 122, 101, 121)
(120, 102, 121, 101)
(102, 120, 103, 119)
(68, 103, 69, 104)
(67, 119, 68, 118)
(117, 114, 118, 115)
(92, 95, 93, 96)
(63, 95, 64, 94)
(61, 65, 62, 64)
(93, 63, 94, 62)
(130, 127, 131, 128)
(128, 45, 129, 46)
(44, 147, 45, 148)
(148, 151, 149, 152)
(29, 153, 30, 152)
(153, 157, 154, 156)
(157, 54, 158, 55)
(53, 158, 54, 159)
(55, 53, 56, 52)
(167, 165, 168, 164)
(163, 169, 164, 168)
(169, 163, 170, 162)
(161, 171, 162, 170)
(165, 166, 166, 167)
(31, 154, 32, 155)
(32, 139, 33, 140)
(138, 84, 139, 83)
(84, 138, 85, 137)
(136, 41, 137, 42)
(42, 133, 43, 134)
(146, 43, 147, 44)
(145, 35, 146, 34)
(140, 33, 141, 34)
(141, 41, 142, 40)
(39, 143, 40, 142)
(143, 39, 144, 38)
(37, 145, 38, 144)
(36, 135, 37, 136)
(134, 35, 135, 36)
(155, 30, 156, 31)
(46, 129, 47, 130)
(194, 194, 195, 193)
(195, 78, 196, 79)
(74, 77, 75, 78)
(76, 185, 77, 186)
(186, 183, 187, 184)
(196, 187, 197, 188)
(190, 197, 191, 198)
(189, 80, 190, 81)
(79, 188, 80, 189)
(184, 75, 185, 76)
(203, 200, 204, 201)
(107, 236, 108, 237)
(237, 22, 0, 23)
(23, 0, 24, 1)
