(53, 93, 54, 92)
(93, 90, 94, 91)
(89, 70, 90, 71)
(108, 72, 109, 71)
(72, 108, 73, 107)
(73, 53, 74, 52)
(77, 74, 78, 75)
(99, 79, 100, 78)
(83, 99, 84, 98)
(97, 85, 98, 84)
(96, 56, 97, 55)
(91, 55, 92, 54)
(95, 95, 96, 94)
(136, 88, 137, 87)
(69, 88, 70, 89)
(105, 69, 106, 68)
(109, 107, 110, 106)
(103, 111, 104, 110)
(49, 103, 50, 102)
(50, 76, 51, 75)
(76, 52, 77, 51)
(80, 102, 81, 101)
(100, 82, 101, 81)
(79, 83, 80, 82)
(48, 60, 49, 59)
(57, 59, 58, 58)
(85, 56, 86, 57)
(86, 136, 87, 135)
(168, 137, 169, 138)
(138, 169, 139, 170)
(146, 140, 147, 139)
(145, 66, 146, 67)
(67, 105, 68, 104)
(65, 144, 66, 145)
(64, 62, 65, 61)
(60, 112, 61, 111)
(112, 63, 113, 64)
(62, 113, 63, 114)
(157, 114, 158, 115)
(158, 48, 159, 47)
(167, 173, 168, 172)
(142, 171, 143, 172)
(170, 141, 171, 142)
(140, 148, 141, 147)
(148, 144, 149, 143)
(149, 157, 150, 156)
(150, 115, 151, 116)
(116, 151, 117, 152)
(152, 117, 153, 118)
(162, 154, 163, 153)
(120, 162, 121, 161)
(160, 122, 161, 121)
(46, 160, 47, 159)
(45, 122, 46, 123)
(123, 44, 124, 45)
(36, 43, 37, 44)
(42, 35, 43, 36)
(34, 41, 35, 42)
(28, 34, 29, 33)
(29, 209, 30, 208)
(8, 210, 9, 209)
(218, 7, 219, 8)
(220, 218, 221, 217)
(221, 2, 0, 3)
(1, 181, 2, 180)
(179, 182, 180, 183)
(175, 178, 176, 179)
(174, 184, 175, 183)
(173, 134, 174, 135)
(166, 134, 167, 133)
(132, 166, 133, 165)
(164, 155, 165, 156)
(118, 163, 119, 164)
(119, 154, 120, 155)
(131, 41, 132, 40)
(39, 131, 40, 130)
(124, 129, 125, 130)
(128, 125, 129, 126)
(37, 127, 38, 126)
(127, 39, 128, 38)
(184, 177, 185, 178)
(176, 185, 177, 186)
(186, 28, 187, 27)
(204, 187, 205, 188)
(205, 33, 206, 32)
(31, 207, 32, 206)
(207, 31, 208, 30)
(193, 188, 194, 189)
(194, 9, 195, 10)
(195, 15, 196, 14)
(15, 19, 16, 18)
(22, 20, 23, 19)
(21, 212, 22, 213)
(213, 210, 214, 211)
(214, 6, 215, 5)
(6, 219, 7, 220)
(4, 216, 5, 215)
(216, 4, 217, 3)
(26, 26, 27, 25)
(23, 24, 24, 25)
(211, 20, 212, 21)
(16, 202, 17, 201)
(197, 202, 198, 203)
(203, 198, 204, 199)
(196, 200, 197, 199)
(200, 18, 201, 17)
(192, 14, 193, 13)
(189, 12, 190, 13)
(11, 190, 12, 191)
(191, 10, 192, 11)
(181, 1, 182, 0)
