(226, 205, 227, 206)
(204, 227, 205, 228)
(228, 220, 229, 219)
(241, 220, 242, 221)
(242, 147, 243, 148)
(146, 243, 147, 244)
(244, 45, 245, 46)
(44, 155, 45, 156)
(156, 25, 157, 26)
(35, 24, 36, 25)
(23, 34, 24, 35)
(225, 23, 226, 22)
(21, 225, 22, 224)
(238, 223, 239, 224)
(237, 190, 238, 191)
(191, 236, 192, 237)
(235, 210, 236, 211)
(211, 203, 212, 202)
(206, 204, 207, 203)
(207, 213, 208, 212)
(194, 214, 195, 213)
(230, 193, 231, 194)
(218, 230, 219, 229)
(192, 217, 193, 218)
(216, 233, 217, 234)
(209, 234, 210, 235)
(201, 209, 202, 208)
(200, 196, 201, 195)
(199, 215, 200, 214)
(198, 232, 199, 231)
(232, 198, 233, 197)
(196, 215, 197, 216)
(222, 189, 223, 190)
(221, 240, 222, 241)
(239, 189, 240, 188)
(20, 187, 21, 188)
(112, 20, 113, 19)
(113, 145, 114, 144)
(145, 148, 146, 149)
(152, 149, 153, 150)
(153, 46, 154, 47)
(154, 245, 155, 246)
(165, 247, 166, 246)
(33, 164, 34, 165)
(32, 41, 33, 42)
(42, 27, 43, 28)
(26, 43, 27, 44)
(157, 29, 158, 28)
(36, 30, 37, 29)
(30, 38, 31, 37)
(38, 164, 39, 163)
(39, 161, 40, 160)
(161, 41, 162, 40)
(159, 163, 160, 162)
(158, 31, 159, 32)
(247, 169, 248, 168)
(8, 170, 9, 169)
(2, 8, 3, 7)
(3, 187, 4, 186)
(185, 5, 186, 4)
(184, 172, 185, 171)
(170, 250, 171, 249)
(9, 249, 10, 248)
(109, 10, 110, 11)
(11, 110, 12, 111)
(111, 12, 112, 13)
(13, 19, 14, 18)
(14, 138, 15, 137)
(138, 115, 139, 116)
(143, 115, 144, 114)
(139, 143, 140, 142)
(117, 140, 118, 141)
(135, 119, 136, 118)
(59, 134, 60, 135)
(58, 151, 59, 152)
(150, 57, 151, 58)
(133, 56, 134, 57)
(132, 101, 133, 102)
(47, 103, 48, 102)
(166, 104, 167, 103)
(104, 168, 105, 167)
(80, 105, 81, 106)
(81, 109, 82, 108)
(77, 83, 78, 82)
(69, 76, 70, 77)
(75, 68, 76, 69)
(17, 75, 18, 74)
(73, 17, 74, 16)
(136, 16, 137, 15)
(67, 72, 68, 73)
(71, 66, 72, 67)
(65, 70, 66, 71)
(119, 64, 120, 65)
(63, 125, 64, 124)
(123, 63, 124, 62)
(52, 61, 53, 62)
(60, 51, 61, 52)
(55, 51, 56, 50)
(49, 100, 50, 101)
(48, 131, 49, 132)
(87, 130, 88, 131)
(86, 79, 87, 80)
(85, 107, 86, 106)
(107, 85, 108, 84)
(83, 79, 84, 78)
(129, 93, 130, 92)
(91, 129, 92, 128)
(120, 127, 121, 128)
(126, 121, 127, 122)
(122, 125, 123, 126)
(90, 93, 91, 94)
(94, 98, 95, 97)
(53, 99, 54, 98)
(99, 55, 100, 54)
(95, 88, 96, 89)
(89, 96, 90, 97)
(141, 116, 142, 117)
(183, 251, 184, 250)
(251, 183, 252, 182)
(1, 252, 2, 253)
(253, 178, 0, 179)
(174, 177, 175, 178)
(173, 6, 174, 7)
(5, 172, 6, 173)
(176, 181, 177, 182)
(180, 175, 181, 176)
(179, 0, 180, 1)
