(233, 22, 234, 23)
(232, 18, 233, 17)
(16, 232, 17, 231)
(230, 24, 231, 23)
(226, 229, 227, 230)
(222, 226, 223, 225)
(250, 223, 251, 224)
(210, 252, 211, 251)
(237, 235, 238, 234)
(21, 237, 22, 236)
(235, 21, 236, 20)
(19, 14, 20, 15)
(15, 18, 16, 19)
(204, 13, 205, 14)
(256, 204, 257, 203)
(257, 200, 0, 201)
(199, 2, 200, 3)
(3, 196, 4, 197)
(195, 4, 196, 5)
(26, 6, 27, 5)
(228, 25, 229, 26)
(24, 227, 25, 228)
(219, 7, 220, 6)
(7, 219, 8, 218)
(8, 222, 9, 221)
(9, 249, 10, 248)
(224, 249, 225, 250)
(10, 211, 11, 212)
(11, 252, 12, 253)
(207, 240, 208, 241)
(206, 209, 207, 210)
(205, 239, 206, 238)
(241, 13, 242, 12)
(242, 246, 243, 245)
(246, 256, 247, 255)
(212, 247, 213, 248)
(213, 216, 214, 217)
(215, 214, 216, 215)
(198, 198, 199, 197)
(194, 194, 195, 193)
(28, 164, 29, 163)
(29, 30, 30, 31)
(31, 82, 32, 83)
(81, 167, 82, 166)
(165, 192, 166, 193)
(164, 28, 165, 27)
(162, 48, 163, 47)
(46, 84, 47, 83)
(66, 46, 67, 45)
(36, 68, 37, 67)
(170, 35, 171, 36)
(169, 33, 170, 32)
(33, 169, 34, 168)
(167, 35, 168, 34)
(80, 171, 81, 172)
(48, 191, 49, 192)
(51, 191, 52, 190)
(161, 52, 162, 53)
(53, 160, 54, 161)
(159, 54, 160, 55)
(84, 56, 85, 55)
(59, 56, 60, 57)
(60, 66, 61, 65)
(64, 62, 65, 61)
(70, 64, 71, 63)
(71, 40, 72, 41)
(39, 44, 40, 45)
(43, 38, 44, 39)
(37, 42, 38, 43)
(41, 72, 42, 73)
(73, 68, 74, 69)
(79, 74, 80, 75)
(75, 174, 76, 175)
(173, 51, 174, 50)
(49, 173, 50, 172)
(187, 76, 188, 77)
(125, 189, 126, 188)
(189, 125, 190, 124)
(99, 156, 100, 157)
(148, 158, 149, 157)
(158, 148, 159, 147)
(146, 88, 147, 87)
(86, 119, 87, 120)
(120, 85, 121, 86)
(58, 121, 59, 122)
(122, 57, 123, 58)
(123, 136, 124, 137)
(78, 136, 79, 135)
(131, 135, 132, 134)
(183, 133, 184, 132)
(177, 183, 178, 182)
(178, 175, 179, 176)
(186, 179, 187, 180)
(180, 185, 181, 186)
(133, 185, 134, 184)
(181, 177, 182, 176)
(130, 78, 131, 77)
(126, 129, 127, 130)
(127, 129, 128, 128)
(117, 117, 118, 116)
(118, 144, 119, 143)
(144, 90, 145, 89)
(90, 94, 91, 93)
(155, 94, 156, 95)
(98, 95, 99, 96)
(149, 97, 150, 96)
(97, 151, 98, 150)
(154, 152, 155, 151)
(153, 92, 154, 93)
(91, 152, 92, 153)
(88, 146, 89, 145)
(115, 142, 116, 143)
(141, 114, 142, 115)
(140, 110, 141, 109)
(108, 140, 109, 139)
(138, 108, 139, 107)
(106, 138, 107, 137)
(105, 101, 106, 100)
(111, 105, 112, 104)
(103, 113, 104, 112)
(113, 103, 114, 102)
(101, 111, 102, 110)
(62, 70, 63, 69)
(217, 220, 218, 221)
(243, 255, 244, 254)
(253, 245, 254, 244)
(239, 208, 240, 209)
(1, 202, 2, 203)
(201, 0, 202, 1)
