(234, 23, 235, 24)
(186, 235, 187, 236)
(236, 187, 237, 188)
(10, 238, 11, 237)
(238, 10, 239, 9)
(54, 240, 55, 239)
(53, 230, 54, 231)
(231, 50, 232, 51)
(49, 232, 50, 233)
(45, 49, 46, 48)
(35, 47, 36, 46)
(19, 35, 20, 34)
(33, 21, 34, 20)
(21, 33, 22, 32)
(22, 233, 23, 234)
(28, 32, 29, 31)
(29, 16, 30, 17)
(24, 15, 25, 16)
(14, 179, 15, 180)
(180, 13, 181, 14)
(185, 13, 186, 12)
(11, 189, 12, 188)
(172, 190, 173, 189)
(171, 123, 172, 122)
(121, 171, 122, 170)
(169, 121, 170, 120)
(119, 169, 120, 168)
(167, 7, 168, 6)
(8, 6, 9, 5)
(4, 56, 5, 55)
(3, 158, 4, 159)
(240, 160, 241, 159)
(247, 161, 0, 160)
(161, 247, 162, 246)
(57, 162, 58, 163)
(149, 59, 150, 58)
(148, 151, 149, 152)
(152, 147, 153, 148)
(229, 147, 230, 146)
(145, 42, 146, 43)
(52, 43, 53, 44)
(44, 51, 45, 52)
(144, 40, 145, 39)
(38, 144, 39, 143)
(142, 38, 143, 37)
(47, 37, 48, 36)
(80, 141, 81, 142)
(76, 80, 77, 79)
(77, 27, 78, 26)
(18, 27, 19, 28)
(17, 30, 18, 31)
(25, 79, 26, 78)
(75, 178, 76, 179)
(177, 74, 178, 75)
(181, 176, 182, 177)
(184, 176, 185, 175)
(174, 184, 175, 183)
(182, 174, 183, 173)
(73, 191, 74, 190)
(72, 70, 73, 69)
(68, 124, 69, 123)
(124, 68, 125, 67)
(118, 125, 119, 126)
(126, 117, 127, 118)
(113, 117, 114, 116)
(165, 114, 166, 115)
(7, 167, 8, 166)
(115, 164, 116, 165)
(163, 156, 164, 157)
(157, 56, 158, 57)
(155, 113, 156, 112)
(111, 61, 112, 60)
(59, 151, 60, 150)
(61, 111, 62, 110)
(109, 63, 110, 62)
(153, 108, 154, 109)
(128, 108, 129, 107)
(106, 130, 107, 129)
(105, 220, 106, 221)
(221, 90, 222, 91)
(89, 228, 90, 229)
(88, 41, 89, 42)
(40, 87, 41, 88)
(86, 82, 87, 81)
(85, 207, 86, 206)
(192, 205, 193, 206)
(140, 192, 141, 191)
(139, 195, 140, 194)
(193, 139, 194, 138)
(137, 132, 138, 133)
(133, 70, 134, 71)
(71, 134, 72, 135)
(135, 67, 136, 66)
(65, 137, 66, 136)
(64, 128, 65, 127)
(154, 64, 155, 63)
(131, 218, 132, 219)
(219, 130, 220, 131)
(214, 217, 215, 218)
(96, 214, 97, 213)
(97, 94, 98, 95)
(93, 100, 94, 101)
(101, 92, 102, 93)
(91, 104, 92, 105)
(98, 103, 99, 104)
(102, 99, 103, 100)
(212, 96, 213, 95)
(211, 209, 212, 208)
(207, 85, 208, 84)
(83, 225, 84, 224)
(223, 226, 224, 227)
(227, 222, 228, 223)
(225, 83, 226, 82)
(215, 210, 216, 211)
(209, 216, 210, 217)
(202, 196, 203, 195)
(196, 202, 197, 201)
(200, 198, 201, 197)
(199, 204, 200, 205)
(203, 198, 204, 199)
(245, 243, 246, 242)
(2, 242, 3, 241)
(1, 245, 2, 244)
(243, 1, 244, 0)
