(179, 199, 180, 198)
(151, 178, 152, 179)
(177, 150, 178, 151)
(237, 177, 238, 176)
(197, 238, 198, 239)
(239, 196, 240, 197)
(180, 195, 181, 196)
(65, 195, 66, 194)
(66, 247, 67, 248)
(246, 67, 247, 68)
(123, 69, 124, 68)
(199, 122, 200, 123)
(121, 118, 122, 119)
(108, 120, 109, 119)
(114, 107, 115, 108)
(106, 113, 107, 114)
(105, 132, 106, 133)
(133, 143, 134, 142)
(143, 88, 144, 89)
(87, 144, 88, 145)
(145, 170, 146, 171)
(169, 146, 170, 147)
(152, 148, 153, 147)
(161, 149, 162, 148)
(149, 161, 150, 160)
(159, 162, 160, 163)
(236, 163, 237, 164)
(164, 233, 165, 234)
(232, 175, 233, 176)
(70, 231, 71, 232)
(69, 125, 70, 124)
(125, 200, 126, 201)
(131, 127, 132, 126)
(130, 127, 131, 128)
(128, 129, 129, 130)
(117, 113, 118, 112)
(111, 117, 112, 116)
(115, 111, 116, 110)
(120, 110, 121, 109)
(201, 205, 202, 204)
(100, 205, 101, 206)
(94, 102, 95, 101)
(93, 104, 94, 105)
(92, 228, 93, 227)
(226, 221, 227, 222)
(222, 142, 223, 141)
(223, 136, 224, 137)
(218, 135, 219, 136)
(134, 217, 135, 218)
(89, 216, 90, 217)
(215, 90, 216, 91)
(91, 214, 92, 215)
(213, 86, 214, 87)
(85, 212, 86, 213)
(71, 84, 72, 85)
(83, 81, 84, 80)
(74, 80, 75, 79)
(75, 231, 76, 230)
(203, 76, 204, 77)
(77, 202, 78, 203)
(229, 79, 230, 78)
(211, 228, 212, 229)
(210, 99, 211, 100)
(206, 209, 207, 210)
(95, 208, 96, 209)
(207, 96, 208, 97)
(97, 102, 98, 103)
(103, 98, 104, 99)
(73, 83, 74, 82)
(81, 73, 82, 72)
(138, 219, 139, 220)
(220, 139, 221, 140)
(225, 140, 226, 141)
(137, 224, 138, 225)
(174, 172, 175, 171)
(173, 168, 174, 169)
(167, 172, 168, 173)
(166, 155, 167, 156)
(156, 153, 157, 154)
(234, 157, 235, 158)
(158, 235, 159, 236)
(154, 165, 155, 166)
(248, 246, 249, 245)
(249, 243, 0, 242)
(243, 240, 244, 241)
(244, 2, 245, 1)
(2, 5, 3, 6)
(183, 5, 184, 4)
(184, 181, 185, 182)
(36, 185, 37, 186)
(64, 37, 65, 38)
(38, 33, 39, 34)
(32, 39, 33, 40)
(47, 41, 48, 40)
(46, 51, 47, 52)
(13, 52, 14, 53)
(9, 15, 10, 14)
(8, 193, 9, 194)
(7, 16, 8, 17)
(17, 6, 18, 7)
(18, 191, 19, 192)
(61, 191, 62, 190)
(187, 63, 188, 62)
(186, 35, 187, 36)
(63, 35, 64, 34)
(59, 189, 60, 188)
(19, 59, 20, 58)
(29, 20, 30, 21)
(49, 31, 50, 30)
(31, 49, 32, 48)
(50, 41, 51, 42)
(42, 46, 43, 45)
(54, 44, 55, 43)
(53, 12, 54, 13)
(56, 12, 57, 11)
(10, 58, 11, 57)
(44, 56, 45, 55)
(25, 29, 26, 28)
(26, 21, 27, 22)
(22, 27, 23, 28)
(24, 24, 25, 23)
(189, 61, 190, 60)
(15, 193, 16, 192)
(3, 183, 4, 182)
(241, 1, 242, 0)
