(178, 181, 179, 182)
(182, 179, 183, 180)
(183, 113, 184, 112)
(216, 114, 217, 113)
(114, 218, 115, 217)
(218, 87, 219, 88)
(86, 219, 87, 220)
(227, 221, 228, 220)
(223, 227, 224, 226)
(239, 225, 0, 224)
(1, 239, 2, 238)
(2, 6, 3, 5)
(174, 213, 175, 214)
(180, 177, 181, 178)
(109, 177, 110, 176)
(95, 111, 96, 110)
(111, 95, 112, 94)
(184, 93, 185, 94)
(92, 116, 93, 115)
(88, 91, 89, 92)
(125, 91, 126, 90)
(81, 126, 82, 127)
(82, 233, 83, 234)
(85, 233, 86, 232)
(231, 85, 232, 84)
(83, 231, 84, 230)
(229, 223, 230, 222)
(221, 229, 222, 228)
(234, 238, 235, 237)
(72, 235, 73, 236)
(46, 74, 47, 73)
(45, 4, 46, 5)
(3, 44, 4, 45)
(154, 44, 155, 43)
(42, 156, 43, 155)
(41, 210, 42, 211)
(211, 36, 212, 37)
(35, 9, 36, 8)
(6, 7, 7, 8)
(212, 216, 213, 215)
(214, 173, 215, 174)
(197, 105, 198, 104)
(196, 107, 197, 108)
(175, 109, 176, 108)
(106, 195, 107, 196)
(194, 105, 195, 106)
(185, 97, 186, 96)
(97, 103, 98, 102)
(103, 199, 104, 198)
(199, 150, 200, 151)
(149, 162, 150, 163)
(163, 148, 164, 149)
(147, 117, 148, 116)
(146, 123, 147, 124)
(89, 125, 90, 124)
(145, 51, 146, 50)
(80, 50, 81, 49)
(127, 48, 128, 49)
(47, 70, 48, 71)
(236, 71, 237, 72)
(69, 59, 70, 58)
(74, 57, 75, 58)
(56, 118, 57, 117)
(55, 52, 56, 53)
(120, 54, 121, 53)
(119, 122, 120, 123)
(51, 118, 52, 119)
(54, 122, 55, 121)
(75, 145, 76, 144)
(143, 77, 144, 76)
(142, 79, 143, 80)
(141, 129, 142, 128)
(140, 60, 141, 59)
(60, 140, 61, 139)
(61, 134, 62, 135)
(66, 134, 67, 133)
(132, 68, 133, 67)
(68, 132, 69, 131)
(77, 130, 78, 131)
(129, 78, 130, 79)
(138, 66, 139, 65)
(64, 136, 65, 135)
(136, 64, 137, 63)
(62, 138, 63, 137)
(157, 165, 158, 164)
(156, 153, 157, 154)
(171, 153, 172, 152)
(201, 172, 202, 173)
(202, 206, 203, 205)
(209, 206, 210, 207)
(40, 207, 41, 208)
(208, 39, 209, 40)
(203, 39, 204, 38)
(37, 205, 38, 204)
(28, 32, 29, 31)
(32, 9, 33, 10)
(21, 34, 22, 35)
(20, 27, 21, 28)
(14, 20, 15, 19)
(18, 16, 19, 15)
(17, 30, 18, 31)
(29, 16, 30, 17)
(24, 13, 25, 14)
(10, 23, 11, 24)
(33, 22, 34, 23)
(26, 11, 27, 12)
(12, 25, 13, 26)
(151, 200, 152, 201)
(170, 165, 171, 166)
(161, 166, 162, 167)
(167, 158, 168, 159)
(159, 168, 160, 169)
(169, 160, 170, 161)
(191, 99, 192, 98)
(193, 191, 194, 190)
(189, 187, 190, 186)
(101, 189, 102, 188)
(187, 101, 188, 100)
(99, 193, 100, 192)
(225, 1, 226, 0)
