(7, 24, 8, 25)
(23, 6, 24, 7)
(25, 22, 26, 23)
(21, 26, 22, 27)
(27, 238, 28, 239)
(207, 28, 208, 29)
(208, 225, 209, 226)
(206, 238, 207, 237)
(226, 30, 227, 29)
(30, 62, 31, 61)
(187, 63, 188, 62)
(186, 72, 187, 71)
(217, 71, 218, 70)
(218, 215, 219, 216)
(223, 215, 224, 214)
(224, 209, 225, 210)
(213, 211, 214, 210)
(212, 85, 213, 86)
(129, 86, 130, 87)
(99, 130, 100, 131)
(131, 100, 132, 101)
(132, 143, 133, 144)
(142, 133, 143, 134)
(134, 137, 135, 138)
(195, 137, 196, 136)
(196, 197, 197, 198)
(198, 203, 199, 204)
(202, 205, 203, 206)
(52, 52, 53, 51)
(50, 54, 51, 53)
(49, 54, 50, 55)
(55, 230, 56, 231)
(229, 236, 230, 237)
(228, 59, 229, 60)
(60, 227, 61, 228)
(58, 236, 59, 235)
(234, 232, 235, 231)
(188, 32, 189, 31)
(32, 190, 33, 189)
(190, 139, 191, 140)
(141, 139, 142, 138)
(140, 191, 141, 192)
(192, 36, 193, 35)
(36, 194, 37, 193)
(135, 195, 136, 194)
(42, 37, 43, 38)
(43, 200, 44, 201)
(204, 199, 205, 200)
(201, 44, 202, 45)
(48, 46, 49, 45)
(46, 47, 47, 48)
(33, 40, 34, 41)
(39, 34, 40, 35)
(38, 41, 39, 42)
(56, 233, 57, 234)
(232, 57, 233, 58)
(144, 165, 145, 166)
(164, 64, 165, 63)
(184, 164, 185, 163)
(72, 186, 73, 185)
(68, 73, 69, 74)
(69, 217, 70, 216)
(74, 175, 75, 176)
(174, 77, 175, 78)
(115, 78, 116, 79)
(79, 116, 80, 117)
(117, 80, 118, 81)
(118, 125, 119, 126)
(124, 222, 125, 221)
(220, 124, 221, 123)
(122, 220, 123, 219)
(121, 222, 122, 223)
(83, 121, 84, 120)
(84, 211, 85, 212)
(119, 83, 120, 82)
(81, 126, 82, 127)
(127, 106, 128, 107)
(105, 128, 106, 129)
(107, 105, 108, 104)
(103, 109, 104, 108)
(102, 88, 103, 87)
(101, 98, 102, 99)
(88, 98, 89, 97)
(112, 89, 113, 90)
(113, 150, 114, 151)
(172, 149, 173, 150)
(148, 171, 149, 172)
(147, 158, 148, 159)
(166, 160, 167, 159)
(160, 145, 161, 146)
(64, 162, 65, 161)
(162, 184, 163, 183)
(182, 179, 183, 180)
(180, 68, 181, 67)
(66, 182, 67, 181)
(178, 65, 179, 66)
(76, 177, 77, 178)
(176, 75, 177, 76)
(146, 168, 147, 167)
(155, 169, 156, 168)
(154, 173, 155, 174)
(153, 114, 154, 115)
(91, 153, 92, 152)
(92, 95, 93, 96)
(94, 110, 95, 109)
(110, 94, 111, 93)
(96, 111, 97, 112)
(151, 91, 152, 90)
(169, 157, 170, 156)
(157, 171, 158, 170)
(239, 15, 0, 14)
(8, 16, 9, 15)
(16, 10, 17, 9)
(1, 10, 2, 11)
(11, 2, 12, 3)
(12, 20, 13, 19)
(20, 6, 21, 5)
(13, 5, 14, 4)
(3, 19, 4, 18)
(17, 1, 18, 0)
