(234, 238, 235, 237)
(3, 237, 4, 236)
(235, 5, 236, 4)
(5, 80, 6, 81)
(232, 80, 233, 79)
(238, 234, 239, 233)
(2, 239, 3, 240)
(247, 241, 0, 240)
(246, 243, 247, 244)
(244, 81, 245, 82)
(82, 245, 83, 246)
(83, 14, 84, 15)
(228, 14, 229, 13)
(10, 230, 11, 229)
(230, 10, 231, 9)
(6, 232, 7, 231)
(52, 8, 53, 7)
(51, 54, 52, 55)
(76, 55, 77, 56)
(112, 77, 113, 78)
(78, 113, 79, 114)
(114, 111, 115, 112)
(110, 161, 111, 162)
(15, 163, 16, 162)
(163, 17, 164, 16)
(17, 84, 18, 85)
(18, 175, 19, 176)
(187, 175, 188, 174)
(31, 188, 32, 189)
(195, 32, 196, 33)
(196, 36, 197, 35)
(191, 36, 192, 37)
(192, 204, 193, 203)
(49, 204, 50, 205)
(225, 50, 226, 51)
(226, 12, 227, 11)
(12, 228, 13, 227)
(224, 75, 225, 76)
(74, 223, 75, 224)
(73, 122, 74, 123)
(123, 68, 124, 69)
(152, 68, 153, 67)
(153, 56, 154, 57)
(133, 155, 134, 154)
(155, 133, 156, 132)
(117, 157, 118, 156)
(159, 117, 160, 116)
(115, 161, 116, 160)
(215, 159, 216, 158)
(216, 207, 217, 208)
(47, 206, 48, 207)
(45, 46, 46, 47)
(44, 108, 45, 107)
(109, 107, 110, 106)
(105, 166, 106, 167)
(167, 164, 168, 165)
(85, 169, 86, 168)
(169, 100, 170, 101)
(178, 100, 179, 99)
(176, 180, 177, 179)
(89, 180, 90, 181)
(90, 19, 91, 20)
(20, 91, 21, 92)
(92, 21, 93, 22)
(93, 25, 94, 24)
(25, 29, 26, 28)
(186, 29, 187, 30)
(30, 174, 31, 173)
(103, 173, 104, 172)
(165, 104, 166, 105)
(171, 103, 172, 102)
(86, 101, 87, 102)
(87, 170, 88, 171)
(88, 98, 89, 97)
(98, 178, 99, 177)
(185, 96, 186, 97)
(181, 184, 182, 185)
(22, 183, 23, 184)
(182, 23, 183, 24)
(95, 26, 96, 27)
(27, 94, 28, 95)
(108, 44, 109, 43)
(193, 39, 194, 38)
(194, 189, 195, 190)
(199, 191, 200, 190)
(198, 34, 199, 33)
(34, 198, 35, 197)
(200, 37, 201, 38)
(201, 203, 202, 202)
(39, 43, 40, 42)
(41, 41, 42, 40)
(205, 48, 206, 49)
(212, 218, 213, 217)
(218, 212, 219, 211)
(210, 220, 211, 219)
(220, 210, 221, 209)
(221, 121, 222, 120)
(121, 223, 122, 222)
(130, 119, 131, 120)
(129, 146, 130, 147)
(70, 147, 71, 148)
(148, 71, 149, 72)
(72, 149, 73, 150)
(150, 69, 151, 70)
(124, 152, 125, 151)
(144, 126, 145, 125)
(126, 144, 127, 143)
(142, 128, 143, 127)
(138, 142, 139, 141)
(139, 64, 140, 65)
(61, 66, 62, 67)
(137, 60, 138, 61)
(57, 136, 58, 137)
(135, 58, 136, 59)
(59, 134, 60, 135)
(65, 140, 66, 141)
(62, 64, 63, 63)
(145, 128, 146, 129)
(118, 131, 119, 132)
(213, 209, 214, 208)
(157, 215, 158, 214)
(8, 54, 9, 53)
(1, 243, 2, 242)
(241, 1, 242, 0)
