(7, 236, 8, 237)
(237, 8, 238, 9)
(238, 236, 239, 235)
(234, 240, 235, 239)
(146, 233, 147, 234)
(6, 146, 7, 145)
(141, 144, 142, 145)
(131, 141, 132, 140)
(132, 174, 133, 173)
(174, 9, 175, 10)
(175, 225, 176, 224)
(246, 226, 247, 225)
(245, 228, 246, 229)
(240, 230, 241, 229)
(230, 149, 231, 150)
(148, 231, 149, 232)
(232, 147, 233, 148)
(150, 6, 151, 5)
(151, 222, 152, 223)
(180, 222, 181, 221)
(188, 181, 189, 182)
(189, 142, 190, 143)
(143, 190, 144, 191)
(191, 210, 192, 211)
(209, 212, 210, 213)
(124, 213, 125, 214)
(214, 125, 215, 126)
(126, 215, 127, 216)
(122, 128, 123, 127)
(130, 122, 131, 121)
(135, 120, 136, 121)
(139, 135, 140, 134)
(172, 134, 173, 133)
(171, 13, 172, 12)
(178, 11, 179, 12)
(10, 177, 11, 178)
(223, 177, 224, 176)
(152, 180, 153, 179)
(153, 157, 154, 156)
(207, 218, 208, 219)
(194, 219, 195, 220)
(220, 195, 221, 196)
(187, 196, 188, 197)
(197, 202, 198, 203)
(184, 202, 185, 201)
(182, 186, 183, 185)
(205, 186, 206, 187)
(206, 193, 207, 194)
(211, 192, 212, 193)
(199, 204, 200, 205)
(203, 198, 204, 199)
(200, 184, 201, 183)
(217, 208, 218, 209)
(216, 123, 217, 124)
(128, 137, 129, 138)
(136, 129, 137, 130)
(75, 78, 76, 79)
(77, 17, 78, 16)
(15, 114, 16, 115)
(115, 171, 116, 170)
(167, 117, 168, 116)
(155, 167, 156, 166)
(165, 155, 166, 154)
(164, 159, 165, 160)
(160, 163, 161, 164)
(157, 162, 158, 163)
(161, 158, 162, 159)
(117, 169, 118, 168)
(169, 119, 170, 118)
(119, 138, 120, 139)
(14, 97, 15, 98)
(98, 13, 99, 14)
(96, 100, 97, 99)
(88, 96, 89, 95)
(17, 77, 18, 76)
(113, 113, 114, 112)
(105, 100, 106, 101)
(23, 106, 24, 107)
(81, 25, 82, 24)
(83, 81, 84, 80)
(27, 84, 28, 85)
(85, 28, 86, 29)
(29, 86, 30, 87)
(87, 30, 88, 31)
(38, 31, 39, 32)
(32, 39, 33, 40)
(33, 43, 34, 42)
(43, 37, 44, 36)
(37, 45, 38, 44)
(45, 95, 46, 94)
(91, 46, 92, 47)
(92, 89, 93, 90)
(93, 49, 94, 48)
(49, 73, 50, 72)
(73, 75, 74, 74)
(64, 63, 65, 64)
(62, 65, 63, 66)
(61, 67, 62, 66)
(71, 61, 72, 60)
(59, 71, 60, 70)
(56, 69, 57, 70)
(55, 51, 56, 50)
(67, 54, 68, 55)
(58, 54, 59, 53)
(52, 58, 53, 57)
(51, 68, 52, 69)
(47, 90, 48, 91)
(35, 41, 36, 40)
(41, 35, 42, 34)
(79, 26, 80, 27)
(25, 83, 26, 82)
(107, 22, 108, 23)
(110, 22, 111, 21)
(111, 18, 112, 19)
(19, 105, 20, 104)
(103, 21, 104, 20)
(109, 102, 110, 103)
(101, 108, 102, 109)
(249, 4, 250, 5)
(248, 228, 249, 227)
(226, 248, 227, 247)
(3, 244, 4, 245)
(251, 2, 0, 3)
(241, 250, 242, 251)
(1, 243, 2, 242)
(243, 1, 244, 0)
