(62, 67, 63, 68)
(66, 63, 67, 64)
(256, 61, 257, 62)
(90, 256, 91, 255)
(70, 76, 71, 75)
(64, 70, 65, 69)
(68, 66, 69, 65)
(76, 9, 77, 10)
(8, 0, 9, 257)
(2, 7, 3, 8)
(6, 1, 7, 2)
(5, 78, 6, 79)
(214, 59, 215, 60)
(60, 215, 61, 216)
(93, 217, 94, 216)
(92, 89, 93, 90)
(254, 92, 255, 91)
(253, 89, 254, 88)
(87, 221, 88, 220)
(219, 87, 220, 86)
(85, 74, 86, 75)
(84, 72, 85, 71)
(10, 83, 11, 84)
(17, 83, 18, 82)
(81, 19, 82, 18)
(80, 57, 81, 58)
(58, 79, 59, 80)
(41, 56, 42, 57)
(55, 40, 56, 41)
(107, 55, 108, 54)
(211, 109, 212, 108)
(213, 211, 214, 210)
(236, 210, 237, 209)
(237, 228, 238, 229)
(250, 228, 251, 227)
(94, 252, 95, 251)
(252, 217, 253, 218)
(218, 221, 219, 222)
(222, 74, 223, 73)
(72, 224, 73, 223)
(224, 247, 225, 248)
(239, 247, 240, 246)
(21, 241, 22, 240)
(241, 21, 242, 20)
(242, 13, 243, 14)
(15, 13, 16, 12)
(11, 17, 12, 16)
(14, 243, 15, 244)
(244, 19, 245, 20)
(245, 23, 246, 22)
(42, 24, 43, 23)
(27, 24, 28, 25)
(47, 28, 48, 29)
(48, 40, 49, 39)
(36, 32, 37, 31)
(52, 36, 53, 35)
(53, 107, 54, 106)
(176, 105, 177, 106)
(175, 172, 176, 173)
(173, 115, 174, 114)
(115, 112, 116, 113)
(206, 112, 207, 111)
(110, 208, 111, 207)
(109, 213, 110, 212)
(208, 236, 209, 235)
(234, 143, 235, 144)
(144, 233, 145, 234)
(232, 145, 233, 146)
(146, 231, 147, 232)
(183, 230, 184, 231)
(229, 182, 230, 183)
(98, 181, 99, 182)
(97, 239, 98, 238)
(96, 225, 97, 226)
(226, 250, 227, 249)
(248, 96, 249, 95)
(101, 181, 102, 180)
(102, 43, 103, 44)
(44, 103, 45, 104)
(26, 45, 27, 46)
(46, 25, 47, 26)
(179, 105, 180, 104)
(33, 178, 34, 179)
(51, 32, 52, 33)
(50, 30, 51, 29)
(38, 50, 39, 49)
(30, 38, 31, 37)
(177, 34, 178, 35)
(100, 171, 101, 172)
(170, 99, 171, 100)
(194, 169, 195, 170)
(166, 193, 167, 194)
(165, 200, 166, 201)
(204, 202, 205, 201)
(116, 203, 117, 204)
(202, 117, 203, 118)
(118, 206, 119, 205)
(154, 119, 155, 120)
(142, 155, 143, 156)
(156, 140, 157, 139)
(140, 160, 141, 159)
(147, 161, 148, 160)
(161, 190, 162, 191)
(198, 189, 199, 190)
(197, 187, 198, 186)
(185, 197, 186, 196)
(195, 185, 196, 184)
(187, 169, 188, 168)
(167, 189, 168, 188)
(192, 199, 193, 200)
(191, 162, 192, 163)
(164, 163, 165, 164)
(153, 135, 154, 134)
(133, 121, 134, 120)
(121, 133, 122, 132)
(131, 123, 132, 122)
(127, 130, 128, 131)
(151, 127, 152, 126)
(152, 149, 153, 150)
(135, 149, 136, 148)
(136, 142, 137, 141)
(158, 138, 159, 137)
(138, 158, 139, 157)
(125, 151, 126, 150)
(124, 130, 125, 129)
(128, 124, 129, 123)
(113, 175, 114, 174)
(77, 4, 78, 5)
(3, 1, 4, 0)
