(242, 98, 243, 97)
(96, 244, 97, 243)
(95, 100, 96, 101)
(98, 102, 99, 101)
(102, 242, 103, 241)
(103, 244, 104, 245)
(93, 104, 94, 105)
(99, 94, 100, 95)
(105, 92, 106, 93)
(91, 79, 92, 78)
(77, 240, 78, 241)
(235, 76, 236, 77)
(234, 200, 235, 199)
(7, 198, 8, 199)
(191, 7, 192, 6)
(5, 193, 6, 192)
(155, 4, 156, 5)
(3, 154, 4, 155)
(245, 2, 246, 3)
(248, 2, 249, 1)
(249, 112, 0, 113)
(111, 107, 112, 106)
(107, 111, 108, 110)
(108, 79, 109, 80)
(80, 109, 81, 110)
(114, 81, 115, 82)
(90, 115, 91, 116)
(83, 116, 84, 117)
(84, 237, 85, 238)
(239, 237, 240, 236)
(238, 85, 239, 86)
(86, 118, 87, 117)
(201, 119, 202, 118)
(75, 201, 76, 200)
(233, 75, 234, 74)
(73, 233, 74, 232)
(208, 232, 209, 231)
(8, 210, 9, 209)
(17, 211, 18, 210)
(211, 17, 212, 16)
(212, 42, 213, 41)
(57, 43, 58, 42)
(43, 57, 44, 56)
(44, 162, 45, 161)
(162, 169, 163, 170)
(168, 197, 169, 198)
(194, 167, 195, 168)
(190, 194, 191, 193)
(189, 173, 190, 172)
(171, 189, 172, 188)
(156, 187, 157, 188)
(181, 187, 182, 186)
(182, 152, 183, 151)
(152, 184, 153, 183)
(184, 154, 185, 153)
(150, 186, 151, 185)
(149, 247, 150, 246)
(247, 149, 248, 148)
(143, 144, 144, 145)
(141, 88, 142, 89)
(89, 82, 90, 83)
(87, 140, 88, 141)
(120, 139, 121, 140)
(119, 203, 120, 202)
(136, 204, 137, 203)
(204, 136, 205, 135)
(72, 205, 73, 206)
(206, 11, 207, 12)
(10, 207, 11, 208)
(230, 10, 231, 9)
(229, 28, 230, 29)
(20, 29, 21, 30)
(18, 22, 19, 21)
(22, 16, 23, 15)
(14, 24, 15, 23)
(13, 217, 14, 216)
(38, 216, 39, 215)
(39, 61, 40, 60)
(61, 41, 62, 40)
(62, 213, 63, 214)
(58, 64, 59, 63)
(64, 130, 65, 129)
(55, 130, 56, 131)
(131, 54, 132, 55)
(160, 54, 161, 53)
(47, 52, 48, 53)
(51, 46, 52, 47)
(45, 50, 46, 51)
(49, 159, 50, 158)
(157, 177, 158, 176)
(175, 171, 176, 170)
(174, 166, 175, 165)
(164, 195, 165, 196)
(196, 163, 197, 164)
(166, 174, 167, 173)
(180, 177, 181, 178)
(147, 178, 148, 179)
(179, 146, 180, 147)
(142, 146, 143, 145)
(159, 49, 160, 48)
(132, 123, 133, 124)
(122, 137, 123, 138)
(138, 121, 139, 122)
(66, 133, 67, 134)
(134, 67, 135, 68)
(127, 68, 128, 69)
(71, 128, 72, 129)
(125, 70, 126, 71)
(124, 66, 125, 65)
(69, 126, 70, 127)
(214, 59, 215, 60)
(12, 37, 13, 38)
(27, 37, 28, 36)
(35, 224, 36, 225)
(30, 19, 31, 20)
(223, 222, 224, 223)
(221, 27, 222, 26)
(25, 218, 26, 219)
(219, 24, 220, 25)
(217, 221, 218, 220)
(225, 34, 226, 35)
(33, 226, 34, 227)
(227, 32, 228, 33)
(31, 228, 32, 229)
(113, 0, 114, 1)
