(191, 138, 192, 139)
(137, 192, 138, 193)
(193, 191, 194, 190)
(194, 179, 195, 180)
(141, 178, 142, 179)
(147, 141, 148, 140)
(139, 149, 140, 148)
(149, 202, 150, 203)
(201, 150, 202, 151)
(151, 255, 152, 254)
(58, 0, 59, 255)
(57, 65, 58, 64)
(136, 64, 137, 63)
(189, 63, 190, 62)
(61, 189, 62, 188)
(158, 188, 159, 187)
(186, 160, 187, 159)
(185, 162, 186, 163)
(163, 180, 164, 181)
(195, 165, 196, 164)
(142, 166, 143, 165)
(239, 167, 240, 166)
(238, 206, 239, 205)
(204, 177, 205, 178)
(203, 146, 204, 147)
(145, 244, 146, 245)
(252, 246, 253, 245)
(200, 252, 201, 251)
(253, 197, 254, 196)
(197, 249, 198, 248)
(249, 199, 250, 198)
(246, 200, 247, 199)
(250, 247, 251, 248)
(144, 229, 145, 230)
(230, 143, 231, 144)
(231, 168, 232, 169)
(167, 241, 168, 240)
(241, 233, 242, 232)
(233, 206, 234, 207)
(207, 234, 208, 235)
(235, 208, 236, 209)
(236, 213, 237, 214)
(212, 237, 213, 238)
(214, 212, 215, 211)
(210, 216, 211, 215)
(216, 210, 217, 209)
(217, 171, 218, 170)
(171, 224, 172, 225)
(223, 172, 224, 173)
(176, 173, 177, 174)
(174, 219, 175, 220)
(218, 227, 219, 228)
(243, 228, 244, 229)
(169, 242, 170, 243)
(221, 227, 222, 226)
(225, 223, 226, 222)
(220, 175, 221, 176)
(152, 182, 153, 181)
(156, 3, 157, 4)
(59, 5, 60, 4)
(135, 7, 136, 6)
(134, 66, 135, 65)
(26, 134, 27, 133)
(27, 130, 28, 131)
(37, 34, 38, 35)
(35, 52, 36, 53)
(56, 52, 57, 51)
(50, 56, 51, 55)
(54, 50, 55, 49)
(48, 34, 49, 33)
(14, 10, 15, 9)
(8, 14, 9, 13)
(12, 8, 13, 7)
(66, 11, 67, 12)
(10, 67, 11, 68)
(68, 16, 69, 15)
(25, 16, 26, 17)
(17, 22, 18, 23)
(80, 22, 81, 21)
(81, 78, 82, 79)
(70, 78, 71, 77)
(132, 71, 133, 72)
(72, 131, 73, 132)
(73, 76, 74, 77)
(75, 31, 76, 30)
(86, 29, 87, 30)
(28, 85, 29, 86)
(84, 87, 85, 88)
(88, 47, 89, 48)
(46, 94, 47, 93)
(92, 46, 93, 45)
(44, 127, 45, 128)
(128, 105, 129, 106)
(104, 129, 105, 130)
(103, 97, 104, 96)
(38, 95, 39, 96)
(89, 94, 90, 95)
(125, 91, 126, 90)
(91, 125, 92, 124)
(126, 124, 127, 123)
(39, 123, 40, 122)
(115, 41, 116, 40)
(114, 43, 115, 44)
(113, 107, 114, 106)
(112, 98, 113, 97)
(98, 112, 99, 111)
(102, 99, 103, 100)
(100, 109, 101, 110)
(108, 121, 109, 122)
(120, 107, 121, 108)
(119, 117, 120, 116)
(118, 42, 119, 41)
(42, 118, 43, 117)
(110, 101, 111, 102)
(32, 84, 33, 83)
(69, 82, 70, 83)
(31, 75, 32, 74)
(20, 80, 21, 79)
(19, 24, 20, 25)
(23, 18, 24, 19)
(53, 36, 54, 37)
(60, 1, 61, 2)
(2, 155, 3, 156)
(157, 155, 158, 154)
(182, 154, 183, 153)
(183, 160, 184, 161)
(161, 184, 162, 185)
(5, 0, 6, 1)
