(164, 71, 165, 72)
(163, 52, 164, 53)
(53, 140, 54, 141)
(139, 56, 140, 57)
(186, 58, 187, 57)
(58, 186, 59, 185)
(184, 60, 185, 59)
(60, 184, 61, 183)
(61, 65, 62, 64)
(72, 66, 73, 65)
(167, 67, 168, 66)
(67, 167, 68, 166)
(165, 69, 166, 68)
(69, 169, 70, 168)
(169, 71, 170, 70)
(239, 171, 240, 170)
(241, 239, 242, 238)
(159, 26, 160, 27)
(158, 161, 159, 162)
(51, 162, 52, 163)
(141, 50, 142, 51)
(49, 142, 50, 143)
(143, 54, 144, 55)
(55, 144, 56, 145)
(145, 14, 146, 15)
(34, 13, 35, 14)
(12, 33, 13, 34)
(11, 29, 12, 28)
(114, 219, 115, 220)
(208, 114, 209, 113)
(209, 119, 210, 118)
(119, 123, 120, 122)
(123, 137, 124, 136)
(137, 192, 138, 193)
(191, 138, 192, 139)
(190, 193, 191, 194)
(187, 195, 188, 194)
(195, 198, 196, 199)
(197, 93, 198, 92)
(88, 91, 89, 92)
(232, 87, 233, 88)
(86, 231, 87, 232)
(182, 86, 183, 85)
(84, 80, 85, 79)
(75, 78, 76, 79)
(173, 75, 174, 74)
(63, 174, 64, 175)
(175, 62, 176, 63)
(73, 177, 74, 176)
(177, 172, 178, 173)
(171, 241, 172, 240)
(178, 238, 179, 237)
(179, 220, 180, 221)
(233, 181, 234, 180)
(181, 231, 182, 230)
(82, 230, 83, 229)
(80, 84, 81, 83)
(228, 82, 229, 81)
(76, 227, 77, 228)
(226, 77, 227, 78)
(225, 223, 226, 222)
(236, 222, 237, 221)
(235, 225, 236, 224)
(223, 235, 224, 234)
(215, 91, 216, 90)
(213, 217, 214, 216)
(217, 213, 218, 212)
(218, 115, 219, 116)
(116, 208, 117, 207)
(117, 113, 118, 112)
(210, 111, 211, 112)
(110, 206, 111, 205)
(204, 110, 205, 109)
(108, 103, 109, 104)
(104, 107, 105, 108)
(121, 107, 122, 106)
(105, 121, 106, 120)
(97, 102, 98, 103)
(125, 96, 126, 97)
(135, 125, 136, 124)
(134, 202, 135, 201)
(200, 189, 201, 190)
(188, 199, 189, 200)
(202, 134, 203, 133)
(203, 94, 204, 95)
(93, 197, 94, 196)
(95, 132, 96, 133)
(126, 132, 127, 131)
(100, 128, 101, 127)
(128, 100, 129, 99)
(98, 130, 99, 129)
(130, 102, 131, 101)
(211, 206, 212, 207)
(89, 215, 90, 214)
(27, 243, 28, 242)
(243, 4, 0, 5)
(6, 4, 7, 3)
(7, 157, 8, 156)
(24, 157, 25, 158)
(25, 160, 26, 161)
(36, 24, 37, 23)
(37, 44, 38, 45)
(48, 44, 49, 43)
(15, 42, 16, 43)
(20, 41, 21, 42)
(40, 19, 41, 20)
(39, 22, 40, 23)
(45, 38, 46, 39)
(17, 47, 18, 46)
(47, 17, 48, 16)
(21, 19, 22, 18)
(35, 147, 36, 146)
(150, 148, 151, 147)
(32, 150, 33, 149)
(148, 32, 149, 31)
(151, 31, 152, 30)
(29, 153, 30, 152)
(153, 11, 154, 10)
(9, 155, 10, 154)
(155, 9, 156, 8)
(1, 3, 2, 2)
(5, 0, 6, 1)
