(1, 250, 2, 251)
(251, 226, 0, 227)
(225, 228, 226, 229)
(2, 230, 3, 229)
(230, 223, 231, 224)
(249, 223, 250, 222)
(30, 222, 31, 221)
(170, 31, 171, 32)
(232, 172, 233, 171)
(4, 231, 5, 232)
(3, 224, 4, 225)
(5, 247, 6, 246)
(24, 248, 25, 247)
(248, 24, 249, 23)
(22, 25, 23, 26)
(26, 209, 27, 210)
(208, 29, 209, 30)
(207, 220, 208, 221)
(169, 207, 170, 206)
(98, 206, 99, 205)
(58, 100, 59, 99)
(57, 49, 58, 48)
(47, 179, 48, 178)
(177, 45, 178, 44)
(43, 177, 44, 176)
(175, 43, 176, 42)
(41, 175, 42, 174)
(173, 235, 174, 234)
(233, 33, 234, 32)
(33, 172, 34, 173)
(34, 238, 35, 237)
(245, 238, 246, 239)
(239, 167, 240, 166)
(8, 167, 9, 168)
(9, 6, 10, 7)
(10, 219, 11, 220)
(218, 21, 219, 22)
(217, 211, 218, 210)
(216, 14, 217, 13)
(12, 28, 13, 27)
(28, 12, 29, 11)
(14, 216, 15, 215)
(20, 15, 21, 16)
(16, 211, 17, 212)
(214, 17, 215, 18)
(18, 213, 19, 214)
(212, 19, 213, 20)
(168, 7, 169, 8)
(109, 241, 110, 240)
(108, 97, 109, 98)
(107, 71, 108, 70)
(69, 103, 70, 102)
(204, 102, 205, 101)
(100, 60, 101, 59)
(51, 60, 52, 61)
(63, 52, 64, 53)
(55, 64, 56, 65)
(49, 57, 50, 56)
(50, 66, 51, 65)
(66, 203, 67, 204)
(202, 67, 203, 68)
(68, 201, 69, 202)
(200, 89, 201, 90)
(157, 90, 158, 91)
(158, 189, 159, 190)
(188, 35, 189, 36)
(183, 36, 184, 37)
(181, 185, 182, 184)
(45, 181, 46, 180)
(179, 47, 180, 46)
(185, 39, 186, 38)
(39, 187, 40, 186)
(187, 41, 188, 40)
(236, 235, 237, 236)
(37, 182, 38, 183)
(190, 159, 191, 160)
(160, 191, 161, 192)
(161, 153, 162, 152)
(153, 163, 154, 162)
(242, 163, 243, 164)
(164, 243, 165, 244)
(244, 165, 245, 166)
(241, 111, 242, 110)
(111, 123, 112, 122)
(123, 113, 124, 112)
(113, 125, 114, 124)
(125, 120, 126, 121)
(119, 133, 120, 132)
(131, 138, 132, 139)
(139, 97, 140, 96)
(73, 141, 74, 140)
(72, 71, 73, 72)
(141, 75, 142, 74)
(75, 107, 76, 106)
(87, 76, 88, 77)
(88, 103, 89, 104)
(104, 85, 105, 86)
(84, 94, 85, 93)
(92, 199, 93, 200)
(91, 156, 92, 157)
(150, 156, 151, 155)
(192, 152, 193, 151)
(154, 194, 155, 193)
(147, 194, 148, 195)
(145, 149, 146, 148)
(144, 130, 145, 129)
(115, 128, 116, 129)
(114, 121, 115, 122)
(134, 127, 135, 128)
(126, 133, 127, 134)
(116, 135, 117, 136)
(136, 117, 137, 118)
(118, 137, 119, 138)
(130, 144, 131, 143)
(95, 143, 96, 142)
(94, 80, 95, 79)
(105, 79, 106, 78)
(77, 86, 78, 87)
(80, 84, 81, 83)
(198, 81, 199, 82)
(82, 197, 83, 198)
(149, 197, 150, 196)
(195, 146, 196, 147)
(61, 54, 62, 55)
(53, 62, 54, 63)
(227, 0, 228, 1)
