(222, 204, 223, 203)
(202, 181, 203, 182)
(182, 188, 183, 187)
(6, 215, 7, 216)
(210, 5, 211, 6)
(204, 209, 205, 210)
(208, 0, 209, 257)
(3, 257, 4, 256)
(255, 5, 256, 4)
(254, 233, 255, 234)
(229, 235, 230, 234)
(228, 137, 229, 138)
(153, 138, 154, 139)
(221, 154, 222, 155)
(164, 155, 165, 156)
(165, 176, 166, 177)
(180, 176, 181, 175)
(169, 175, 170, 174)
(170, 186, 171, 185)
(186, 202, 187, 201)
(200, 184, 201, 183)
(199, 172, 200, 173)
(173, 198, 174, 199)
(162, 198, 163, 197)
(190, 164, 191, 163)
(189, 221, 190, 220)
(219, 189, 220, 188)
(216, 224, 217, 223)
(145, 224, 146, 225)
(146, 149, 147, 150)
(227, 149, 228, 148)
(147, 227, 148, 226)
(225, 150, 226, 151)
(142, 151, 143, 152)
(152, 143, 153, 144)
(141, 145, 142, 144)
(140, 217, 141, 218)
(218, 139, 219, 140)
(196, 192, 197, 191)
(195, 157, 196, 156)
(161, 195, 162, 194)
(158, 194, 159, 193)
(192, 160, 193, 159)
(157, 161, 158, 160)
(184, 172, 185, 171)
(168, 178, 169, 177)
(178, 168, 179, 167)
(166, 180, 167, 179)
(245, 136, 246, 137)
(244, 8, 245, 7)
(243, 237, 244, 236)
(246, 236, 247, 235)
(230, 247, 231, 248)
(248, 231, 249, 232)
(214, 249, 215, 250)
(211, 251, 212, 250)
(251, 213, 252, 212)
(213, 253, 214, 252)
(232, 253, 233, 254)
(242, 135, 243, 136)
(241, 238, 242, 239)
(239, 13, 240, 12)
(13, 10, 14, 11)
(9, 14, 10, 15)
(104, 15, 105, 16)
(110, 106, 111, 105)
(106, 110, 107, 109)
(107, 108, 108, 109)
(130, 112, 131, 111)
(26, 130, 27, 129)
(128, 28, 129, 27)
(127, 90, 128, 91)
(91, 103, 92, 102)
(132, 103, 133, 104)
(133, 8, 134, 9)
(237, 135, 238, 134)
(131, 17, 132, 16)
(17, 100, 18, 101)
(99, 18, 100, 19)
(118, 20, 119, 19)
(20, 118, 21, 117)
(116, 22, 117, 21)
(115, 113, 116, 112)
(23, 115, 24, 114)
(24, 46, 25, 45)
(46, 26, 47, 25)
(66, 48, 67, 47)
(28, 65, 29, 66)
(64, 81, 65, 82)
(82, 63, 83, 64)
(57, 89, 58, 88)
(50, 87, 51, 88)
(30, 50, 31, 49)
(76, 32, 77, 31)
(38, 75, 39, 76)
(37, 40, 38, 41)
(41, 68, 42, 69)
(67, 42, 68, 43)
(126, 43, 127, 44)
(44, 125, 45, 126)
(119, 125, 120, 124)
(122, 93, 123, 94)
(101, 93, 102, 92)
(123, 99, 124, 98)
(96, 122, 97, 121)
(97, 94, 98, 95)
(120, 96, 121, 95)
(69, 79, 70, 78)
(79, 48, 80, 49)
(29, 81, 30, 80)
(77, 71, 78, 70)
(71, 35, 72, 34)
(35, 73, 36, 72)
(73, 32, 74, 33)
(74, 39, 75, 40)
(33, 37, 34, 36)
(86, 51, 87, 52)
(52, 83, 53, 84)
(53, 60, 54, 61)
(62, 60, 63, 59)
(89, 59, 90, 58)
(84, 55, 85, 56)
(56, 85, 57, 86)
(61, 54, 62, 55)
(113, 23, 114, 22)
(11, 241, 12, 240)
(207, 2, 208, 3)
(1, 206, 2, 207)
(205, 0, 206, 1)
