(234, 141, 235, 142)
(48, 236, 49, 235)
(47, 64, 48, 65)
(44, 66, 45, 65)
(66, 44, 67, 43)
(164, 67, 165, 68)
(168, 165, 169, 166)
(215, 216, 216, 217)
(230, 217, 231, 218)
(138, 231, 139, 232)
(232, 139, 233, 140)
(140, 233, 141, 234)
(137, 218, 138, 219)
(96, 219, 97, 220)
(92, 97, 93, 98)
(98, 93, 99, 94)
(99, 90, 100, 91)
(89, 100, 90, 101)
(101, 116, 102, 117)
(115, 5, 116, 4)
(150, 3, 151, 4)
(142, 149, 143, 150)
(148, 143, 149, 144)
(144, 241, 145, 0)
(240, 151, 241, 152)
(152, 237, 153, 238)
(236, 50, 237, 49)
(19, 50, 20, 51)
(20, 56, 21, 55)
(53, 57, 54, 56)
(57, 53, 58, 52)
(33, 59, 34, 58)
(59, 33, 60, 32)
(60, 64, 61, 63)
(61, 27, 62, 26)
(27, 47, 28, 46)
(45, 29, 46, 28)
(29, 37, 30, 36)
(18, 38, 19, 37)
(17, 40, 18, 41)
(41, 13, 42, 12)
(13, 43, 14, 42)
(14, 11, 15, 12)
(10, 211, 11, 212)
(212, 164, 213, 163)
(213, 68, 214, 69)
(171, 215, 172, 214)
(170, 167, 171, 168)
(166, 169, 167, 170)
(85, 172, 86, 173)
(86, 122, 87, 121)
(122, 222, 123, 221)
(222, 124, 223, 123)
(133, 125, 134, 124)
(125, 133, 126, 132)
(227, 127, 228, 126)
(127, 227, 128, 226)
(229, 128, 230, 129)
(136, 129, 137, 130)
(130, 135, 131, 136)
(134, 224, 135, 223)
(131, 224, 132, 225)
(228, 226, 229, 225)
(220, 95, 221, 96)
(91, 95, 92, 94)
(87, 119, 88, 118)
(119, 89, 120, 88)
(117, 121, 118, 120)
(202, 174, 203, 173)
(102, 201, 103, 202)
(200, 103, 201, 104)
(107, 104, 108, 105)
(7, 109, 8, 108)
(6, 114, 7, 113)
(112, 6, 113, 5)
(114, 112, 115, 111)
(110, 239, 111, 240)
(238, 109, 239, 110)
(153, 9, 154, 8)
(210, 9, 211, 10)
(209, 162, 210, 163)
(208, 82, 209, 81)
(80, 73, 81, 74)
(69, 75, 70, 74)
(75, 71, 76, 70)
(71, 77, 72, 76)
(77, 78, 78, 79)
(82, 208, 83, 207)
(186, 84, 187, 83)
(84, 186, 85, 185)
(184, 195, 185, 196)
(196, 203, 197, 204)
(197, 174, 198, 175)
(198, 178, 199, 177)
(178, 200, 179, 199)
(179, 107, 180, 106)
(105, 181, 106, 180)
(176, 182, 177, 181)
(182, 176, 183, 175)
(204, 183, 205, 184)
(205, 154, 206, 155)
(206, 162, 207, 161)
(160, 155, 161, 156)
(187, 157, 188, 156)
(157, 193, 158, 192)
(193, 190, 194, 191)
(189, 194, 190, 195)
(159, 189, 160, 188)
(191, 159, 192, 158)
(72, 79, 73, 80)
(15, 38, 16, 39)
(39, 16, 40, 17)
(35, 31, 36, 30)
(23, 34, 24, 35)
(51, 22, 52, 23)
(54, 22, 55, 21)
(31, 24, 32, 25)
(25, 63, 26, 62)
(145, 3, 146, 2)
(1, 147, 2, 146)
(147, 1, 148, 0)
