(235, 237, 236, 236)
(156, 15, 157, 16)
(16, 155, 17, 156)
(3, 154, 4, 155)
(237, 2, 238, 3)
(1, 238, 2, 239)
(242, 240, 243, 239)
(241, 151, 242, 150)
(226, 150, 227, 149)
(157, 13, 158, 12)
(13, 8, 14, 9)
(7, 14, 8, 15)
(6, 18, 7, 17)
(222, 6, 223, 5)
(4, 224, 5, 223)
(23, 224, 24, 225)
(225, 24, 226, 25)
(25, 128, 26, 129)
(127, 26, 128, 27)
(27, 141, 28, 140)
(234, 142, 235, 141)
(142, 234, 143, 233)
(143, 147, 144, 146)
(147, 229, 148, 228)
(229, 149, 230, 148)
(227, 231, 228, 230)
(139, 29, 140, 28)
(133, 138, 134, 139)
(11, 161, 12, 160)
(20, 159, 21, 160)
(158, 19, 159, 20)
(18, 10, 19, 9)
(21, 10, 22, 11)
(221, 22, 222, 23)
(220, 215, 221, 216)
(216, 123, 217, 124)
(122, 125, 123, 126)
(129, 127, 130, 126)
(130, 29, 131, 30)
(131, 137, 132, 136)
(137, 134, 138, 135)
(135, 133, 136, 132)
(30, 34, 31, 33)
(34, 199, 35, 200)
(198, 35, 199, 36)
(213, 36, 214, 37)
(214, 161, 215, 162)
(219, 162, 220, 163)
(163, 218, 164, 219)
(124, 217, 125, 218)
(37, 164, 38, 165)
(181, 38, 182, 39)
(182, 111, 183, 112)
(110, 113, 111, 114)
(114, 115, 115, 116)
(206, 209, 207, 210)
(210, 207, 211, 208)
(204, 212, 205, 211)
(203, 196, 204, 197)
(197, 202, 198, 203)
(201, 32, 202, 33)
(31, 200, 32, 201)
(195, 212, 196, 213)
(171, 194, 172, 195)
(170, 179, 171, 180)
(165, 181, 166, 180)
(45, 50, 46, 51)
(39, 44, 40, 45)
(184, 43, 185, 44)
(112, 183, 113, 184)
(42, 185, 43, 186)
(186, 107, 187, 108)
(109, 107, 110, 106)
(117, 117, 118, 116)
(118, 119, 119, 120)
(172, 121, 173, 122)
(120, 173, 121, 174)
(59, 175, 60, 174)
(58, 193, 59, 194)
(168, 58, 169, 57)
(178, 169, 179, 170)
(177, 57, 178, 56)
(166, 55, 167, 56)
(49, 46, 50, 47)
(47, 40, 48, 41)
(41, 48, 42, 49)
(188, 52, 189, 51)
(108, 187, 109, 188)
(52, 192, 53, 191)
(192, 175, 193, 176)
(176, 168, 177, 167)
(190, 54, 191, 53)
(54, 190, 55, 189)
(60, 76, 61, 75)
(76, 104, 77, 103)
(97, 104, 98, 105)
(105, 98, 106, 99)
(74, 94, 75, 93)
(61, 92, 62, 93)
(80, 91, 81, 92)
(100, 80, 101, 79)
(78, 102, 79, 101)
(102, 78, 103, 77)
(99, 96, 100, 97)
(94, 74, 95, 73)
(72, 96, 73, 95)
(62, 71, 63, 72)
(70, 63, 71, 64)
(85, 65, 86, 64)
(84, 89, 85, 90)
(90, 81, 91, 82)
(69, 82, 70, 83)
(83, 68, 84, 69)
(67, 89, 68, 88)
(87, 67, 88, 66)
(65, 87, 66, 86)
(208, 205, 209, 206)
(144, 231, 145, 232)
(232, 145, 233, 146)
(151, 241, 152, 240)
(152, 245, 153, 0)
(244, 153, 245, 154)
(243, 0, 244, 1)
