(142, 136, 143, 135)
(143, 129, 144, 128)
(129, 136, 130, 137)
(137, 130, 138, 131)
(138, 97, 139, 98)
(96, 160, 97, 159)
(158, 141, 159, 142)
(157, 186, 158, 187)
(187, 152, 188, 153)
(151, 98, 152, 99)
(134, 99, 135, 100)
(100, 114, 101, 113)
(114, 120, 115, 119)
(120, 116, 121, 115)
(116, 108, 117, 107)
(108, 124, 109, 123)
(124, 148, 125, 147)
(148, 126, 149, 125)
(145, 127, 146, 126)
(127, 145, 128, 144)
(149, 146, 150, 147)
(150, 131, 151, 132)
(132, 110, 133, 109)
(110, 134, 111, 133)
(102, 111, 103, 112)
(112, 103, 113, 104)
(104, 101, 105, 102)
(118, 105, 119, 106)
(121, 107, 122, 106)
(117, 123, 118, 122)
(139, 189, 140, 188)
(189, 162, 190, 163)
(94, 162, 95, 161)
(160, 96, 161, 95)
(93, 240, 94, 241)
(241, 92, 242, 93)
(4, 4, 5, 3)
(181, 228, 182, 229)
(227, 182, 228, 183)
(183, 141, 184, 140)
(184, 155, 185, 156)
(154, 185, 155, 186)
(153, 156, 154, 157)
(226, 229, 227, 230)
(191, 231, 192, 230)
(163, 190, 164, 191)
(164, 232, 165, 231)
(232, 208, 233, 207)
(79, 208, 80, 209)
(237, 80, 238, 81)
(238, 87, 239, 88)
(86, 239, 87, 240)
(88, 86, 89, 85)
(1, 242, 2, 243)
(91, 2, 92, 3)
(180, 5, 181, 6)
(57, 29, 58, 28)
(31, 57, 32, 56)
(53, 33, 54, 32)
(52, 174, 53, 173)
(223, 173, 224, 172)
(171, 225, 172, 224)
(225, 171, 226, 170)
(202, 170, 203, 169)
(194, 204, 195, 203)
(193, 196, 194, 197)
(197, 192, 198, 193)
(198, 206, 199, 205)
(206, 165, 207, 166)
(213, 167, 214, 166)
(212, 234, 213, 233)
(234, 212, 235, 211)
(78, 235, 79, 236)
(209, 237, 210, 236)
(210, 77, 211, 78)
(175, 77, 176, 76)
(41, 177, 42, 176)
(177, 41, 178, 40)
(83, 178, 84, 179)
(84, 81, 85, 82)
(179, 82, 180, 83)
(68, 40, 69, 39)
(38, 70, 39, 69)
(37, 35, 38, 34)
(33, 59, 34, 58)
(59, 36, 60, 37)
(35, 60, 36, 61)
(61, 64, 62, 65)
(48, 64, 49, 63)
(49, 51, 50, 50)
(174, 52, 175, 51)
(44, 75, 45, 76)
(43, 72, 44, 73)
(73, 42, 74, 43)
(71, 75, 72, 74)
(67, 71, 68, 70)
(45, 67, 46, 66)
(65, 47, 66, 46)
(62, 48, 63, 47)
(222, 167, 223, 168)
(168, 202, 169, 201)
(217, 200, 218, 201)
(199, 216, 200, 217)
(220, 215, 221, 216)
(214, 219, 215, 220)
(221, 219, 222, 218)
(204, 196, 205, 195)
(29, 55, 30, 54)
(55, 31, 56, 30)
(27, 17, 28, 16)
(15, 7, 16, 6)
(14, 26, 15, 25)
(17, 24, 18, 25)
(23, 11, 24, 10)
(9, 23, 10, 22)
(21, 9, 22, 8)
(7, 26, 8, 27)
(20, 13, 21, 14)
(12, 19, 13, 20)
(18, 11, 19, 12)
(90, 0, 91, 245)
(244, 90, 245, 89)
(243, 0, 244, 1)
