(37, 27, 38, 26)
(27, 39, 28, 38)
(73, 28, 74, 29)
(39, 75, 40, 74)
(75, 62, 76, 63)
(61, 76, 62, 77)
(77, 21, 78, 20)
(34, 21, 35, 22)
(24, 36, 25, 35)
(36, 24, 37, 23)
(22, 25, 23, 26)
(78, 34, 79, 33)
(32, 80, 33, 79)
(52, 31, 53, 32)
(30, 51, 31, 52)
(29, 72, 30, 73)
(40, 71, 41, 72)
(70, 88, 71, 87)
(86, 70, 87, 69)
(68, 121, 69, 122)
(122, 63, 123, 64)
(212, 123, 213, 124)
(218, 214, 219, 213)
(217, 184, 218, 185)
(185, 216, 186, 217)
(215, 186, 216, 187)
(6, 187, 7, 188)
(60, 7, 61, 8)
(8, 20, 9, 19)
(9, 56, 10, 57)
(55, 81, 56, 80)
(54, 84, 55, 83)
(82, 54, 83, 53)
(81, 84, 82, 85)
(96, 86, 97, 85)
(95, 92, 96, 93)
(48, 93, 49, 94)
(46, 50, 47, 49)
(50, 46, 51, 45)
(89, 44, 90, 45)
(41, 88, 42, 89)
(91, 42, 92, 43)
(43, 90, 44, 91)
(94, 47, 95, 48)
(192, 97, 193, 98)
(100, 193, 101, 194)
(194, 101, 195, 102)
(195, 109, 196, 108)
(109, 197, 110, 196)
(197, 112, 198, 113)
(111, 198, 112, 199)
(120, 199, 121, 200)
(105, 201, 106, 200)
(205, 105, 206, 104)
(206, 210, 207, 209)
(210, 68, 211, 67)
(64, 212, 65, 211)
(208, 65, 209, 66)
(66, 207, 67, 208)
(116, 103, 117, 104)
(102, 115, 103, 116)
(114, 107, 115, 108)
(110, 113, 111, 114)
(119, 107, 120, 106)
(118, 203, 119, 204)
(201, 205, 202, 204)
(202, 117, 203, 118)
(224, 99, 225, 100)
(223, 172, 224, 173)
(173, 124, 174, 125)
(219, 175, 220, 174)
(182, 175, 183, 176)
(214, 184, 215, 183)
(245, 176, 246, 177)
(1, 246, 2, 247)
(179, 2, 180, 3)
(3, 180, 4, 181)
(4, 164, 5, 163)
(164, 6, 165, 5)
(165, 188, 166, 189)
(11, 167, 12, 166)
(13, 11, 14, 10)
(14, 60, 15, 59)
(15, 19, 16, 18)
(16, 57, 17, 58)
(58, 17, 59, 18)
(167, 13, 168, 12)
(168, 190, 169, 189)
(190, 170, 191, 169)
(170, 192, 171, 191)
(226, 172, 227, 171)
(98, 225, 99, 226)
(227, 223, 228, 222)
(127, 228, 128, 229)
(125, 129, 126, 128)
(129, 220, 130, 221)
(243, 130, 244, 131)
(181, 244, 182, 245)
(131, 242, 132, 243)
(241, 162, 242, 163)
(157, 241, 158, 240)
(239, 159, 240, 158)
(141, 238, 142, 239)
(235, 140, 236, 141)
(133, 234, 134, 235)
(231, 132, 232, 133)
(221, 231, 222, 230)
(229, 126, 230, 127)
(232, 151, 233, 152)
(150, 155, 151, 156)
(156, 162, 157, 161)
(147, 161, 148, 160)
(159, 149, 160, 148)
(146, 150, 147, 149)
(154, 145, 155, 146)
(144, 153, 145, 154)
(143, 137, 144, 136)
(135, 143, 136, 142)
(134, 137, 135, 138)
(237, 138, 238, 139)
(139, 236, 140, 237)
(152, 233, 153, 234)
(178, 0, 179, 249)
(248, 178, 249, 177)
(247, 0, 248, 1)
