(196, 224, 197, 223)
(218, 195, 219, 196)
(214, 218, 215, 217)
(210, 215, 211, 216)
(222, 211, 223, 212)
(212, 221, 213, 222)
(220, 198, 221, 197)
(219, 225, 220, 224)
(194, 202, 195, 201)
(200, 207, 201, 208)
(213, 208, 214, 209)
(216, 209, 217, 210)
(234, 200, 235, 199)
(198, 236, 199, 235)
(236, 225, 237, 226)
(226, 237, 227, 238)
(227, 228, 228, 229)
(229, 202, 230, 203)
(205, 230, 206, 231)
(193, 248, 194, 249)
(243, 206, 244, 207)
(233, 243, 234, 242)
(241, 233, 242, 232)
(231, 241, 232, 240)
(204, 239, 205, 240)
(238, 203, 239, 204)
(157, 245, 158, 244)
(245, 157, 246, 156)
(246, 191, 247, 192)
(190, 247, 191, 248)
(189, 188, 190, 189)
(192, 188, 193, 187)
(186, 180, 187, 179)
(5, 178, 6, 179)
(177, 4, 178, 5)
(176, 160, 177, 159)
(249, 158, 250, 159)
(9, 251, 10, 250)
(155, 9, 156, 8)
(184, 8, 185, 7)
(180, 186, 181, 185)
(181, 6, 182, 7)
(182, 4, 183, 3)
(2, 184, 3, 183)
(1, 252, 2, 253)
(253, 151, 0, 150)
(148, 152, 149, 151)
(140, 148, 141, 147)
(141, 144, 142, 145)
(143, 142, 144, 143)
(174, 162, 175, 161)
(160, 176, 161, 175)
(251, 155, 252, 154)
(135, 91, 136, 90)
(137, 135, 138, 134)
(138, 146, 139, 145)
(146, 140, 147, 139)
(133, 109, 134, 108)
(107, 104, 108, 105)
(105, 171, 106, 170)
(168, 172, 169, 171)
(172, 168, 173, 167)
(162, 174, 163, 173)
(124, 164, 125, 163)
(123, 128, 124, 129)
(129, 118, 130, 119)
(96, 117, 97, 118)
(116, 95, 117, 96)
(94, 115, 95, 116)
(93, 110, 94, 111)
(92, 114, 93, 113)
(91, 137, 92, 136)
(114, 109, 115, 110)
(112, 111, 113, 112)
(97, 103, 98, 102)
(103, 133, 104, 132)
(131, 98, 132, 99)
(99, 120, 100, 121)
(122, 120, 123, 119)
(121, 100, 122, 101)
(130, 102, 131, 101)
(127, 164, 128, 165)
(165, 126, 166, 127)
(125, 166, 126, 167)
(169, 107, 170, 106)
(89, 66, 90, 67)
(74, 67, 75, 68)
(75, 36, 76, 37)
(84, 36, 85, 35)
(30, 86, 31, 85)
(26, 30, 27, 29)
(27, 10, 28, 11)
(11, 28, 12, 29)
(153, 12, 154, 13)
(13, 152, 14, 153)
(14, 21, 15, 22)
(20, 33, 21, 34)
(87, 34, 88, 35)
(65, 88, 66, 89)
(64, 80, 65, 79)
(78, 64, 79, 63)
(49, 63, 50, 62)
(50, 59, 51, 60)
(58, 73, 59, 74)
(72, 57, 73, 58)
(68, 71, 69, 72)
(55, 70, 56, 71)
(54, 39, 55, 40)
(40, 37, 41, 38)
(41, 52, 42, 53)
(51, 42, 52, 43)
(43, 46, 44, 47)
(82, 46, 83, 45)
(83, 76, 84, 77)
(77, 80, 78, 81)
(44, 82, 45, 81)
(47, 61, 48, 60)
(61, 49, 62, 48)
(38, 53, 39, 54)
(69, 56, 70, 57)
(86, 32, 87, 31)
(32, 19, 33, 20)
(15, 19, 16, 18)
(16, 23, 17, 24)
(25, 23, 26, 22)
(24, 17, 25, 18)
(149, 1, 150, 0)
