(31, 47, 32, 46)
(128, 45, 129, 46)
(127, 33, 128, 32)
(126, 150, 127, 149)
(47, 148, 48, 149)
(162, 147, 163, 148)
(161, 234, 162, 235)
(134, 235, 135, 236)
(135, 132, 136, 133)
(238, 132, 239, 131)
(18, 240, 19, 239)
(17, 28, 18, 29)
(22, 30, 23, 29)
(30, 22, 31, 21)
(37, 20, 38, 21)
(36, 39, 37, 40)
(40, 35, 41, 36)
(129, 34, 130, 35)
(44, 34, 45, 33)
(152, 44, 153, 43)
(153, 150, 154, 151)
(154, 220, 155, 219)
(211, 221, 212, 220)
(210, 125, 211, 126)
(209, 78, 210, 79)
(110, 79, 111, 80)
(172, 112, 173, 111)
(171, 53, 172, 52)
(51, 49, 52, 48)
(227, 51, 228, 50)
(223, 229, 224, 228)
(165, 222, 166, 223)
(231, 165, 232, 164)
(163, 233, 164, 232)
(233, 147, 234, 146)
(145, 159, 146, 158)
(157, 160, 158, 161)
(156, 217, 157, 218)
(218, 137, 219, 138)
(237, 136, 238, 137)
(236, 133, 237, 134)
(155, 139, 156, 138)
(216, 140, 217, 139)
(142, 216, 143, 215)
(143, 212, 144, 213)
(159, 145, 160, 144)
(140, 214, 141, 213)
(214, 142, 215, 141)
(221, 230, 222, 231)
(229, 166, 230, 167)
(170, 167, 171, 168)
(168, 226, 169, 225)
(49, 227, 50, 226)
(224, 170, 225, 169)
(72, 54, 73, 53)
(71, 76, 72, 77)
(124, 77, 125, 78)
(70, 123, 71, 124)
(182, 69, 183, 70)
(190, 182, 191, 181)
(180, 192, 181, 191)
(192, 180, 193, 179)
(196, 178, 197, 177)
(197, 207, 198, 206)
(94, 207, 95, 208)
(208, 95, 209, 96)
(96, 82, 97, 81)
(82, 98, 83, 97)
(98, 84, 99, 83)
(84, 108, 85, 107)
(103, 108, 104, 109)
(109, 104, 110, 105)
(86, 105, 87, 106)
(100, 88, 101, 87)
(88, 100, 89, 99)
(80, 90, 81, 89)
(90, 201, 91, 202)
(200, 91, 201, 92)
(92, 199, 93, 200)
(203, 199, 204, 198)
(175, 205, 176, 204)
(174, 196, 175, 195)
(194, 174, 195, 173)
(178, 194, 179, 193)
(205, 177, 206, 176)
(93, 203, 94, 202)
(101, 107, 102, 106)
(85, 103, 86, 102)
(186, 190, 187, 189)
(187, 116, 188, 117)
(112, 115, 113, 116)
(73, 114, 74, 115)
(113, 74, 114, 75)
(75, 54, 76, 55)
(55, 120, 56, 121)
(119, 122, 120, 123)
(57, 119, 58, 118)
(65, 59, 66, 58)
(64, 67, 65, 68)
(68, 183, 69, 184)
(61, 184, 62, 185)
(185, 62, 186, 63)
(60, 64, 61, 63)
(59, 67, 60, 66)
(117, 188, 118, 189)
(121, 56, 122, 57)
(42, 152, 43, 151)
(130, 42, 131, 41)
(19, 38, 20, 39)
(14, 23, 15, 24)
(240, 16, 241, 15)
(27, 16, 28, 17)
(7, 26, 8, 27)
(6, 13, 7, 14)
(12, 5, 13, 6)
(24, 11, 25, 12)
(1, 11, 2, 10)
(2, 241, 3, 0)
(8, 4, 9, 3)
(25, 4, 26, 5)
(9, 1, 10, 0)
