(16, 253, 17, 254)
(26, 15, 27, 16)
(25, 23, 26, 22)
(21, 9, 22, 8)
(7, 21, 8, 20)
(158, 19, 159, 20)
(18, 157, 19, 158)
(254, 17, 255, 18)
(255, 156, 256, 157)
(160, 156, 161, 155)
(252, 161, 253, 162)
(129, 162, 130, 163)
(127, 131, 128, 130)
(27, 126, 28, 127)
(84, 125, 85, 126)
(116, 83, 117, 84)
(233, 155, 234, 154)
(133, 235, 134, 234)
(132, 251, 133, 252)
(131, 165, 132, 164)
(163, 128, 164, 129)
(246, 165, 247, 166)
(247, 239, 248, 238)
(28, 99, 29, 100)
(85, 98, 86, 99)
(97, 86, 98, 87)
(124, 87, 125, 88)
(88, 92, 89, 91)
(121, 92, 122, 93)
(122, 117, 123, 118)
(94, 123, 95, 124)
(95, 103, 96, 102)
(103, 83, 104, 82)
(104, 232, 105, 231)
(115, 232, 116, 233)
(111, 114, 112, 115)
(110, 107, 111, 108)
(225, 109, 226, 108)
(153, 225, 154, 224)
(223, 153, 224, 152)
(151, 149, 152, 148)
(220, 147, 221, 148)
(219, 142, 220, 143)
(136, 144, 137, 143)
(135, 217, 136, 216)
(215, 135, 216, 134)
(214, 72, 215, 71)
(70, 214, 71, 213)
(199, 212, 200, 213)
(198, 192, 199, 191)
(171, 190, 172, 191)
(249, 171, 250, 170)
(235, 251, 236, 250)
(245, 236, 246, 237)
(237, 166, 238, 167)
(244, 168, 245, 167)
(240, 243, 241, 244)
(239, 249, 240, 248)
(100, 29, 101, 30)
(101, 97, 102, 96)
(81, 30, 82, 31)
(31, 80, 32, 81)
(79, 32, 80, 33)
(33, 37, 34, 36)
(37, 228, 38, 229)
(230, 228, 231, 227)
(109, 227, 110, 226)
(229, 38, 230, 39)
(42, 39, 43, 40)
(43, 50, 44, 51)
(49, 44, 50, 45)
(222, 45, 223, 46)
(46, 149, 47, 150)
(150, 47, 151, 48)
(221, 49, 222, 48)
(40, 51, 41, 52)
(52, 41, 53, 42)
(140, 53, 141, 54)
(141, 147, 142, 146)
(145, 218, 146, 219)
(144, 138, 145, 137)
(217, 139, 218, 138)
(54, 139, 55, 140)
(72, 56, 73, 55)
(56, 68, 57, 67)
(68, 63, 69, 64)
(62, 69, 63, 70)
(61, 64, 62, 65)
(65, 60, 66, 61)
(59, 203, 60, 202)
(194, 202, 195, 201)
(200, 196, 201, 195)
(193, 197, 194, 196)
(211, 193, 212, 192)
(210, 197, 211, 198)
(209, 204, 210, 205)
(205, 189, 206, 188)
(189, 172, 190, 173)
(186, 174, 187, 173)
(185, 75, 186, 74)
(73, 76, 74, 77)
(77, 35, 78, 34)
(35, 79, 36, 78)
(75, 185, 76, 184)
(183, 179, 184, 178)
(208, 178, 209, 177)
(176, 208, 177, 207)
(187, 207, 188, 206)
(180, 176, 181, 175)
(174, 182, 175, 181)
(179, 183, 180, 182)
(203, 59, 204, 58)
(66, 58, 67, 57)
(242, 169, 243, 170)
(168, 241, 169, 242)
(113, 106, 114, 107)
(105, 112, 106, 113)
(118, 94, 119, 93)
(90, 119, 91, 120)
(120, 89, 121, 90)
(256, 160, 257, 159)
(257, 4, 0, 5)
(10, 4, 11, 3)
(14, 11, 15, 12)
(12, 23, 13, 24)
(24, 13, 25, 14)
(2, 10, 3, 9)
(1, 6, 2, 7)
(5, 0, 6, 1)
