(121, 94, 122, 95)
(93, 120, 94, 121)
(13, 92, 14, 93)
(12, 5, 13, 6)
(161, 7, 162, 6)
(160, 168, 161, 167)
(166, 160, 167, 159)
(23, 158, 24, 159)
(22, 96, 23, 95)
(21, 17, 22, 16)
(15, 118, 16, 119)
(122, 120, 123, 119)
(123, 14, 124, 15)
(124, 113, 125, 114)
(145, 112, 146, 113)
(111, 144, 112, 145)
(77, 110, 78, 111)
(76, 79, 77, 80)
(57, 81, 58, 80)
(56, 91, 57, 92)
(55, 4, 56, 5)
(170, 11, 171, 12)
(8, 169, 9, 170)
(7, 163, 8, 162)
(163, 168, 164, 169)
(164, 25, 165, 26)
(24, 165, 25, 166)
(171, 26, 172, 27)
(172, 36, 173, 35)
(36, 174, 37, 173)
(174, 39, 175, 40)
(38, 175, 39, 176)
(176, 54, 177, 53)
(255, 249, 0, 248)
(254, 1, 255, 2)
(157, 101, 158, 100)
(99, 21, 100, 20)
(19, 99, 20, 98)
(97, 19, 98, 18)
(17, 97, 18, 96)
(117, 157, 118, 156)
(155, 115, 156, 114)
(115, 155, 116, 154)
(153, 117, 154, 116)
(152, 128, 153, 127)
(147, 126, 148, 127)
(125, 146, 126, 147)
(148, 139, 149, 140)
(143, 139, 144, 138)
(128, 138, 129, 137)
(129, 130, 130, 131)
(131, 64, 132, 65)
(63, 132, 64, 133)
(133, 60, 134, 61)
(108, 60, 109, 59)
(109, 78, 110, 79)
(75, 59, 76, 58)
(81, 74, 82, 75)
(73, 69, 74, 68)
(67, 103, 68, 102)
(101, 90, 102, 91)
(135, 62, 136, 63)
(61, 134, 62, 135)
(84, 107, 85, 108)
(83, 86, 84, 87)
(87, 82, 88, 83)
(88, 105, 89, 106)
(71, 105, 72, 104)
(69, 73, 70, 72)
(103, 71, 104, 70)
(89, 67, 90, 66)
(65, 136, 66, 137)
(106, 85, 107, 86)
(149, 143, 150, 142)
(141, 151, 142, 150)
(151, 141, 152, 140)
(2, 253, 3, 254)
(252, 3, 253, 4)
(251, 250, 252, 251)
(247, 54, 248, 55)
(246, 205, 247, 206)
(207, 207, 208, 206)
(10, 10, 11, 9)
(208, 228, 209, 227)
(228, 193, 229, 194)
(182, 32, 183, 31)
(32, 182, 33, 181)
(180, 34, 181, 33)
(34, 180, 35, 179)
(41, 178, 42, 179)
(40, 38, 41, 37)
(52, 178, 53, 177)
(192, 52, 193, 51)
(50, 187, 51, 188)
(188, 49, 189, 50)
(48, 43, 49, 44)
(44, 27, 45, 28)
(30, 47, 31, 48)
(46, 29, 47, 30)
(28, 45, 29, 46)
(42, 184, 43, 183)
(184, 192, 185, 191)
(190, 186, 191, 185)
(186, 190, 187, 189)
(229, 245, 230, 244)
(204, 245, 205, 246)
(230, 204, 231, 203)
(218, 231, 219, 232)
(232, 219, 233, 220)
(233, 238, 234, 239)
(237, 234, 238, 235)
(222, 236, 223, 235)
(221, 226, 222, 227)
(241, 221, 242, 220)
(209, 243, 210, 242)
(243, 194, 244, 195)
(195, 214, 196, 215)
(213, 196, 214, 197)
(197, 203, 198, 202)
(198, 218, 199, 217)
(199, 210, 200, 211)
(211, 200, 212, 201)
(215, 213, 216, 212)
(201, 216, 202, 217)
(240, 226, 241, 225)
(224, 240, 225, 239)
(236, 224, 237, 223)
(249, 1, 250, 0)
