(233, 83, 234, 82)
(81, 235, 82, 234)
(83, 80, 84, 81)
(232, 80, 233, 79)
(155, 78, 156, 79)
(154, 86, 155, 85)
(235, 84, 236, 85)
(236, 65, 237, 66)
(231, 65, 232, 64)
(63, 238, 64, 239)
(228, 240, 229, 239)
(227, 148, 228, 149)
(88, 150, 89, 149)
(87, 161, 88, 160)
(159, 68, 160, 69)
(69, 158, 70, 159)
(74, 157, 75, 158)
(156, 73, 157, 74)
(75, 73, 76, 72)
(71, 77, 72, 76)
(77, 71, 78, 70)
(67, 87, 68, 86)
(66, 153, 67, 154)
(152, 176, 153, 175)
(253, 174, 254, 175)
(61, 253, 62, 252)
(229, 62, 230, 63)
(237, 231, 238, 230)
(240, 251, 241, 252)
(59, 250, 60, 251)
(58, 54, 59, 53)
(147, 53, 148, 52)
(51, 104, 52, 105)
(105, 48, 106, 49)
(47, 39, 48, 38)
(37, 47, 38, 46)
(45, 37, 46, 36)
(204, 36, 205, 35)
(10, 206, 11, 205)
(208, 10, 209, 9)
(4, 210, 5, 209)
(226, 4, 227, 3)
(2, 90, 3, 89)
(1, 183, 2, 182)
(181, 184, 182, 185)
(185, 180, 186, 181)
(179, 165, 180, 164)
(163, 179, 164, 178)
(177, 163, 178, 162)
(161, 151, 162, 150)
(176, 152, 177, 151)
(165, 254, 166, 255)
(166, 188, 167, 187)
(188, 99, 189, 100)
(95, 99, 96, 98)
(96, 174, 97, 173)
(172, 98, 173, 97)
(94, 171, 95, 172)
(190, 94, 191, 93)
(102, 191, 103, 192)
(113, 243, 114, 242)
(241, 60, 242, 61)
(243, 113, 244, 112)
(57, 245, 58, 244)
(245, 57, 246, 56)
(55, 247, 56, 246)
(249, 55, 250, 54)
(248, 247, 249, 248)
(111, 146, 112, 147)
(110, 121, 111, 122)
(122, 109, 123, 110)
(103, 109, 104, 108)
(107, 50, 108, 51)
(49, 106, 50, 107)
(123, 132, 124, 133)
(131, 124, 132, 125)
(125, 118, 126, 119)
(114, 117, 115, 118)
(145, 117, 146, 116)
(115, 145, 116, 144)
(143, 140, 144, 141)
(141, 134, 142, 135)
(120, 134, 121, 133)
(130, 120, 131, 119)
(136, 130, 137, 129)
(128, 138, 129, 137)
(138, 128, 139, 127)
(126, 140, 127, 139)
(135, 142, 136, 143)
(192, 225, 193, 226)
(41, 224, 42, 225)
(40, 43, 41, 44)
(44, 39, 45, 40)
(223, 42, 224, 43)
(215, 222, 216, 223)
(214, 196, 215, 195)
(201, 195, 202, 194)
(202, 34, 203, 33)
(34, 204, 35, 203)
(5, 33, 6, 32)
(6, 21, 7, 22)
(20, 28, 21, 27)
(26, 20, 27, 19)
(18, 13, 19, 14)
(11, 15, 12, 14)
(15, 206, 16, 207)
(207, 16, 208, 17)
(12, 17, 13, 18)
(25, 28, 26, 29)
(29, 24, 30, 25)
(23, 8, 24, 9)
(22, 31, 23, 32)
(7, 30, 8, 31)
(193, 211, 194, 210)
(211, 216, 212, 217)
(212, 220, 213, 219)
(220, 197, 221, 198)
(196, 221, 197, 222)
(213, 198, 214, 199)
(199, 218, 200, 219)
(217, 200, 218, 201)
(101, 169, 102, 168)
(90, 167, 91, 168)
(100, 92, 101, 91)
(169, 92, 170, 93)
(189, 171, 190, 170)
(255, 187, 0, 186)
(183, 1, 184, 0)
