(223, 48, 224, 49)
(165, 223, 166, 222)
(166, 143, 167, 144)
(49, 224, 50, 225)
(161, 50, 162, 51)
(47, 162, 48, 163)
(44, 164, 45, 163)
(164, 44, 165, 43)
(42, 154, 43, 153)
(152, 16, 153, 15)
(147, 14, 148, 15)
(146, 221, 147, 222)
(168, 145, 169, 146)
(144, 167, 145, 168)
(218, 170, 219, 169)
(217, 188, 218, 189)
(53, 142, 54, 143)
(225, 52, 226, 53)
(51, 160, 52, 161)
(159, 46, 160, 47)
(45, 158, 46, 159)
(157, 226, 158, 227)
(227, 156, 228, 157)
(155, 131, 156, 130)
(129, 155, 130, 154)
(131, 129, 132, 128)
(127, 133, 128, 132)
(133, 127, 134, 126)
(134, 30, 135, 29)
(30, 39, 31, 40)
(38, 31, 39, 32)
(32, 37, 33, 38)
(253, 36, 0, 37)
(3, 253, 4, 252)
(4, 245, 5, 246)
(244, 41, 245, 42)
(243, 239, 244, 238)
(237, 150, 238, 151)
(16, 152, 17, 151)
(148, 18, 149, 17)
(18, 235, 19, 236)
(234, 21, 235, 22)
(22, 233, 23, 234)
(13, 233, 14, 232)
(231, 220, 232, 221)
(219, 230, 220, 231)
(229, 125, 230, 124)
(118, 124, 119, 123)
(119, 87, 120, 86)
(87, 82, 88, 83)
(64, 81, 65, 82)
(186, 64, 187, 63)
(187, 170, 188, 171)
(171, 105, 172, 104)
(105, 207, 106, 206)
(207, 213, 208, 212)
(213, 209, 214, 208)
(209, 215, 210, 214)
(196, 215, 197, 216)
(216, 197, 217, 198)
(203, 199, 204, 198)
(199, 203, 200, 202)
(190, 191, 191, 192)
(192, 189, 193, 190)
(200, 193, 201, 194)
(59, 57, 60, 56)
(55, 59, 56, 58)
(57, 55, 58, 54)
(109, 60, 110, 61)
(113, 110, 114, 111)
(95, 114, 96, 115)
(115, 96, 116, 97)
(97, 116, 98, 117)
(117, 98, 118, 99)
(99, 94, 100, 95)
(93, 174, 94, 175)
(178, 175, 179, 176)
(68, 180, 69, 179)
(88, 67, 89, 68)
(66, 80, 67, 79)
(78, 66, 79, 65)
(80, 78, 81, 77)
(76, 89, 77, 90)
(185, 90, 186, 91)
(176, 91, 177, 92)
(92, 177, 93, 178)
(184, 76, 185, 75)
(74, 184, 75, 183)
(182, 71, 183, 72)
(72, 69, 73, 70)
(180, 74, 181, 73)
(70, 181, 71, 182)
(173, 102, 174, 103)
(103, 63, 104, 62)
(172, 61, 173, 62)
(112, 102, 113, 101)
(100, 112, 101, 111)
(205, 109, 206, 108)
(107, 210, 108, 211)
(211, 106, 212, 107)
(204, 195, 205, 196)
(194, 201, 195, 202)
(120, 83, 121, 84)
(84, 121, 85, 122)
(122, 85, 123, 86)
(228, 141, 229, 142)
(125, 141, 126, 140)
(28, 140, 29, 139)
(138, 28, 139, 27)
(26, 136, 27, 135)
(136, 26, 137, 25)
(24, 138, 25, 137)
(23, 13, 24, 12)
(40, 11, 41, 12)
(10, 5, 11, 6)
(6, 252, 7, 251)
(7, 249, 8, 248)
(246, 250, 247, 249)
(250, 10, 251, 9)
(247, 9, 248, 8)
(20, 241, 21, 242)
(239, 243, 240, 242)
(240, 19, 241, 20)
(149, 236, 150, 237)
(35, 2, 36, 3)
(1, 34, 2, 35)
(33, 0, 34, 1)
