(96, 248, 97, 247)
(94, 98, 95, 97)
(88, 94, 89, 93)
(92, 90, 93, 89)
(76, 91, 77, 92)
(244, 76, 245, 75)
(248, 246, 249, 245)
(246, 96, 247, 95)
(249, 17, 250, 16)
(17, 58, 18, 59)
(220, 58, 221, 57)
(56, 222, 57, 221)
(36, 56, 37, 55)
(37, 180, 38, 181)
(98, 179, 99, 180)
(151, 179, 152, 178)
(163, 153, 164, 152)
(162, 81, 163, 82)
(87, 82, 88, 83)
(83, 86, 84, 87)
(78, 85, 79, 86)
(90, 77, 91, 78)
(84, 79, 85, 80)
(80, 161, 81, 162)
(107, 161, 108, 160)
(108, 225, 109, 226)
(224, 243, 225, 244)
(223, 19, 224, 18)
(219, 223, 220, 222)
(218, 23, 219, 24)
(24, 217, 25, 218)
(35, 217, 36, 216)
(208, 216, 209, 215)
(206, 210, 207, 209)
(205, 27, 206, 26)
(25, 205, 26, 204)
(134, 203, 135, 204)
(202, 133, 203, 134)
(136, 202, 137, 201)
(54, 137, 55, 138)
(138, 181, 139, 182)
(139, 42, 140, 43)
(41, 103, 42, 102)
(100, 102, 101, 101)
(99, 39, 100, 38)
(39, 147, 40, 146)
(147, 151, 148, 150)
(148, 174, 149, 173)
(171, 175, 172, 174)
(177, 171, 178, 170)
(169, 177, 170, 176)
(175, 169, 176, 168)
(142, 167, 143, 168)
(166, 141, 167, 142)
(165, 155, 166, 154)
(153, 165, 154, 164)
(155, 107, 156, 106)
(156, 44, 157, 43)
(44, 184, 45, 183)
(159, 184, 160, 185)
(226, 186, 227, 185)
(186, 109, 187, 110)
(187, 114, 188, 115)
(113, 188, 114, 189)
(189, 243, 190, 242)
(237, 191, 238, 190)
(19, 236, 20, 237)
(235, 20, 236, 21)
(21, 129, 22, 128)
(129, 23, 130, 22)
(49, 130, 50, 131)
(131, 50, 132, 51)
(132, 135, 133, 136)
(51, 201, 52, 200)
(199, 53, 200, 52)
(53, 199, 54, 198)
(197, 49, 198, 48)
(228, 47, 229, 48)
(46, 227, 47, 228)
(45, 159, 46, 158)
(157, 183, 158, 182)
(196, 230, 197, 229)
(120, 195, 121, 196)
(119, 192, 120, 193)
(193, 118, 194, 119)
(117, 238, 118, 239)
(115, 111, 116, 110)
(111, 241, 112, 240)
(241, 113, 242, 112)
(191, 195, 192, 194)
(239, 116, 240, 117)
(121, 233, 122, 232)
(233, 127, 234, 126)
(127, 235, 128, 234)
(122, 126, 123, 125)
(123, 230, 124, 231)
(231, 124, 232, 125)
(105, 141, 106, 140)
(143, 105, 144, 104)
(103, 145, 104, 144)
(145, 41, 146, 40)
(172, 150, 173, 149)
(27, 35, 28, 34)
(214, 208, 215, 207)
(33, 210, 34, 211)
(211, 32, 212, 33)
(28, 31, 29, 32)
(30, 213, 31, 214)
(212, 29, 213, 30)
(59, 251, 60, 250)
(251, 3, 0, 2)
(74, 3, 75, 4)
(71, 5, 72, 4)
(5, 71, 6, 70)
(13, 6, 14, 7)
(64, 66, 65, 65)
(66, 61, 67, 62)
(15, 61, 16, 60)
(14, 69, 15, 70)
(12, 8, 13, 7)
(8, 12, 9, 11)
(10, 10, 11, 9)
(68, 63, 69, 64)
(62, 67, 63, 68)
(1, 72, 2, 73)
(73, 0, 74, 1)
