(251, 252, 252, 253)
(250, 4, 251, 3)
(2, 0, 3, 253)
(6, 248, 7, 247)
(7, 202, 8, 203)
(242, 202, 243, 201)
(244, 244, 245, 243)
(205, 5, 206, 4)
(5, 205, 6, 204)
(246, 204, 247, 203)
(245, 206, 246, 207)
(216, 208, 217, 207)
(208, 216, 209, 215)
(58, 209, 59, 210)
(8, 164, 9, 163)
(164, 34, 165, 33)
(241, 34, 242, 35)
(35, 222, 36, 223)
(221, 192, 222, 193)
(193, 198, 194, 199)
(200, 198, 201, 197)
(213, 197, 214, 196)
(217, 215, 218, 214)
(218, 211, 219, 212)
(210, 57, 211, 58)
(185, 56, 186, 57)
(55, 184, 56, 185)
(183, 54, 184, 55)
(182, 181, 183, 182)
(162, 114, 163, 113)
(9, 63, 10, 62)
(63, 11, 64, 10)
(11, 176, 12, 177)
(14, 176, 15, 175)
(15, 170, 16, 171)
(20, 169, 21, 170)
(168, 19, 169, 20)
(234, 167, 235, 168)
(32, 234, 33, 233)
(232, 32, 233, 31)
(30, 232, 31, 231)
(165, 230, 166, 231)
(229, 240, 230, 241)
(228, 224, 229, 223)
(224, 228, 225, 227)
(238, 226, 239, 225)
(237, 27, 238, 26)
(25, 37, 26, 36)
(24, 173, 25, 174)
(174, 42, 175, 41)
(191, 42, 192, 43)
(43, 190, 44, 191)
(189, 44, 190, 45)
(45, 188, 46, 189)
(187, 48, 188, 49)
(220, 49, 221, 50)
(50, 219, 51, 220)
(51, 186, 52, 187)
(179, 53, 180, 52)
(53, 179, 54, 178)
(177, 180, 178, 181)
(12, 47, 13, 48)
(46, 13, 47, 14)
(40, 172, 41, 171)
(39, 17, 40, 16)
(38, 22, 39, 21)
(18, 38, 19, 37)
(22, 18, 23, 17)
(172, 23, 173, 24)
(27, 237, 28, 236)
(235, 29, 236, 28)
(166, 29, 167, 30)
(226, 240, 227, 239)
(61, 65, 62, 64)
(59, 60, 60, 61)
(82, 65, 83, 66)
(83, 77, 84, 76)
(114, 78, 115, 77)
(161, 78, 162, 79)
(100, 79, 101, 80)
(80, 101, 81, 102)
(81, 113, 82, 112)
(102, 112, 103, 111)
(110, 104, 111, 103)
(156, 109, 157, 110)
(155, 67, 156, 66)
(154, 127, 155, 128)
(128, 153, 129, 154)
(152, 140, 153, 139)
(138, 148, 139, 147)
(146, 143, 147, 144)
(144, 117, 145, 118)
(116, 75, 117, 76)
(115, 85, 116, 84)
(85, 93, 86, 92)
(88, 94, 89, 93)
(94, 88, 95, 87)
(70, 96, 71, 95)
(96, 70, 97, 69)
(160, 97, 161, 98)
(98, 159, 99, 160)
(158, 99, 159, 100)
(104, 157, 105, 158)
(108, 105, 109, 106)
(67, 107, 68, 106)
(107, 69, 108, 68)
(71, 127, 72, 126)
(125, 73, 126, 72)
(141, 124, 142, 125)
(129, 140, 130, 141)
(130, 134, 131, 133)
(134, 121, 135, 122)
(120, 135, 121, 136)
(136, 149, 137, 150)
(151, 149, 152, 148)
(150, 137, 151, 138)
(119, 142, 120, 143)
(118, 145, 119, 146)
(122, 132, 123, 131)
(132, 124, 133, 123)
(73, 91, 74, 90)
(91, 75, 92, 74)
(86, 89, 87, 90)
(195, 213, 196, 212)
(199, 194, 200, 195)
(1, 249, 2, 248)
(249, 1, 250, 0)
