(232, 237, 233, 238)
(236, 233, 237, 234)
(234, 235, 235, 236)
(231, 197, 232, 196)
(195, 172, 196, 173)
(214, 173, 215, 174)
(215, 238, 216, 239)
(229, 216, 230, 217)
(197, 231, 198, 230)
(198, 205, 199, 206)
(151, 204, 152, 205)
(150, 187, 151, 188)
(171, 188, 172, 189)
(128, 130, 129, 129)
(127, 194, 128, 195)
(175, 126, 176, 127)
(174, 213, 175, 214)
(241, 212, 0, 213)
(1, 241, 2, 240)
(239, 3, 240, 2)
(210, 4, 211, 3)
(209, 222, 210, 223)
(223, 208, 224, 209)
(207, 219, 208, 218)
(217, 228, 218, 229)
(206, 227, 207, 228)
(219, 227, 220, 226)
(225, 221, 226, 220)
(221, 225, 222, 224)
(4, 59, 5, 60)
(58, 27, 59, 28)
(28, 153, 29, 154)
(199, 152, 200, 153)
(200, 156, 201, 155)
(156, 202, 157, 201)
(185, 203, 186, 202)
(203, 185, 204, 184)
(183, 186, 184, 187)
(182, 138, 183, 137)
(136, 149, 137, 150)
(164, 136, 165, 135)
(192, 166, 193, 165)
(168, 191, 169, 192)
(167, 170, 168, 171)
(189, 166, 190, 167)
(190, 169, 191, 170)
(130, 194, 131, 193)
(131, 176, 132, 177)
(177, 132, 178, 133)
(178, 32, 179, 31)
(57, 33, 58, 32)
(125, 57, 126, 56)
(60, 55, 61, 56)
(54, 25, 55, 26)
(5, 27, 6, 26)
(49, 7, 50, 6)
(48, 92, 49, 91)
(45, 90, 46, 91)
(85, 44, 86, 45)
(84, 117, 85, 118)
(118, 120, 119, 119)
(120, 33, 121, 34)
(124, 121, 125, 122)
(122, 108, 123, 107)
(108, 81, 109, 82)
(80, 102, 81, 101)
(100, 62, 101, 61)
(99, 52, 100, 53)
(24, 53, 25, 54)
(23, 51, 24, 50)
(22, 98, 23, 97)
(96, 22, 97, 21)
(20, 96, 21, 95)
(94, 17, 95, 18)
(18, 93, 19, 94)
(7, 92, 8, 93)
(87, 8, 88, 9)
(47, 88, 48, 89)
(89, 46, 90, 47)
(9, 86, 10, 87)
(10, 44, 11, 43)
(40, 12, 41, 11)
(116, 40, 117, 39)
(38, 36, 39, 35)
(34, 83, 35, 84)
(105, 83, 106, 82)
(106, 124, 107, 123)
(113, 104, 114, 105)
(103, 112, 104, 113)
(102, 110, 103, 109)
(73, 110, 74, 111)
(79, 74, 80, 75)
(75, 78, 76, 79)
(66, 77, 67, 78)
(65, 14, 66, 15)
(62, 16, 63, 15)
(16, 20, 17, 19)
(63, 71, 64, 70)
(12, 72, 13, 71)
(111, 72, 112, 73)
(13, 68, 14, 69)
(76, 67, 77, 68)
(69, 65, 70, 64)
(114, 37, 115, 38)
(36, 115, 37, 116)
(42, 41, 43, 42)
(51, 98, 52, 99)
(30, 180, 31, 179)
(154, 29, 155, 30)
(180, 157, 181, 158)
(138, 182, 139, 181)
(148, 139, 149, 140)
(140, 147, 141, 148)
(146, 163, 147, 164)
(142, 146, 143, 145)
(160, 144, 161, 143)
(134, 160, 135, 159)
(158, 134, 159, 133)
(144, 162, 145, 161)
(141, 163, 142, 162)
(211, 0, 212, 1)
