(30, 204, 31, 203)
(29, 201, 30, 200)
(199, 26, 200, 27)
(27, 206, 28, 207)
(202, 206, 203, 205)
(204, 32, 205, 31)
(201, 33, 202, 32)
(28, 33, 29, 34)
(25, 34, 26, 35)
(242, 36, 243, 35)
(36, 242, 37, 241)
(222, 37, 223, 38)
(188, 223, 189, 224)
(189, 232, 190, 233)
(231, 190, 232, 191)
(216, 192, 217, 191)
(212, 215, 213, 216)
(208, 212, 209, 211)
(198, 209, 199, 210)
(210, 197, 211, 198)
(196, 208, 197, 207)
(195, 215, 196, 214)
(213, 195, 214, 194)
(193, 24, 194, 25)
(23, 192, 24, 193)
(22, 9, 23, 10)
(10, 7, 11, 8)
(6, 18, 7, 17)
(243, 16, 0, 17)
(4, 15, 5, 16)
(14, 3, 15, 4)
(13, 219, 14, 218)
(220, 218, 221, 217)
(221, 241, 222, 240)
(186, 240, 187, 239)
(187, 38, 188, 39)
(39, 238, 40, 239)
(237, 234, 238, 235)
(224, 236, 225, 235)
(236, 226, 237, 225)
(226, 233, 227, 234)
(90, 227, 91, 228)
(228, 91, 229, 92)
(152, 229, 153, 230)
(230, 153, 231, 154)
(157, 155, 158, 154)
(43, 157, 44, 156)
(73, 45, 74, 44)
(45, 73, 46, 72)
(49, 47, 50, 46)
(48, 65, 49, 66)
(175, 67, 176, 66)
(185, 175, 186, 174)
(40, 173, 41, 174)
(127, 171, 128, 170)
(89, 128, 90, 129)
(129, 88, 130, 89)
(92, 152, 93, 151)
(125, 158, 126, 159)
(126, 75, 127, 76)
(74, 41, 75, 42)
(155, 43, 156, 42)
(169, 76, 170, 77)
(132, 141, 133, 142)
(140, 143, 141, 144)
(107, 145, 108, 144)
(106, 94, 107, 93)
(98, 105, 99, 106)
(104, 97, 105, 98)
(96, 103, 97, 104)
(102, 95, 103, 96)
(101, 123, 102, 122)
(124, 122, 125, 121)
(82, 85, 83, 86)
(84, 79, 85, 80)
(77, 81, 78, 80)
(86, 81, 87, 82)
(87, 130, 88, 131)
(131, 151, 132, 150)
(108, 114, 109, 113)
(112, 110, 113, 109)
(111, 137, 112, 136)
(138, 136, 139, 135)
(134, 140, 135, 139)
(142, 133, 143, 134)
(137, 111, 138, 110)
(145, 118, 146, 119)
(117, 146, 118, 147)
(120, 147, 121, 148)
(148, 115, 149, 116)
(114, 149, 115, 150)
(119, 117, 120, 116)
(78, 83, 79, 84)
(162, 167, 163, 168)
(168, 159, 169, 160)
(165, 160, 166, 161)
(166, 163, 167, 164)
(161, 164, 162, 165)
(123, 101, 124, 100)
(94, 99, 95, 100)
(171, 172, 172, 173)
(67, 185, 68, 184)
(68, 51, 69, 52)
(50, 71, 51, 72)
(63, 71, 64, 70)
(64, 47, 65, 48)
(69, 63, 70, 62)
(61, 177, 62, 176)
(60, 183, 61, 184)
(52, 59, 53, 60)
(58, 53, 59, 54)
(177, 55, 178, 54)
(180, 56, 181, 55)
(56, 180, 57, 179)
(182, 57, 183, 58)
(178, 181, 179, 182)
(219, 13, 220, 12)
(20, 12, 21, 11)
(8, 21, 9, 22)
(19, 3, 20, 2)
(1, 19, 2, 18)
(5, 1, 6, 0)
