(2, 49, 3, 50)
(243, 49, 244, 48)
(244, 2, 245, 1)
(10, 246, 11, 245)
(14, 10, 15, 9)
(8, 16, 9, 15)
(7, 52, 8, 53)
(53, 6, 54, 7)
(56, 6, 57, 5)
(4, 58, 5, 57)
(50, 3, 51, 4)
(51, 63, 52, 62)
(63, 243, 64, 242)
(44, 241, 45, 242)
(18, 44, 19, 43)
(19, 64, 20, 65)
(20, 23, 21, 24)
(22, 25, 23, 26)
(26, 186, 27, 185)
(186, 110, 187, 109)
(110, 48, 111, 47)
(46, 112, 47, 111)
(45, 17, 46, 16)
(17, 241, 18, 240)
(236, 240, 237, 239)
(38, 238, 39, 237)
(37, 69, 38, 68)
(42, 68, 43, 67)
(35, 66, 36, 67)
(65, 34, 66, 35)
(24, 21, 25, 22)
(104, 87, 105, 88)
(108, 105, 109, 106)
(195, 107, 196, 106)
(194, 199, 195, 200)
(200, 193, 201, 194)
(97, 192, 98, 193)
(96, 230, 97, 229)
(228, 231, 229, 232)
(189, 233, 190, 232)
(188, 123, 189, 124)
(124, 187, 125, 188)
(125, 122, 126, 123)
(121, 113, 122, 112)
(235, 121, 236, 120)
(119, 72, 120, 73)
(70, 74, 71, 73)
(40, 69, 41, 70)
(238, 40, 239, 39)
(41, 37, 42, 36)
(74, 178, 75, 177)
(221, 179, 222, 178)
(220, 83, 221, 84)
(84, 184, 85, 183)
(184, 28, 185, 27)
(31, 28, 32, 29)
(29, 32, 30, 33)
(33, 30, 34, 31)
(157, 87, 158, 86)
(143, 158, 144, 159)
(144, 104, 145, 103)
(102, 146, 103, 145)
(208, 101, 209, 102)
(90, 207, 91, 208)
(198, 89, 199, 90)
(88, 197, 89, 198)
(107, 197, 108, 196)
(99, 206, 100, 207)
(201, 98, 202, 99)
(205, 203, 206, 202)
(204, 93, 205, 94)
(191, 94, 192, 95)
(230, 96, 231, 95)
(227, 191, 228, 190)
(226, 169, 227, 170)
(175, 170, 176, 171)
(129, 177, 130, 176)
(233, 128, 234, 129)
(114, 128, 115, 127)
(126, 116, 127, 115)
(116, 113, 117, 114)
(117, 235, 118, 234)
(71, 118, 72, 119)
(130, 172, 131, 171)
(172, 75, 173, 76)
(76, 173, 77, 174)
(77, 133, 78, 132)
(133, 222, 134, 223)
(134, 82, 135, 81)
(82, 179, 83, 180)
(219, 180, 220, 181)
(181, 218, 182, 219)
(217, 182, 218, 183)
(213, 216, 214, 217)
(212, 155, 213, 156)
(85, 157, 86, 156)
(211, 153, 212, 152)
(142, 152, 143, 151)
(150, 142, 151, 141)
(140, 150, 141, 149)
(148, 164, 149, 163)
(165, 163, 166, 162)
(159, 167, 160, 166)
(167, 146, 168, 147)
(168, 209, 169, 210)
(139, 211, 140, 210)
(138, 153, 139, 154)
(154, 137, 155, 138)
(215, 136, 216, 137)
(135, 214, 136, 215)
(164, 148, 165, 147)
(161, 161, 162, 160)
(223, 81, 224, 80)
(79, 225, 80, 224)
(225, 79, 226, 78)
(131, 174, 132, 175)
(92, 203, 93, 204)
(100, 92, 101, 91)
(58, 62, 59, 61)
(54, 60, 55, 59)
(60, 56, 61, 55)
(13, 246, 14, 247)
(247, 12, 0, 13)
(11, 0, 12, 1)
