(20, 16, 21, 15)
(16, 9, 17, 10)
(8, 17, 9, 18)
(18, 7, 19, 8)
(6, 19, 7, 20)
(12, 6, 13, 5)
(13, 98, 14, 99)
(97, 14, 98, 15)
(21, 96, 22, 97)
(95, 173, 96, 172)
(26, 171, 27, 172)
(114, 25, 115, 26)
(113, 2, 114, 3)
(10, 4, 11, 3)
(4, 12, 5, 11)
(112, 233, 113, 234)
(101, 235, 102, 234)
(237, 101, 238, 100)
(99, 239, 100, 238)
(104, 239, 105, 0)
(230, 106, 231, 105)
(22, 229, 23, 230)
(228, 23, 229, 24)
(24, 227, 25, 228)
(226, 186, 227, 185)
(184, 226, 185, 225)
(224, 184, 225, 183)
(207, 182, 208, 183)
(206, 174, 207, 173)
(205, 29, 206, 28)
(27, 94, 28, 95)
(170, 94, 171, 93)
(115, 92, 116, 93)
(122, 92, 123, 91)
(190, 124, 191, 123)
(186, 189, 187, 190)
(188, 161, 189, 162)
(162, 159, 163, 160)
(158, 163, 159, 164)
(164, 149, 165, 150)
(148, 146, 149, 145)
(144, 217, 145, 218)
(141, 219, 142, 218)
(140, 212, 141, 211)
(210, 223, 211, 224)
(178, 210, 179, 209)
(208, 180, 209, 179)
(175, 181, 176, 180)
(181, 175, 182, 174)
(137, 176, 138, 177)
(135, 139, 136, 138)
(134, 74, 135, 73)
(72, 30, 73, 29)
(30, 72, 31, 71)
(31, 35, 32, 34)
(35, 205, 36, 204)
(36, 170, 37, 169)
(37, 40, 38, 41)
(39, 118, 40, 119)
(116, 120, 117, 119)
(87, 120, 88, 121)
(121, 88, 122, 89)
(89, 86, 90, 87)
(85, 90, 86, 91)
(84, 192, 85, 191)
(166, 83, 167, 84)
(165, 129, 166, 128)
(154, 128, 155, 127)
(155, 152, 156, 153)
(124, 151, 125, 152)
(150, 157, 151, 158)
(125, 157, 126, 156)
(126, 154, 127, 153)
(129, 82, 130, 83)
(81, 130, 82, 131)
(131, 80, 132, 81)
(79, 132, 80, 133)
(74, 134, 75, 133)
(75, 71, 76, 70)
(76, 67, 77, 68)
(66, 77, 67, 78)
(78, 57, 79, 58)
(167, 57, 168, 56)
(199, 168, 200, 169)
(200, 203, 201, 204)
(202, 33, 203, 34)
(32, 201, 33, 202)
(51, 198, 52, 199)
(197, 50, 198, 51)
(196, 43, 197, 44)
(44, 195, 45, 196)
(194, 45, 195, 46)
(46, 193, 47, 194)
(41, 192, 42, 193)
(42, 48, 43, 47)
(48, 53, 49, 54)
(52, 55, 53, 56)
(54, 49, 55, 50)
(58, 63, 59, 64)
(69, 63, 70, 62)
(61, 69, 62, 68)
(60, 65, 61, 66)
(64, 59, 65, 60)
(117, 38, 118, 39)
(139, 222, 140, 223)
(221, 147, 222, 146)
(147, 221, 148, 220)
(219, 212, 220, 213)
(216, 213, 217, 214)
(143, 214, 144, 215)
(215, 142, 216, 143)
(177, 136, 178, 137)
(160, 187, 161, 188)
(1, 106, 2, 107)
(232, 107, 233, 108)
(108, 103, 109, 104)
(111, 103, 112, 102)
(110, 236, 111, 235)
(236, 110, 237, 109)
(231, 1, 232, 0)
