(158, 171, 159, 172)
(5, 172, 6, 173)
(3, 7, 4, 6)
(2, 0, 3, 251)
(250, 9, 251, 10)
(10, 249, 11, 250)
(159, 248, 160, 249)
(247, 14, 248, 15)
(15, 157, 16, 156)
(170, 157, 171, 158)
(186, 169, 187, 170)
(185, 175, 186, 174)
(173, 4, 174, 5)
(175, 185, 176, 184)
(183, 177, 184, 176)
(182, 179, 183, 180)
(180, 11, 181, 12)
(12, 181, 13, 182)
(160, 14, 161, 13)
(161, 178, 162, 179)
(177, 162, 178, 163)
(168, 164, 169, 163)
(164, 168, 165, 167)
(234, 166, 235, 165)
(246, 234, 247, 233)
(151, 233, 152, 232)
(231, 153, 232, 152)
(153, 231, 154, 230)
(154, 213, 155, 214)
(212, 155, 213, 156)
(211, 17, 212, 16)
(210, 188, 211, 187)
(240, 210, 241, 209)
(238, 242, 239, 241)
(237, 244, 238, 245)
(245, 236, 246, 237)
(166, 236, 167, 235)
(243, 25, 244, 24)
(28, 23, 29, 24)
(30, 28, 31, 27)
(150, 147, 151, 148)
(148, 34, 149, 33)
(34, 141, 35, 142)
(140, 115, 141, 116)
(116, 139, 117, 140)
(138, 99, 139, 100)
(49, 101, 50, 100)
(48, 40, 49, 39)
(38, 48, 39, 47)
(46, 41, 47, 42)
(42, 228, 43, 227)
(228, 199, 229, 200)
(198, 229, 199, 230)
(200, 198, 201, 197)
(196, 202, 197, 201)
(202, 196, 203, 195)
(216, 204, 217, 203)
(18, 215, 19, 216)
(214, 17, 215, 18)
(19, 188, 20, 189)
(20, 208, 21, 207)
(208, 240, 209, 239)
(21, 26, 22, 27)
(25, 243, 26, 242)
(22, 29, 23, 30)
(145, 207, 146, 206)
(31, 147, 32, 146)
(32, 150, 33, 149)
(205, 145, 206, 144)
(143, 190, 144, 191)
(191, 142, 192, 143)
(192, 220, 193, 219)
(220, 105, 221, 106)
(35, 104, 36, 105)
(103, 112, 104, 113)
(113, 102, 114, 103)
(101, 114, 102, 115)
(50, 137, 51, 138)
(136, 51, 137, 52)
(52, 66, 53, 65)
(66, 54, 67, 53)
(117, 55, 118, 54)
(98, 55, 99, 56)
(56, 75, 57, 76)
(74, 57, 75, 58)
(63, 58, 64, 59)
(64, 136, 65, 135)
(59, 135, 60, 134)
(127, 60, 128, 61)
(125, 129, 126, 128)
(124, 68, 125, 67)
(118, 78, 119, 77)
(78, 120, 79, 119)
(120, 89, 121, 90)
(97, 89, 98, 88)
(94, 87, 95, 88)
(86, 93, 87, 94)
(80, 85, 81, 86)
(122, 80, 123, 79)
(123, 76, 124, 77)
(90, 121, 91, 122)
(84, 92, 85, 91)
(96, 84, 97, 83)
(82, 96, 83, 95)
(81, 92, 82, 93)
(68, 74, 69, 73)
(132, 69, 133, 70)
(133, 63, 134, 62)
(61, 126, 62, 127)
(70, 131, 71, 132)
(130, 71, 131, 72)
(72, 129, 73, 130)
(111, 36, 112, 37)
(40, 38, 41, 37)
(110, 45, 111, 46)
(109, 226, 110, 227)
(43, 108, 44, 109)
(107, 222, 108, 223)
(223, 106, 224, 107)
(221, 225, 222, 224)
(225, 45, 226, 44)
(218, 194, 219, 193)
(194, 218, 195, 217)
(204, 189, 205, 190)
(1, 8, 2, 9)
(7, 0, 8, 1)
