(137, 68, 138, 69)
(67, 136, 68, 137)
(66, 126, 67, 125)
(237, 124, 238, 125)
(187, 237, 188, 236)
(71, 189, 72, 188)
(5, 71, 6, 70)
(69, 7, 70, 6)
(7, 4, 8, 5)
(3, 145, 4, 144)
(143, 3, 144, 2)
(1, 128, 2, 129)
(140, 130, 141, 129)
(139, 132, 140, 133)
(133, 138, 134, 139)
(131, 135, 132, 134)
(135, 131, 136, 130)
(141, 126, 142, 127)
(243, 143, 0, 142)
(65, 243, 66, 242)
(238, 241, 239, 242)
(123, 241, 124, 240)
(239, 123, 240, 122)
(180, 122, 181, 121)
(186, 181, 187, 182)
(233, 183, 234, 182)
(235, 233, 236, 232)
(78, 231, 79, 232)
(226, 77, 227, 78)
(214, 226, 215, 225)
(218, 216, 219, 215)
(222, 217, 223, 218)
(72, 221, 73, 222)
(220, 73, 221, 74)
(229, 74, 230, 75)
(230, 211, 231, 212)
(79, 211, 80, 210)
(80, 173, 81, 174)
(172, 200, 173, 199)
(198, 190, 199, 189)
(163, 9, 164, 8)
(11, 163, 12, 162)
(147, 12, 148, 13)
(145, 149, 146, 148)
(14, 149, 15, 150)
(62, 15, 63, 16)
(170, 63, 171, 64)
(64, 171, 65, 172)
(16, 170, 17, 169)
(38, 17, 39, 18)
(39, 48, 40, 49)
(47, 195, 48, 194)
(43, 190, 44, 191)
(191, 44, 192, 45)
(45, 192, 46, 193)
(46, 41, 47, 42)
(195, 41, 196, 40)
(196, 198, 197, 197)
(49, 52, 50, 53)
(51, 50, 52, 51)
(156, 53, 157, 54)
(152, 158, 153, 157)
(158, 152, 159, 151)
(164, 160, 165, 159)
(9, 161, 10, 160)
(161, 11, 162, 10)
(165, 150, 166, 151)
(55, 166, 56, 167)
(61, 56, 62, 57)
(57, 169, 58, 168)
(58, 156, 59, 155)
(154, 60, 155, 59)
(54, 153, 55, 154)
(60, 167, 61, 168)
(18, 33, 19, 34)
(27, 32, 28, 33)
(31, 26, 32, 27)
(25, 30, 26, 31)
(29, 24, 30, 25)
(23, 28, 24, 29)
(22, 37, 23, 38)
(36, 21, 37, 22)
(20, 35, 21, 36)
(34, 19, 35, 20)
(193, 42, 194, 43)
(13, 146, 14, 147)
(200, 180, 201, 179)
(84, 201, 85, 202)
(108, 85, 109, 86)
(86, 109, 87, 110)
(116, 88, 117, 87)
(88, 116, 89, 115)
(118, 89, 119, 90)
(92, 119, 93, 120)
(120, 93, 121, 94)
(94, 91, 95, 92)
(90, 95, 91, 96)
(96, 104, 97, 103)
(104, 98, 105, 97)
(101, 99, 102, 98)
(100, 207, 101, 208)
(205, 209, 206, 208)
(185, 205, 186, 204)
(203, 185, 204, 184)
(183, 235, 184, 234)
(202, 209, 203, 210)
(206, 99, 207, 100)
(102, 106, 103, 105)
(106, 112, 107, 111)
(112, 108, 113, 107)
(110, 114, 111, 113)
(117, 115, 118, 114)
(176, 84, 177, 83)
(82, 178, 83, 177)
(174, 81, 175, 82)
(178, 175, 179, 176)
(212, 227, 213, 228)
(76, 213, 77, 214)
(75, 228, 76, 229)
(224, 220, 225, 219)
(216, 223, 217, 224)
(127, 0, 128, 1)
