(193, 197, 194, 196)
(195, 250, 196, 251)
(251, 194, 252, 195)
(27, 252, 28, 253)
(28, 70, 29, 69)
(70, 32, 71, 31)
(235, 32, 236, 33)
(197, 237, 198, 236)
(237, 117, 238, 116)
(117, 193, 118, 192)
(191, 119, 192, 118)
(119, 191, 120, 190)
(120, 247, 121, 248)
(246, 121, 247, 122)
(122, 250, 123, 249)
(123, 145, 124, 144)
(24, 145, 25, 146)
(6, 26, 7, 25)
(26, 6, 27, 5)
(4, 153, 5, 154)
(1, 154, 2, 155)
(253, 3, 0, 2)
(3, 157, 4, 156)
(157, 151, 158, 150)
(151, 159, 152, 158)
(159, 88, 160, 89)
(87, 219, 88, 218)
(214, 217, 215, 218)
(213, 66, 214, 67)
(30, 68, 31, 67)
(68, 30, 69, 29)
(212, 82, 213, 81)
(223, 81, 224, 80)
(224, 45, 225, 46)
(71, 44, 72, 45)
(43, 234, 44, 235)
(33, 42, 34, 43)
(41, 229, 42, 228)
(227, 74, 228, 75)
(46, 75, 47, 76)
(76, 47, 77, 48)
(48, 77, 49, 78)
(49, 206, 50, 207)
(202, 206, 203, 205)
(198, 204, 199, 203)
(204, 200, 205, 199)
(167, 200, 168, 201)
(168, 129, 169, 130)
(128, 169, 129, 170)
(170, 116, 171, 115)
(171, 110, 172, 111)
(109, 102, 110, 103)
(186, 103, 187, 104)
(104, 187, 105, 188)
(238, 106, 239, 105)
(106, 240, 107, 239)
(189, 240, 190, 241)
(241, 174, 242, 175)
(244, 174, 245, 173)
(245, 248, 246, 249)
(93, 172, 94, 173)
(125, 92, 126, 93)
(143, 125, 144, 124)
(91, 142, 92, 143)
(90, 22, 91, 21)
(20, 23, 21, 24)
(7, 147, 8, 146)
(147, 19, 148, 18)
(19, 149, 20, 148)
(149, 153, 150, 152)
(10, 17, 11, 18)
(12, 10, 13, 9)
(8, 14, 9, 13)
(15, 15, 16, 14)
(16, 11, 17, 12)
(22, 90, 23, 89)
(141, 139, 142, 138)
(137, 161, 138, 160)
(136, 61, 137, 62)
(62, 208, 63, 207)
(219, 209, 220, 208)
(209, 85, 210, 84)
(85, 216, 86, 217)
(215, 86, 216, 87)
(83, 211, 84, 210)
(65, 83, 66, 82)
(64, 211, 65, 212)
(63, 220, 64, 221)
(221, 79, 222, 78)
(79, 223, 80, 222)
(60, 135, 61, 136)
(134, 59, 135, 60)
(50, 133, 51, 134)
(132, 165, 133, 166)
(201, 166, 202, 167)
(131, 112, 132, 113)
(113, 130, 114, 131)
(127, 114, 128, 115)
(111, 126, 112, 127)
(164, 51, 165, 52)
(139, 53, 140, 52)
(53, 141, 54, 140)
(163, 55, 164, 54)
(162, 58, 163, 57)
(56, 162, 57, 161)
(55, 58, 56, 59)
(99, 95, 100, 94)
(95, 99, 96, 98)
(96, 180, 97, 179)
(180, 177, 181, 178)
(101, 177, 102, 176)
(175, 184, 176, 185)
(108, 185, 109, 186)
(188, 107, 189, 108)
(183, 243, 184, 242)
(243, 183, 244, 182)
(181, 101, 182, 100)
(178, 98, 179, 97)
(73, 226, 74, 227)
(225, 72, 226, 73)
(40, 38, 41, 37)
(233, 37, 234, 36)
(35, 233, 36, 232)
(231, 35, 232, 34)
(39, 230, 40, 231)
(229, 38, 230, 39)
(155, 0, 156, 1)
