(129, 2, 130, 3)
(55, 130, 56, 131)
(56, 59, 57, 60)
(187, 58, 188, 59)
(186, 242, 187, 241)
(240, 186, 241, 185)
(247, 184, 0, 185)
(246, 1, 247, 2)
(182, 245, 183, 246)
(234, 181, 235, 182)
(128, 234, 129, 233)
(232, 128, 233, 127)
(126, 17, 127, 18)
(18, 125, 19, 126)
(3, 124, 4, 125)
(54, 124, 55, 123)
(122, 132, 123, 131)
(132, 122, 133, 121)
(60, 134, 61, 133)
(63, 134, 64, 135)
(189, 65, 190, 64)
(57, 188, 58, 189)
(65, 169, 66, 168)
(169, 203, 170, 202)
(212, 203, 213, 204)
(204, 213, 205, 214)
(205, 237, 206, 236)
(244, 238, 245, 237)
(238, 244, 239, 243)
(242, 240, 243, 239)
(235, 207, 236, 206)
(207, 217, 208, 216)
(220, 217, 221, 218)
(172, 221, 173, 222)
(222, 173, 223, 174)
(180, 223, 181, 224)
(224, 178, 225, 177)
(178, 226, 179, 225)
(41, 226, 42, 227)
(231, 42, 232, 43)
(26, 44, 27, 43)
(8, 26, 9, 25)
(9, 14, 10, 15)
(13, 10, 14, 11)
(22, 11, 23, 12)
(20, 24, 21, 23)
(16, 20, 17, 19)
(24, 16, 25, 15)
(12, 21, 13, 22)
(7, 4, 8, 5)
(5, 6, 6, 7)
(44, 54, 45, 53)
(114, 45, 115, 46)
(115, 99, 116, 98)
(99, 121, 100, 120)
(119, 101, 120, 100)
(118, 62, 119, 61)
(62, 118, 63, 117)
(116, 101, 117, 102)
(195, 102, 196, 103)
(103, 196, 104, 197)
(197, 104, 198, 105)
(193, 199, 194, 198)
(73, 192, 74, 193)
(191, 72, 192, 73)
(135, 190, 136, 191)
(71, 137, 72, 136)
(137, 71, 138, 70)
(167, 138, 168, 139)
(139, 166, 140, 167)
(165, 69, 166, 68)
(67, 77, 68, 76)
(75, 67, 76, 66)
(74, 91, 75, 92)
(199, 92, 200, 93)
(93, 200, 94, 201)
(201, 94, 202, 95)
(112, 95, 113, 96)
(113, 51, 114, 50)
(51, 174, 52, 175)
(175, 52, 176, 53)
(176, 180, 177, 179)
(96, 50, 97, 49)
(46, 98, 47, 97)
(108, 48, 109, 47)
(107, 110, 108, 111)
(111, 106, 112, 107)
(105, 194, 106, 195)
(48, 110, 49, 109)
(90, 77, 91, 78)
(78, 145, 79, 146)
(144, 147, 145, 148)
(141, 149, 142, 148)
(140, 69, 141, 70)
(149, 160, 150, 161)
(88, 160, 89, 159)
(89, 165, 90, 164)
(163, 159, 164, 158)
(82, 158, 83, 157)
(80, 84, 81, 83)
(146, 79, 147, 80)
(155, 85, 156, 84)
(143, 155, 144, 154)
(153, 143, 154, 142)
(85, 153, 86, 152)
(151, 87, 152, 86)
(161, 150, 162, 151)
(87, 162, 88, 163)
(156, 82, 157, 81)
(38, 27, 39, 28)
(36, 40, 37, 39)
(40, 36, 41, 35)
(227, 34, 228, 35)
(33, 228, 34, 229)
(30, 229, 31, 230)
(230, 31, 231, 32)
(29, 33, 30, 32)
(28, 37, 29, 38)
(171, 218, 172, 219)
(219, 170, 220, 171)
(208, 212, 209, 211)
(214, 210, 215, 209)
(210, 216, 211, 215)
(183, 0, 184, 1)
