(210, 205, 211, 206)
(206, 203, 207, 204)
(207, 147, 208, 146)
(172, 147, 173, 148)
(116, 173, 117, 174)
(117, 214, 118, 215)
(213, 202, 214, 203)
(143, 213, 144, 212)
(211, 145, 212, 144)
(145, 209, 146, 208)
(204, 209, 205, 210)
(142, 161, 143, 162)
(159, 163, 160, 162)
(163, 159, 164, 158)
(164, 172, 165, 171)
(165, 155, 166, 154)
(155, 167, 156, 166)
(167, 157, 168, 156)
(148, 158, 149, 157)
(170, 149, 171, 150)
(150, 154, 151, 153)
(168, 152, 169, 151)
(152, 170, 153, 169)
(160, 141, 161, 142)
(140, 202, 141, 201)
(115, 201, 116, 200)
(110, 199, 111, 200)
(109, 175, 110, 174)
(241, 108, 242, 109)
(240, 216, 241, 215)
(239, 40, 240, 41)
(41, 118, 42, 119)
(119, 42, 120, 43)
(47, 120, 48, 121)
(182, 137, 183, 138)
(136, 181, 137, 182)
(180, 135, 181, 136)
(134, 179, 135, 180)
(133, 128, 134, 129)
(129, 112, 130, 113)
(114, 112, 115, 111)
(113, 130, 114, 131)
(198, 131, 199, 132)
(132, 197, 133, 198)
(196, 178, 197, 177)
(243, 177, 244, 176)
(175, 245, 176, 244)
(245, 242, 246, 243)
(107, 246, 108, 247)
(247, 222, 248, 223)
(2, 222, 3, 221)
(220, 4, 221, 3)
(216, 219, 217, 220)
(233, 38, 234, 39)
(39, 234, 40, 235)
(235, 44, 236, 45)
(238, 44, 239, 43)
(237, 46, 238, 47)
(45, 236, 46, 237)
(50, 122, 51, 121)
(138, 50, 139, 49)
(48, 140, 49, 139)
(193, 125, 194, 124)
(192, 185, 193, 186)
(186, 183, 187, 184)
(190, 188, 191, 187)
(189, 126, 190, 127)
(178, 127, 179, 128)
(125, 188, 126, 189)
(184, 191, 185, 192)
(123, 195, 124, 194)
(195, 123, 196, 122)
(63, 107, 64, 106)
(105, 65, 106, 64)
(65, 105, 66, 104)
(66, 69, 67, 70)
(93, 68, 94, 69)
(92, 97, 93, 98)
(101, 99, 102, 98)
(100, 25, 101, 26)
(223, 27, 224, 26)
(27, 225, 28, 224)
(225, 29, 226, 28)
(22, 30, 23, 29)
(54, 22, 55, 21)
(252, 55, 253, 56)
(16, 253, 17, 254)
(254, 17, 255, 18)
(255, 14, 0, 15)
(13, 249, 14, 248)
(1, 13, 2, 12)
(11, 9, 12, 8)
(7, 11, 8, 10)
(9, 7, 10, 6)
(218, 5, 219, 6)
(4, 217, 5, 218)
(229, 32, 230, 33)
(35, 231, 36, 230)
(231, 35, 232, 34)
(37, 232, 38, 233)
(36, 34, 37, 33)
(31, 58, 32, 59)
(52, 60, 53, 59)
(228, 52, 229, 51)
(73, 75, 74, 74)
(103, 73, 104, 72)
(71, 97, 72, 96)
(95, 71, 96, 70)
(67, 94, 68, 95)
(102, 91, 103, 92)
(79, 90, 80, 91)
(78, 88, 79, 87)
(81, 87, 82, 86)
(83, 83, 84, 82)
(24, 99, 25, 100)
(226, 23, 227, 24)
(227, 60, 228, 61)
(61, 63, 62, 62)
(84, 85, 85, 86)
(75, 80, 76, 81)
(76, 90, 77, 89)
(88, 78, 89, 77)
(53, 30, 54, 31)
(250, 58, 251, 57)
(20, 251, 21, 252)
(19, 57, 20, 56)
(15, 19, 16, 18)
(249, 1, 250, 0)
