(5, 13, 6, 12)
(4, 45, 5, 46)
(13, 240, 14, 241)
(239, 14, 240, 15)
(15, 3, 16, 2)
(44, 3, 45, 4)
(234, 43, 235, 44)
(230, 234, 231, 233)
(231, 46, 232, 47)
(244, 10, 245, 9)
(8, 244, 9, 243)
(242, 11, 243, 12)
(241, 7, 242, 6)
(10, 8, 11, 7)
(22, 0, 23, 245)
(21, 238, 22, 239)
(237, 20, 238, 21)
(236, 1, 237, 2)
(235, 17, 236, 16)
(17, 40, 18, 41)
(39, 42, 40, 43)
(38, 229, 39, 230)
(37, 33, 38, 32)
(31, 49, 32, 48)
(47, 232, 48, 233)
(25, 30, 26, 31)
(84, 191, 85, 192)
(83, 228, 84, 229)
(213, 82, 214, 83)
(212, 34, 213, 33)
(211, 208, 212, 209)
(209, 37, 210, 36)
(35, 211, 36, 210)
(207, 34, 208, 35)
(199, 206, 200, 207)
(195, 199, 196, 198)
(27, 197, 28, 196)
(49, 26, 50, 27)
(50, 30, 51, 29)
(51, 192, 52, 193)
(23, 24, 24, 25)
(52, 201, 53, 202)
(200, 81, 201, 82)
(80, 62, 81, 61)
(60, 80, 61, 79)
(78, 60, 79, 59)
(75, 59, 76, 58)
(57, 77, 58, 76)
(205, 57, 206, 56)
(55, 194, 56, 195)
(193, 54, 194, 55)
(202, 53, 203, 54)
(203, 66, 204, 67)
(65, 68, 66, 69)
(62, 70, 63, 69)
(73, 70, 74, 71)
(74, 78, 75, 77)
(64, 71, 65, 72)
(72, 63, 73, 64)
(67, 204, 68, 205)
(197, 29, 198, 28)
(85, 215, 86, 214)
(170, 216, 171, 215)
(216, 170, 217, 169)
(217, 191, 218, 190)
(93, 219, 94, 218)
(87, 93, 88, 92)
(88, 228, 89, 227)
(89, 225, 90, 224)
(225, 91, 226, 90)
(91, 222, 92, 223)
(221, 87, 222, 86)
(95, 221, 96, 220)
(96, 100, 97, 99)
(100, 156, 101, 155)
(156, 136, 157, 135)
(136, 177, 137, 178)
(176, 137, 177, 138)
(138, 171, 139, 172)
(139, 147, 140, 146)
(147, 167, 148, 166)
(188, 167, 189, 168)
(168, 189, 169, 190)
(187, 148, 188, 149)
(149, 106, 150, 107)
(110, 106, 111, 105)
(104, 112, 105, 111)
(103, 152, 104, 153)
(98, 153, 99, 154)
(154, 97, 155, 98)
(123, 103, 124, 102)
(101, 125, 102, 124)
(125, 122, 126, 123)
(118, 121, 119, 122)
(130, 118, 131, 117)
(131, 135, 132, 134)
(132, 115, 133, 116)
(114, 108, 115, 107)
(150, 113, 151, 114)
(109, 113, 110, 112)
(151, 109, 152, 108)
(116, 133, 117, 134)
(126, 129, 127, 130)
(128, 120, 129, 119)
(120, 128, 121, 127)
(186, 166, 187, 165)
(164, 183, 165, 184)
(184, 163, 185, 164)
(162, 182, 163, 181)
(159, 181, 160, 180)
(160, 157, 161, 158)
(178, 162, 179, 161)
(179, 159, 180, 158)
(185, 182, 186, 183)
(175, 140, 176, 141)
(172, 142, 173, 141)
(145, 142, 146, 143)
(174, 143, 175, 144)
(144, 173, 145, 174)
(219, 95, 220, 94)
(226, 223, 227, 224)
(41, 18, 42, 19)
(19, 0, 20, 1)
