(99, 195, 100, 194)
(140, 196, 141, 195)
(110, 140, 111, 139)
(111, 99, 112, 98)
(112, 155, 113, 156)
(154, 228, 155, 227)
(226, 214, 227, 213)
(212, 193, 213, 194)
(100, 211, 101, 212)
(210, 101, 211, 102)
(102, 141, 103, 142)
(103, 196, 104, 197)
(104, 110, 105, 109)
(158, 106, 159, 105)
(157, 138, 158, 139)
(97, 157, 98, 156)
(113, 96, 114, 97)
(2, 96, 3, 95)
(228, 4, 229, 3)
(4, 12, 5, 11)
(43, 13, 44, 12)
(221, 43, 222, 42)
(215, 223, 216, 222)
(214, 153, 215, 154)
(223, 153, 224, 152)
(171, 225, 172, 224)
(225, 171, 226, 170)
(174, 170, 175, 169)
(192, 175, 193, 176)
(185, 176, 186, 177)
(177, 186, 178, 187)
(209, 209, 210, 208)
(189, 206, 190, 207)
(182, 206, 183, 205)
(204, 184, 205, 183)
(166, 203, 167, 204)
(165, 143, 166, 142)
(201, 164, 202, 165)
(163, 200, 164, 201)
(199, 162, 200, 163)
(107, 199, 108, 198)
(197, 109, 198, 108)
(106, 160, 107, 159)
(161, 161, 162, 160)
(143, 202, 144, 203)
(144, 152, 145, 151)
(148, 146, 149, 145)
(147, 173, 148, 172)
(173, 147, 174, 146)
(149, 169, 150, 168)
(167, 151, 168, 150)
(191, 184, 192, 185)
(190, 182, 191, 181)
(187, 178, 188, 179)
(207, 188, 208, 189)
(180, 180, 181, 179)
(116, 240, 117, 239)
(237, 241, 238, 240)
(243, 236, 0, 237)
(1, 243, 2, 242)
(241, 235, 242, 234)
(72, 233, 73, 234)
(94, 72, 95, 71)
(229, 70, 230, 71)
(10, 10, 11, 9)
(8, 23, 9, 24)
(24, 7, 25, 8)
(45, 6, 46, 7)
(5, 44, 6, 45)
(46, 26, 47, 25)
(13, 27, 14, 26)
(88, 28, 89, 27)
(87, 85, 88, 84)
(83, 32, 84, 33)
(126, 33, 127, 34)
(127, 37, 128, 36)
(37, 217, 38, 216)
(218, 42, 219, 41)
(40, 220, 41, 219)
(136, 115, 137, 116)
(114, 137, 115, 138)
(135, 119, 136, 118)
(238, 118, 239, 117)
(75, 135, 76, 134)
(133, 77, 134, 76)
(73, 132, 74, 133)
(131, 78, 132, 79)
(18, 79, 19, 80)
(58, 19, 59, 20)
(59, 93, 60, 92)
(232, 93, 233, 94)
(231, 65, 232, 64)
(63, 231, 64, 230)
(62, 69, 63, 70)
(68, 61, 69, 62)
(22, 68, 23, 67)
(66, 22, 67, 21)
(91, 20, 92, 21)
(47, 90, 48, 91)
(14, 89, 15, 90)
(15, 51, 16, 50)
(54, 52, 55, 51)
(30, 53, 31, 54)
(86, 29, 87, 30)
(28, 85, 29, 86)
(52, 31, 53, 32)
(16, 55, 17, 56)
(80, 17, 81, 18)
(81, 123, 82, 122)
(123, 83, 124, 82)
(124, 35, 125, 36)
(34, 125, 35, 126)
(121, 129, 122, 128)
(129, 121, 130, 120)
(119, 131, 120, 130)
(49, 57, 50, 56)
(57, 49, 58, 48)
(60, 65, 61, 66)
(74, 78, 75, 77)
(39, 38, 40, 39)
(217, 221, 218, 220)
(235, 0, 236, 1)
