(163, 166, 164, 167)
(167, 46, 168, 47)
(56, 46, 57, 45)
(57, 60, 58, 61)
(59, 165, 60, 164)
(165, 59, 166, 58)
(44, 62, 45, 61)
(236, 43, 237, 44)
(42, 235, 43, 236)
(41, 17, 42, 16)
(15, 10, 16, 11)
(11, 163, 12, 162)
(47, 13, 48, 12)
(13, 49, 14, 48)
(140, 49, 141, 50)
(168, 142, 169, 141)
(147, 143, 148, 142)
(146, 55, 147, 56)
(54, 145, 55, 146)
(234, 237, 235, 238)
(238, 17, 239, 18)
(239, 35, 240, 34)
(35, 241, 36, 240)
(2, 242, 3, 241)
(38, 2, 39, 1)
(158, 40, 159, 39)
(40, 158, 41, 157)
(9, 157, 10, 156)
(155, 160, 156, 161)
(14, 161, 15, 162)
(139, 155, 140, 154)
(120, 154, 121, 153)
(152, 122, 153, 121)
(50, 151, 51, 152)
(169, 150, 170, 151)
(149, 145, 150, 144)
(143, 149, 144, 148)
(170, 54, 171, 53)
(171, 220, 172, 221)
(219, 172, 220, 173)
(222, 173, 223, 174)
(174, 223, 175, 224)
(232, 175, 233, 176)
(233, 62, 234, 63)
(63, 112, 64, 113)
(108, 111, 109, 112)
(84, 107, 85, 108)
(83, 81, 84, 80)
(32, 80, 33, 79)
(33, 18, 34, 19)
(19, 191, 20, 190)
(191, 195, 192, 194)
(195, 139, 196, 138)
(123, 197, 124, 196)
(122, 119, 123, 120)
(118, 197, 119, 198)
(51, 199, 52, 198)
(199, 53, 200, 52)
(221, 219, 222, 218)
(213, 214, 214, 215)
(187, 182, 188, 183)
(224, 184, 225, 183)
(184, 177, 185, 178)
(176, 231, 177, 232)
(230, 185, 231, 186)
(90, 91, 91, 92)
(89, 93, 90, 92)
(88, 116, 89, 115)
(114, 65, 115, 66)
(66, 113, 67, 114)
(67, 64, 68, 65)
(87, 69, 88, 68)
(69, 87, 70, 86)
(109, 71, 110, 70)
(71, 111, 72, 110)
(85, 73, 86, 72)
(73, 104, 74, 105)
(106, 104, 107, 103)
(99, 103, 100, 102)
(81, 101, 82, 100)
(101, 83, 102, 82)
(98, 95, 99, 96)
(31, 96, 32, 97)
(97, 30, 98, 31)
(29, 24, 30, 25)
(25, 22, 26, 23)
(78, 22, 79, 21)
(189, 21, 190, 20)
(117, 189, 118, 188)
(116, 94, 117, 93)
(75, 95, 76, 94)
(105, 74, 106, 75)
(27, 76, 28, 77)
(23, 28, 24, 29)
(77, 26, 78, 27)
(181, 186, 182, 187)
(180, 230, 181, 229)
(225, 228, 226, 229)
(227, 179, 228, 178)
(179, 227, 180, 226)
(200, 216, 201, 215)
(205, 217, 206, 216)
(217, 205, 218, 204)
(203, 210, 204, 211)
(208, 212, 209, 211)
(212, 208, 213, 207)
(201, 206, 202, 207)
(209, 202, 210, 203)
(137, 125, 138, 124)
(125, 137, 126, 136)
(126, 134, 127, 133)
(134, 128, 135, 127)
(128, 131, 129, 132)
(193, 131, 194, 130)
(129, 193, 130, 192)
(135, 132, 136, 133)
(8, 159, 9, 160)
(7, 5, 8, 4)
(3, 37, 4, 36)
(37, 242, 38, 243)
(243, 6, 0, 7)
(5, 0, 6, 1)
