(174, 98, 175, 97)
(4, 173, 5, 174)
(172, 3, 173, 4)
(171, 30, 172, 31)
(88, 32, 89, 31)
(96, 88, 97, 87)
(43, 86, 44, 87)
(85, 42, 86, 43)
(47, 85, 48, 84)
(83, 49, 84, 48)
(73, 83, 74, 82)
(81, 75, 82, 74)
(71, 80, 72, 81)
(179, 70, 180, 71)
(69, 178, 70, 179)
(68, 176, 69, 175)
(98, 67, 99, 68)
(66, 217, 67, 218)
(218, 228, 219, 227)
(231, 228, 232, 229)
(235, 233, 236, 232)
(1, 235, 2, 234)
(2, 5, 3, 6)
(6, 253, 7, 0)
(252, 7, 253, 8)
(29, 8, 30, 9)
(18, 9, 19, 10)
(168, 20, 169, 19)
(170, 168, 171, 167)
(166, 16, 167, 15)
(14, 37, 15, 38)
(93, 38, 94, 39)
(89, 95, 90, 94)
(95, 32, 96, 33)
(33, 91, 34, 90)
(91, 41, 92, 40)
(41, 46, 42, 47)
(44, 46, 45, 45)
(92, 36, 93, 35)
(36, 13, 37, 14)
(12, 166, 13, 165)
(23, 165, 24, 164)
(24, 53, 25, 54)
(52, 80, 53, 79)
(78, 50, 79, 49)
(50, 78, 51, 77)
(76, 52, 77, 51)
(72, 76, 73, 75)
(102, 25, 103, 26)
(103, 180, 104, 181)
(104, 134, 105, 133)
(134, 178, 135, 177)
(176, 136, 177, 135)
(136, 106, 137, 105)
(143, 106, 144, 107)
(144, 99, 145, 100)
(64, 145, 65, 146)
(216, 65, 217, 66)
(202, 216, 203, 215)
(203, 227, 204, 226)
(204, 248, 205, 247)
(219, 249, 220, 248)
(249, 231, 250, 230)
(229, 251, 230, 250)
(236, 252, 237, 251)
(222, 237, 223, 238)
(223, 213, 224, 212)
(213, 225, 214, 224)
(225, 215, 226, 214)
(238, 212, 239, 211)
(244, 240, 245, 239)
(240, 244, 241, 243)
(208, 242, 209, 241)
(207, 246, 208, 247)
(221, 206, 222, 207)
(205, 220, 206, 221)
(245, 210, 246, 211)
(242, 210, 243, 209)
(62, 201, 63, 202)
(61, 155, 62, 154)
(162, 154, 163, 153)
(163, 29, 164, 28)
(27, 55, 28, 54)
(26, 101, 27, 102)
(100, 198, 101, 197)
(196, 191, 197, 192)
(192, 195, 193, 196)
(113, 195, 114, 194)
(183, 115, 184, 114)
(115, 183, 116, 182)
(181, 117, 182, 116)
(124, 117, 125, 118)
(138, 126, 139, 125)
(132, 138, 133, 137)
(126, 132, 127, 131)
(127, 108, 128, 109)
(107, 142, 108, 143)
(141, 128, 142, 129)
(110, 129, 111, 130)
(190, 111, 191, 112)
(193, 113, 194, 112)
(122, 190, 123, 189)
(184, 124, 185, 123)
(188, 186, 189, 185)
(120, 188, 121, 187)
(118, 122, 119, 121)
(186, 120, 187, 119)
(130, 139, 131, 140)
(109, 141, 110, 140)
(147, 199, 148, 198)
(146, 63, 147, 64)
(56, 199, 57, 200)
(200, 57, 201, 58)
(157, 59, 158, 58)
(59, 157, 60, 156)
(155, 61, 156, 60)
(149, 158, 150, 159)
(150, 162, 151, 161)
(160, 152, 161, 151)
(152, 160, 153, 159)
(55, 148, 56, 149)
(17, 23, 18, 22)
(21, 11, 22, 10)
(20, 170, 21, 169)
(16, 12, 17, 11)
(39, 34, 40, 35)
(233, 1, 234, 0)
