(245, 225, 246, 224)
(225, 247, 226, 246)
(216, 0, 217, 247)
(102, 215, 103, 216)
(94, 101, 95, 102)
(62, 93, 63, 94)
(61, 29, 62, 28)
(27, 243, 28, 242)
(244, 242, 245, 241)
(223, 241, 224, 240)
(239, 223, 240, 222)
(221, 227, 222, 226)
(220, 205, 221, 206)
(206, 217, 207, 218)
(207, 186, 208, 187)
(185, 5, 186, 4)
(183, 2, 184, 3)
(105, 182, 106, 183)
(181, 104, 182, 105)
(103, 180, 104, 181)
(210, 180, 211, 179)
(150, 211, 151, 212)
(214, 151, 215, 152)
(152, 167, 153, 168)
(166, 128, 167, 127)
(126, 166, 127, 165)
(131, 165, 132, 164)
(132, 109, 133, 110)
(100, 95, 101, 96)
(48, 53, 49, 54)
(43, 54, 44, 55)
(55, 44, 56, 45)
(59, 57, 60, 56)
(58, 86, 59, 85)
(79, 85, 80, 84)
(63, 81, 64, 80)
(81, 73, 82, 72)
(92, 73, 93, 74)
(31, 74, 32, 75)
(32, 29, 33, 30)
(33, 61, 34, 60)
(34, 39, 35, 40)
(47, 39, 48, 38)
(37, 42, 38, 43)
(45, 36, 46, 37)
(40, 35, 41, 36)
(41, 47, 42, 46)
(75, 30, 76, 31)
(91, 77, 92, 76)
(87, 90, 88, 91)
(86, 58, 87, 57)
(78, 90, 79, 89)
(88, 78, 89, 77)
(82, 68, 83, 67)
(68, 84, 69, 83)
(64, 70, 65, 69)
(70, 66, 71, 65)
(66, 72, 67, 71)
(7, 109, 8, 108)
(8, 188, 9, 187)
(188, 10, 189, 9)
(21, 11, 22, 10)
(20, 230, 21, 229)
(25, 229, 26, 228)
(243, 27, 244, 26)
(227, 238, 228, 239)
(237, 25, 238, 24)
(196, 24, 197, 23)
(200, 197, 201, 198)
(204, 201, 205, 202)
(191, 203, 192, 202)
(190, 219, 191, 220)
(218, 189, 219, 190)
(203, 193, 204, 192)
(198, 193, 199, 194)
(194, 199, 195, 200)
(22, 196, 23, 195)
(19, 236, 20, 237)
(235, 18, 236, 19)
(234, 12, 235, 11)
(14, 233, 15, 234)
(232, 13, 233, 14)
(16, 232, 17, 231)
(230, 18, 231, 17)
(12, 15, 13, 16)
(208, 107, 209, 108)
(5, 106, 6, 107)
(209, 6, 210, 7)
(139, 179, 140, 178)
(140, 150, 141, 149)
(134, 111, 135, 112)
(161, 113, 162, 112)
(160, 154, 161, 153)
(154, 160, 155, 159)
(118, 155, 119, 156)
(156, 119, 157, 120)
(114, 158, 115, 157)
(113, 124, 114, 125)
(128, 126, 129, 125)
(129, 163, 130, 162)
(163, 131, 164, 130)
(158, 124, 159, 123)
(122, 115, 123, 116)
(116, 121, 117, 122)
(120, 117, 121, 118)
(110, 133, 111, 134)
(168, 135, 169, 136)
(138, 169, 139, 170)
(170, 148, 171, 147)
(148, 178, 149, 177)
(145, 177, 146, 176)
(141, 147, 142, 146)
(171, 175, 172, 174)
(175, 145, 176, 144)
(172, 144, 173, 143)
(142, 174, 143, 173)
(212, 137, 213, 138)
(136, 213, 137, 214)
(99, 53, 100, 52)
(51, 99, 52, 98)
(97, 51, 98, 50)
(49, 97, 50, 96)
(1, 184, 2, 185)
(3, 1, 4, 0)
