(7, 78, 8, 79)
(79, 11, 80, 10)
(20, 12, 21, 11)
(76, 20, 77, 19)
(77, 8, 78, 9)
(9, 7, 10, 6)
(80, 5, 81, 6)
(4, 81, 5, 82)
(82, 21, 83, 22)
(83, 25, 84, 24)
(12, 127, 13, 128)
(126, 13, 127, 14)
(17, 14, 18, 15)
(18, 76, 19, 75)
(119, 74, 120, 75)
(107, 118, 108, 119)
(239, 107, 240, 106)
(240, 2, 241, 1)
(2, 23, 3, 24)
(22, 3, 23, 4)
(241, 87, 0, 86)
(84, 88, 85, 87)
(88, 70, 89, 69)
(70, 143, 71, 144)
(142, 71, 143, 72)
(33, 73, 34, 72)
(32, 134, 33, 133)
(27, 132, 28, 133)
(26, 26, 27, 25)
(124, 132, 125, 131)
(128, 126, 129, 125)
(122, 130, 123, 129)
(121, 28, 122, 29)
(16, 29, 17, 30)
(30, 15, 31, 16)
(31, 120, 32, 121)
(130, 124, 131, 123)
(134, 74, 135, 73)
(135, 35, 136, 34)
(35, 38, 36, 39)
(108, 37, 109, 38)
(36, 109, 37, 110)
(113, 111, 114, 110)
(112, 41, 113, 42)
(115, 42, 116, 43)
(139, 117, 140, 116)
(117, 139, 118, 138)
(140, 138, 141, 137)
(44, 141, 45, 142)
(45, 145, 46, 144)
(146, 154, 147, 153)
(147, 100, 148, 101)
(238, 100, 239, 99)
(98, 62, 99, 61)
(60, 98, 61, 97)
(105, 97, 106, 96)
(95, 68, 96, 69)
(94, 48, 95, 47)
(46, 90, 47, 89)
(93, 91, 94, 90)
(91, 93, 92, 92)
(154, 146, 155, 145)
(152, 231, 153, 232)
(232, 101, 233, 102)
(148, 234, 149, 233)
(234, 238, 235, 237)
(235, 151, 236, 150)
(151, 103, 152, 102)
(103, 49, 104, 48)
(49, 66, 50, 67)
(65, 55, 66, 54)
(62, 53, 63, 54)
(59, 53, 60, 52)
(51, 57, 52, 56)
(55, 51, 56, 50)
(57, 65, 58, 64)
(63, 59, 64, 58)
(67, 105, 68, 104)
(164, 161, 165, 162)
(160, 217, 161, 218)
(172, 229, 173, 230)
(230, 173, 231, 174)
(163, 163, 164, 162)
(179, 177, 180, 176)
(180, 212, 181, 211)
(212, 216, 213, 215)
(216, 165, 217, 166)
(209, 166, 210, 167)
(210, 172, 211, 171)
(195, 171, 196, 170)
(196, 191, 197, 192)
(190, 182, 191, 181)
(189, 201, 190, 200)
(214, 200, 215, 199)
(198, 214, 199, 213)
(197, 208, 198, 209)
(207, 186, 208, 187)
(187, 206, 188, 207)
(184, 205, 185, 206)
(183, 202, 184, 203)
(203, 182, 204, 183)
(204, 201, 205, 202)
(185, 189, 186, 188)
(169, 193, 170, 192)
(193, 169, 194, 168)
(167, 195, 168, 194)
(175, 179, 176, 178)
(177, 175, 178, 174)
(222, 159, 223, 160)
(158, 221, 159, 222)
(220, 157, 221, 158)
(226, 219, 227, 220)
(218, 225, 219, 226)
(224, 156, 225, 155)
(223, 228, 224, 229)
(156, 228, 157, 227)
(149, 237, 150, 236)
(136, 43, 137, 44)
(39, 114, 40, 115)
(40, 111, 41, 112)
(85, 1, 86, 0)
