(65, 85, 66, 84)
(83, 220, 84, 221)
(76, 222, 77, 221)
(75, 184, 76, 185)
(188, 185, 189, 186)
(66, 190, 67, 189)
(111, 125, 112, 124)
(112, 58, 113, 57)
(58, 85, 59, 86)
(59, 158, 60, 159)
(157, 140, 158, 141)
(141, 65, 142, 64)
(142, 215, 143, 216)
(214, 219, 215, 220)
(213, 229, 214, 228)
(227, 78, 228, 79)
(224, 80, 225, 79)
(82, 224, 83, 223)
(222, 78, 223, 77)
(226, 82, 227, 81)
(80, 226, 81, 225)
(229, 213, 230, 212)
(21, 231, 22, 230)
(20, 235, 21, 236)
(183, 236, 184, 237)
(6, 237, 7, 238)
(238, 7, 239, 8)
(258, 240, 259, 239)
(257, 12, 258, 13)
(18, 14, 19, 13)
(14, 18, 15, 17)
(72, 16, 73, 15)
(74, 72, 75, 71)
(187, 68, 188, 69)
(69, 186, 70, 187)
(67, 71, 68, 70)
(16, 74, 17, 73)
(19, 164, 20, 165)
(163, 127, 164, 126)
(125, 191, 126, 190)
(42, 192, 43, 191)
(44, 42, 45, 41)
(45, 95, 46, 94)
(48, 95, 49, 96)
(49, 121, 50, 120)
(121, 111, 122, 110)
(109, 123, 110, 122)
(123, 109, 124, 108)
(107, 56, 108, 57)
(101, 106, 102, 107)
(105, 100, 106, 101)
(99, 104, 100, 105)
(98, 116, 99, 115)
(87, 114, 88, 115)
(113, 86, 114, 87)
(88, 94, 89, 93)
(92, 90, 93, 89)
(46, 91, 47, 92)
(90, 47, 91, 48)
(118, 98, 119, 97)
(96, 120, 97, 119)
(117, 52, 118, 53)
(53, 50, 54, 51)
(54, 103, 55, 104)
(102, 55, 103, 56)
(51, 116, 52, 117)
(161, 40, 162, 41)
(61, 160, 62, 161)
(159, 60, 160, 61)
(62, 140, 63, 139)
(63, 157, 64, 156)
(155, 139, 156, 138)
(137, 155, 138, 154)
(144, 153, 145, 154)
(216, 143, 217, 144)
(217, 207, 218, 206)
(207, 219, 208, 218)
(208, 203, 209, 204)
(202, 211, 203, 212)
(22, 201, 23, 202)
(197, 200, 198, 201)
(133, 196, 134, 197)
(233, 133, 234, 132)
(231, 235, 232, 234)
(131, 233, 132, 232)
(130, 128, 131, 127)
(129, 195, 130, 194)
(162, 194, 163, 193)
(192, 44, 193, 43)
(195, 129, 196, 128)
(199, 135, 200, 134)
(135, 199, 136, 198)
(136, 40, 137, 39)
(35, 39, 36, 38)
(36, 147, 37, 148)
(146, 149, 147, 150)
(150, 145, 151, 146)
(151, 205, 152, 204)
(205, 153, 206, 152)
(148, 37, 149, 38)
(23, 35, 24, 34)
(24, 32, 25, 31)
(32, 29, 33, 30)
(209, 28, 210, 29)
(27, 210, 28, 211)
(33, 27, 34, 26)
(30, 26, 31, 25)
(165, 183, 166, 182)
(177, 167, 178, 166)
(167, 177, 168, 176)
(175, 169, 176, 168)
(5, 175, 6, 174)
(8, 173, 9, 174)
(172, 260, 173, 259)
(171, 264, 172, 265)
(265, 170, 266, 171)
(169, 10, 170, 11)
(11, 240, 12, 241)
(246, 241, 247, 242)
(247, 181, 248, 180)
(256, 181, 257, 182)
(178, 255, 179, 256)
(254, 245, 255, 246)
(250, 254, 251, 253)
(251, 242, 252, 243)
(243, 252, 244, 253)
(249, 245, 250, 244)
(179, 249, 180, 248)
(9, 4, 10, 5)
(3, 266, 4, 267)
(260, 0, 261, 267)
(261, 2, 262, 3)
(1, 262, 2, 263)
(263, 0, 264, 1)
