(117, 108, 118, 109)
(109, 115, 110, 114)
(118, 116, 119, 115)
(107, 116, 108, 117)
(113, 107, 114, 106)
(105, 140, 106, 141)
(141, 10, 142, 11)
(12, 10, 13, 9)
(13, 17, 14, 16)
(94, 18, 95, 17)
(18, 94, 19, 93)
(110, 20, 111, 19)
(20, 119, 21, 120)
(21, 113, 22, 112)
(22, 140, 23, 139)
(104, 23, 105, 24)
(24, 103, 25, 104)
(102, 44, 103, 43)
(42, 61, 43, 62)
(65, 63, 66, 62)
(263, 64, 0, 65)
(262, 1, 263, 2)
(147, 2, 148, 3)
(3, 148, 4, 149)
(4, 145, 5, 146)
(144, 5, 145, 6)
(6, 143, 7, 144)
(11, 142, 12, 143)
(7, 249, 8, 248)
(249, 9, 250, 8)
(257, 251, 258, 250)
(256, 253, 257, 254)
(254, 155, 255, 156)
(87, 155, 88, 154)
(91, 89, 92, 88)
(15, 91, 16, 90)
(89, 15, 90, 14)
(95, 93, 96, 92)
(96, 39, 97, 40)
(57, 38, 58, 39)
(56, 45, 57, 46)
(46, 121, 47, 122)
(120, 112, 121, 111)
(30, 48, 31, 47)
(26, 30, 27, 29)
(138, 27, 139, 28)
(28, 137, 29, 138)
(136, 26, 137, 25)
(135, 32, 136, 33)
(44, 34, 45, 33)
(37, 35, 38, 34)
(59, 37, 60, 36)
(101, 60, 102, 61)
(100, 97, 101, 98)
(41, 98, 42, 99)
(99, 40, 100, 41)
(35, 59, 36, 58)
(134, 49, 135, 50)
(129, 50, 130, 51)
(130, 123, 131, 124)
(122, 55, 123, 56)
(127, 55, 128, 54)
(128, 134, 129, 133)
(125, 132, 126, 133)
(51, 124, 52, 125)
(52, 131, 53, 132)
(53, 127, 54, 126)
(48, 32, 49, 31)
(164, 153, 165, 154)
(66, 163, 67, 164)
(151, 162, 152, 163)
(261, 151, 262, 150)
(149, 146, 150, 147)
(247, 261, 248, 260)
(160, 259, 161, 260)
(258, 159, 259, 160)
(158, 252, 159, 251)
(252, 158, 253, 157)
(156, 255, 157, 256)
(246, 162, 247, 161)
(245, 242, 246, 243)
(243, 192, 244, 193)
(184, 191, 185, 192)
(190, 183, 191, 184)
(189, 167, 190, 166)
(86, 166, 87, 165)
(85, 69, 86, 68)
(152, 68, 153, 67)
(229, 85, 230, 84)
(83, 231, 84, 230)
(77, 82, 78, 83)
(76, 237, 77, 238)
(238, 75, 239, 76)
(74, 241, 75, 242)
(178, 74, 179, 73)
(179, 211, 180, 210)
(200, 211, 201, 212)
(212, 201, 213, 202)
(194, 214, 195, 213)
(193, 244, 194, 245)
(219, 214, 220, 215)
(181, 220, 182, 221)
(182, 185, 183, 186)
(186, 167, 187, 168)
(222, 187, 223, 188)
(188, 223, 189, 224)
(224, 173, 225, 174)
(172, 70, 173, 69)
(70, 172, 71, 171)
(176, 71, 177, 72)
(228, 177, 229, 178)
(72, 228, 73, 227)
(169, 226, 170, 227)
(168, 222, 169, 221)
(174, 225, 175, 226)
(175, 171, 176, 170)
(209, 181, 210, 180)
(208, 198, 209, 197)
(196, 199, 197, 200)
(195, 203, 196, 202)
(216, 203, 217, 204)
(204, 217, 205, 218)
(218, 205, 219, 206)
(215, 207, 216, 206)
(198, 208, 199, 207)
(231, 240, 232, 241)
(239, 232, 240, 233)
(233, 78, 234, 79)
(79, 234, 80, 235)
(235, 80, 236, 81)
(81, 236, 82, 237)
(63, 0, 64, 1)
