(144, 136, 145, 135)
(134, 144, 135, 143)
(142, 138, 143, 137)
(136, 146, 137, 145)
(141, 147, 142, 146)
(147, 141, 148, 140)
(43, 149, 44, 148)
(42, 131, 43, 132)
(39, 132, 40, 133)
(133, 40, 134, 41)
(38, 42, 39, 41)
(37, 150, 38, 151)
(240, 151, 241, 152)
(241, 206, 242, 207)
(138, 205, 139, 206)
(204, 139, 205, 140)
(203, 195, 204, 194)
(44, 193, 45, 194)
(192, 45, 193, 46)
(269, 46, 270, 47)
(270, 130, 271, 129)
(130, 149, 131, 150)
(271, 23, 272, 22)
(23, 273, 24, 272)
(36, 273, 37, 274)
(274, 35, 275, 36)
(34, 1, 35, 2)
(27, 3, 28, 2)
(3, 27, 4, 26)
(9, 4, 10, 5)
(10, 240, 11, 239)
(236, 12, 237, 11)
(216, 236, 217, 235)
(217, 152, 218, 153)
(218, 207, 219, 208)
(232, 220, 233, 219)
(180, 232, 181, 231)
(172, 182, 173, 181)
(182, 172, 183, 171)
(264, 183, 265, 184)
(244, 192, 245, 191)
(200, 243, 201, 244)
(242, 199, 243, 200)
(195, 198, 196, 199)
(197, 202, 198, 203)
(201, 196, 202, 197)
(268, 245, 269, 246)
(47, 247, 48, 246)
(128, 247, 129, 248)
(248, 80, 249, 79)
(80, 96, 81, 95)
(169, 97, 170, 96)
(168, 156, 169, 155)
(154, 215, 155, 216)
(234, 154, 235, 153)
(233, 209, 234, 208)
(220, 210, 221, 209)
(223, 210, 224, 211)
(167, 225, 168, 224)
(225, 167, 226, 166)
(179, 226, 180, 227)
(230, 227, 231, 228)
(175, 228, 176, 229)
(176, 173, 177, 174)
(163, 162, 164, 163)
(161, 164, 162, 165)
(156, 166, 157, 165)
(160, 158, 161, 157)
(178, 160, 179, 159)
(158, 178, 159, 177)
(229, 174, 230, 175)
(211, 215, 212, 214)
(212, 221, 213, 222)
(222, 213, 223, 214)
(97, 171, 98, 170)
(98, 264, 99, 263)
(262, 100, 263, 99)
(261, 185, 262, 184)
(185, 261, 186, 260)
(186, 265, 187, 266)
(267, 191, 268, 190)
(189, 267, 190, 266)
(187, 188, 188, 189)
(100, 260, 101, 259)
(101, 48, 102, 49)
(49, 102, 50, 103)
(50, 76, 51, 75)
(125, 76, 126, 77)
(77, 126, 78, 127)
(127, 78, 128, 79)
(124, 51, 125, 52)
(52, 64, 53, 63)
(64, 54, 65, 53)
(119, 54, 120, 55)
(57, 120, 58, 121)
(249, 258, 250, 259)
(90, 258, 91, 257)
(82, 92, 83, 91)
(94, 82, 95, 81)
(84, 94, 85, 93)
(88, 85, 89, 86)
(89, 254, 90, 255)
(250, 253, 251, 254)
(251, 253, 252, 252)
(255, 87, 256, 86)
(87, 257, 88, 256)
(92, 84, 93, 83)
(58, 103, 59, 104)
(104, 59, 105, 60)
(60, 105, 61, 106)
(61, 75, 62, 74)
(123, 62, 124, 63)
(73, 122, 74, 123)
(72, 66, 73, 65)
(116, 72, 117, 71)
(117, 112, 118, 113)
(111, 118, 112, 119)
(110, 70, 111, 69)
(68, 110, 69, 109)
(108, 56, 109, 55)
(56, 108, 57, 107)
(121, 106, 122, 107)
(66, 67, 67, 68)
(115, 114, 116, 115)
(113, 70, 114, 71)
(12, 238, 13, 237)
(238, 14, 239, 13)
(14, 8, 15, 7)
(19, 8, 20, 9)
(25, 21, 26, 20)
(21, 25, 22, 24)
(18, 15, 19, 16)
(16, 5, 17, 6)
(6, 17, 7, 18)
(33, 29, 34, 28)
(29, 33, 30, 32)
(275, 31, 0, 30)
(31, 1, 32, 0)
