(259, 9, 260, 8)
(262, 7, 263, 8)
(261, 2, 262, 3)
(3, 260, 4, 261)
(189, 188, 190, 189)
(190, 180, 191, 179)
(180, 9, 181, 10)
(181, 259, 182, 258)
(263, 183, 264, 182)
(183, 7, 184, 6)
(1, 184, 2, 185)
(185, 4, 186, 5)
(151, 162, 152, 163)
(176, 163, 177, 164)
(164, 177, 165, 178)
(178, 165, 179, 166)
(166, 175, 167, 176)
(159, 175, 160, 174)
(160, 145, 161, 146)
(144, 109, 145, 110)
(110, 143, 111, 144)
(142, 140, 143, 139)
(253, 136, 254, 137)
(135, 252, 136, 253)
(134, 250, 135, 249)
(248, 95, 249, 96)
(93, 97, 94, 96)
(92, 192, 93, 191)
(91, 239, 92, 238)
(237, 91, 238, 90)
(89, 205, 90, 204)
(26, 203, 27, 204)
(200, 25, 201, 26)
(199, 196, 200, 197)
(18, 197, 19, 198)
(19, 15, 20, 14)
(12, 16, 13, 15)
(240, 12, 241, 11)
(10, 242, 11, 241)
(242, 258, 243, 257)
(256, 244, 257, 243)
(255, 108, 256, 109)
(254, 116, 255, 115)
(112, 142, 113, 141)
(140, 112, 141, 111)
(138, 113, 139, 114)
(114, 137, 115, 138)
(116, 107, 117, 108)
(125, 106, 126, 107)
(103, 124, 104, 125)
(251, 103, 252, 102)
(101, 251, 102, 250)
(100, 133, 101, 134)
(99, 129, 100, 128)
(127, 99, 128, 98)
(97, 246, 98, 247)
(94, 247, 95, 248)
(244, 246, 245, 245)
(117, 126, 118, 127)
(118, 106, 119, 105)
(104, 120, 105, 119)
(123, 120, 124, 121)
(130, 122, 131, 121)
(129, 132, 130, 133)
(122, 132, 123, 131)
(239, 193, 240, 192)
(224, 194, 225, 193)
(223, 73, 224, 72)
(71, 213, 72, 212)
(211, 214, 212, 215)
(215, 210, 216, 211)
(236, 210, 237, 209)
(208, 206, 209, 205)
(234, 207, 235, 208)
(40, 233, 41, 234)
(82, 39, 83, 40)
(88, 82, 89, 81)
(27, 80, 28, 81)
(226, 79, 227, 80)
(194, 226, 195, 225)
(22, 195, 23, 196)
(202, 23, 203, 24)
(24, 201, 25, 202)
(21, 16, 22, 17)
(198, 17, 199, 18)
(13, 21, 14, 20)
(43, 79, 44, 78)
(77, 45, 78, 44)
(73, 76, 74, 77)
(222, 76, 223, 75)
(74, 222, 75, 221)
(220, 218, 221, 217)
(216, 69, 217, 70)
(213, 71, 214, 70)
(219, 68, 220, 69)
(67, 218, 68, 219)
(41, 66, 42, 67)
(65, 230, 66, 231)
(36, 232, 37, 231)
(232, 36, 233, 35)
(34, 37, 35, 38)
(38, 83, 39, 84)
(33, 85, 34, 84)
(55, 33, 56, 32)
(56, 88, 57, 87)
(52, 58, 53, 57)
(58, 52, 59, 51)
(50, 60, 51, 59)
(60, 50, 61, 49)
(28, 62, 29, 61)
(62, 227, 63, 228)
(228, 63, 229, 64)
(46, 230, 47, 229)
(45, 42, 46, 43)
(64, 47, 65, 48)
(48, 30, 49, 29)
(30, 85, 31, 86)
(31, 55, 32, 54)
(53, 86, 54, 87)
(206, 235, 207, 236)
(161, 152, 162, 153)
(153, 151, 154, 150)
(149, 155, 150, 154)
(155, 149, 156, 148)
(156, 171, 157, 172)
(170, 168, 171, 167)
(158, 170, 159, 169)
(168, 158, 169, 157)
(172, 147, 173, 148)
(146, 173, 147, 174)
(187, 265, 188, 264)
(265, 187, 0, 186)
(5, 0, 6, 1)
