(144, 167, 145, 168)
(168, 145, 169, 146)
(169, 142, 170, 143)
(138, 142, 139, 141)
(139, 261, 140, 260)
(261, 165, 262, 164)
(165, 150, 166, 151)
(149, 166, 150, 167)
(148, 16, 149, 15)
(14, 148, 15, 147)
(143, 147, 144, 146)
(170, 13, 171, 14)
(12, 155, 13, 156)
(31, 157, 32, 156)
(157, 31, 158, 30)
(158, 138, 159, 137)
(159, 259, 160, 258)
(259, 141, 260, 140)
(217, 160, 218, 161)
(161, 218, 162, 219)
(263, 163, 264, 162)
(163, 263, 164, 262)
(264, 271, 265, 272)
(270, 265, 271, 266)
(266, 269, 267, 270)
(268, 152, 269, 151)
(152, 268, 153, 267)
(16, 154, 17, 153)
(171, 155, 172, 154)
(9, 172, 10, 173)
(33, 11, 34, 10)
(11, 33, 12, 32)
(34, 30, 35, 29)
(22, 36, 23, 35)
(21, 38, 22, 39)
(39, 234, 40, 235)
(136, 234, 137, 233)
(225, 232, 226, 233)
(257, 225, 258, 224)
(216, 224, 217, 223)
(219, 222, 220, 223)
(208, 221, 209, 222)
(204, 207, 205, 208)
(203, 188, 204, 189)
(186, 190, 187, 189)
(272, 185, 273, 186)
(7, 185, 8, 184)
(8, 17, 9, 18)
(18, 183, 19, 184)
(182, 178, 183, 177)
(27, 177, 28, 176)
(28, 173, 29, 174)
(174, 179, 175, 180)
(25, 178, 26, 179)
(24, 38, 25, 37)
(36, 24, 37, 23)
(181, 26, 182, 27)
(180, 175, 181, 176)
(19, 245, 20, 244)
(245, 21, 246, 20)
(3, 247, 4, 246)
(2, 236, 3, 235)
(48, 83, 49, 84)
(47, 43, 48, 42)
(228, 41, 229, 42)
(40, 227, 41, 228)
(226, 135, 227, 136)
(231, 135, 232, 134)
(254, 253, 255, 254)
(197, 252, 198, 253)
(199, 197, 200, 196)
(200, 213, 201, 214)
(215, 213, 216, 212)
(211, 207, 212, 206)
(205, 211, 206, 210)
(220, 209, 221, 210)
(214, 201, 215, 202)
(187, 202, 188, 203)
(190, 195, 191, 196)
(194, 274, 195, 273)
(274, 194, 275, 193)
(275, 241, 0, 240)
(241, 7, 242, 6)
(243, 243, 244, 242)
(238, 5, 239, 6)
(4, 237, 5, 238)
(247, 236, 248, 237)
(1, 248, 2, 249)
(192, 250, 193, 249)
(250, 192, 251, 191)
(255, 122, 256, 123)
(110, 121, 111, 122)
(109, 89, 110, 88)
(87, 85, 88, 84)
(86, 108, 87, 107)
(93, 107, 94, 106)
(94, 117, 95, 118)
(49, 116, 50, 117)
(112, 115, 113, 116)
(111, 82, 112, 83)
(81, 79, 82, 78)
(77, 56, 78, 57)
(74, 58, 75, 57)
(100, 74, 101, 73)
(101, 65, 102, 64)
(68, 66, 69, 65)
(90, 67, 91, 68)
(89, 120, 90, 121)
(119, 92, 120, 93)
(118, 105, 119, 106)
(61, 104, 62, 105)
(60, 96, 61, 95)
(96, 60, 97, 59)
(58, 98, 59, 97)
(98, 72, 99, 71)
(72, 100, 73, 99)
(103, 70, 104, 71)
(63, 103, 64, 102)
(62, 70, 63, 69)
(66, 91, 67, 92)
(50, 76, 51, 75)
(76, 52, 77, 51)
(113, 53, 114, 52)
(53, 115, 54, 114)
(54, 79, 55, 80)
(80, 55, 81, 56)
(108, 86, 109, 85)
(123, 256, 124, 257)
(124, 46, 125, 45)
(43, 47, 44, 46)
(44, 126, 45, 125)
(131, 127, 132, 126)
(127, 131, 128, 130)
(129, 129, 130, 128)
(229, 133, 230, 132)
(133, 231, 134, 230)
(251, 198, 252, 199)
(239, 1, 240, 0)
