(1, 13, 2, 12)
(13, 29, 14, 28)
(29, 15, 30, 14)
(15, 18, 16, 19)
(17, 52, 18, 53)
(104, 53, 105, 54)
(78, 106, 79, 105)
(267, 76, 0, 77)
(266, 85, 267, 86)
(86, 123, 87, 124)
(61, 123, 62, 122)
(121, 63, 122, 62)
(63, 121, 64, 120)
(119, 65, 120, 64)
(11, 119, 12, 118)
(114, 118, 115, 117)
(42, 116, 43, 115)
(41, 3, 42, 2)
(40, 27, 41, 28)
(26, 39, 27, 40)
(25, 23, 26, 22)
(36, 21, 37, 22)
(20, 35, 21, 36)
(19, 31, 20, 30)
(34, 32, 35, 31)
(6, 34, 7, 33)
(48, 7, 49, 8)
(8, 49, 9, 50)
(50, 9, 51, 10)
(51, 16, 52, 17)
(10, 113, 11, 114)
(55, 112, 56, 113)
(54, 103, 55, 104)
(111, 102, 112, 103)
(79, 110, 80, 111)
(109, 80, 110, 81)
(106, 82, 107, 81)
(82, 84, 83, 83)
(75, 84, 76, 85)
(263, 74, 264, 75)
(265, 263, 266, 262)
(134, 261, 135, 262)
(260, 133, 261, 134)
(132, 259, 133, 260)
(88, 131, 89, 132)
(124, 87, 125, 88)
(125, 91, 126, 90)
(91, 72, 92, 73)
(71, 59, 72, 58)
(57, 60, 58, 61)
(65, 56, 66, 57)
(95, 66, 96, 67)
(67, 96, 68, 97)
(97, 68, 98, 69)
(98, 93, 99, 94)
(92, 99, 93, 100)
(73, 264, 74, 265)
(107, 100, 108, 101)
(101, 108, 102, 109)
(94, 70, 95, 69)
(59, 71, 60, 70)
(126, 135, 127, 136)
(206, 128, 207, 127)
(128, 206, 129, 205)
(258, 129, 259, 130)
(130, 89, 131, 90)
(136, 211, 137, 212)
(185, 210, 186, 211)
(209, 184, 210, 185)
(183, 208, 184, 209)
(207, 182, 208, 183)
(204, 182, 205, 181)
(180, 204, 181, 203)
(257, 203, 258, 202)
(231, 238, 232, 239)
(240, 238, 241, 237)
(142, 242, 143, 241)
(138, 142, 139, 141)
(212, 140, 213, 139)
(140, 214, 141, 213)
(214, 137, 215, 138)
(215, 253, 216, 252)
(253, 188, 254, 189)
(187, 254, 188, 255)
(255, 186, 256, 187)
(179, 256, 180, 257)
(178, 189, 179, 190)
(195, 190, 196, 191)
(201, 196, 202, 197)
(158, 198, 159, 197)
(222, 158, 223, 157)
(223, 249, 224, 248)
(246, 250, 247, 249)
(245, 148, 246, 149)
(149, 231, 150, 230)
(151, 151, 152, 150)
(234, 234, 235, 233)
(235, 232, 236, 233)
(236, 240, 237, 239)
(152, 243, 153, 244)
(242, 144, 243, 143)
(144, 154, 145, 153)
(154, 252, 155, 251)
(155, 163, 156, 162)
(220, 164, 221, 163)
(219, 176, 220, 177)
(177, 216, 178, 217)
(217, 170, 218, 171)
(169, 194, 170, 195)
(193, 168, 194, 169)
(192, 199, 193, 200)
(200, 191, 201, 192)
(198, 160, 199, 159)
(160, 222, 161, 221)
(161, 157, 162, 156)
(167, 174, 168, 175)
(164, 176, 165, 175)
(165, 172, 166, 173)
(171, 218, 172, 219)
(173, 166, 174, 167)
(225, 250, 226, 251)
(247, 225, 248, 224)
(147, 226, 148, 227)
(227, 146, 228, 147)
(145, 228, 146, 229)
(244, 229, 245, 230)
(44, 47, 45, 48)
(116, 44, 117, 43)
(46, 4, 47, 3)
(4, 46, 5, 45)
(32, 6, 33, 5)
(37, 24, 38, 25)
(23, 38, 24, 39)
(77, 0, 78, 1)
