(181, 7, 182, 6)
(85, 180, 86, 181)
(84, 214, 85, 213)
(212, 5, 213, 6)
(62, 211, 63, 212)
(210, 61, 211, 62)
(56, 209, 57, 210)
(270, 55, 271, 56)
(269, 260, 270, 261)
(16, 262, 17, 261)
(258, 15, 259, 16)
(257, 11, 258, 10)
(182, 9, 183, 10)
(251, 8, 252, 9)
(7, 250, 8, 251)
(249, 91, 250, 90)
(86, 89, 87, 90)
(88, 240, 89, 239)
(238, 175, 239, 176)
(179, 176, 180, 177)
(177, 152, 178, 153)
(147, 215, 148, 214)
(217, 147, 218, 146)
(91, 219, 92, 218)
(219, 97, 220, 96)
(97, 103, 98, 102)
(103, 247, 104, 246)
(242, 248, 243, 247)
(248, 242, 249, 241)
(240, 88, 241, 87)
(243, 107, 244, 106)
(107, 233, 108, 232)
(233, 175, 234, 174)
(115, 234, 116, 235)
(116, 238, 117, 237)
(236, 118, 237, 117)
(118, 236, 119, 235)
(156, 120, 157, 119)
(120, 156, 121, 155)
(154, 122, 155, 121)
(153, 178, 154, 179)
(130, 139, 131, 140)
(125, 151, 126, 150)
(149, 217, 150, 216)
(215, 149, 216, 148)
(145, 125, 146, 124)
(164, 124, 165, 123)
(165, 224, 166, 225)
(223, 93, 224, 92)
(222, 95, 223, 96)
(94, 221, 95, 222)
(220, 93, 221, 94)
(225, 166, 226, 167)
(101, 226, 102, 227)
(227, 98, 228, 99)
(228, 232, 229, 231)
(229, 101, 230, 100)
(99, 231, 100, 230)
(108, 168, 109, 167)
(168, 174, 169, 173)
(172, 170, 173, 169)
(110, 172, 111, 171)
(111, 161, 112, 160)
(161, 158, 162, 159)
(114, 158, 115, 157)
(113, 162, 114, 163)
(122, 164, 123, 163)
(159, 113, 160, 112)
(170, 110, 171, 109)
(144, 151, 145, 152)
(143, 128, 144, 129)
(138, 129, 139, 130)
(137, 141, 138, 140)
(136, 134, 137, 133)
(132, 128, 133, 127)
(126, 132, 127, 131)
(135, 142, 136, 143)
(141, 134, 142, 135)
(105, 245, 106, 244)
(245, 105, 246, 104)
(252, 184, 253, 183)
(37, 185, 38, 184)
(185, 37, 186, 36)
(186, 84, 187, 83)
(82, 188, 83, 187)
(81, 197, 82, 196)
(195, 203, 196, 202)
(201, 204, 202, 205)
(2, 206, 3, 205)
(206, 2, 207, 1)
(4, 207, 5, 208)
(65, 209, 66, 208)
(64, 60, 65, 59)
(58, 64, 59, 63)
(60, 58, 61, 57)
(66, 271, 67, 0)
(52, 67, 53, 68)
(53, 33, 54, 32)
(33, 55, 34, 54)
(34, 41, 35, 42)
(40, 24, 41, 23)
(22, 259, 23, 260)
(266, 22, 267, 21)
(20, 268, 21, 267)
(268, 20, 269, 19)
(263, 19, 264, 18)
(17, 265, 18, 264)
(265, 262, 266, 263)
(14, 40, 15, 39)
(38, 14, 39, 13)
(255, 12, 256, 13)
(11, 254, 12, 255)
(253, 256, 254, 257)
(24, 36, 25, 35)
(25, 77, 26, 76)
(190, 77, 191, 78)
(188, 192, 189, 191)
(79, 192, 80, 193)
(193, 200, 194, 201)
(203, 195, 204, 194)
(199, 199, 200, 198)
(197, 81, 198, 80)
(78, 189, 79, 190)
(43, 26, 44, 27)
(73, 45, 74, 44)
(72, 51, 73, 52)
(46, 72, 47, 71)
(30, 47, 31, 48)
(31, 68, 32, 69)
(48, 69, 49, 70)
(49, 28, 50, 29)
(74, 28, 75, 27)
(75, 42, 76, 43)
(50, 45, 51, 46)
(70, 29, 71, 30)
(3, 1, 4, 0)
