(165, 250, 166, 251)
(251, 164, 252, 165)
(163, 256, 164, 257)
(257, 254, 258, 255)
(166, 253, 167, 254)
(249, 253, 250, 252)
(248, 121, 249, 122)
(155, 123, 156, 122)
(241, 155, 242, 154)
(161, 242, 162, 243)
(255, 162, 256, 163)
(208, 244, 209, 243)
(207, 35, 208, 34)
(33, 260, 34, 261)
(168, 262, 169, 261)
(258, 167, 259, 168)
(182, 259, 183, 260)
(183, 206, 184, 207)
(246, 206, 247, 205)
(120, 247, 121, 248)
(198, 119, 199, 120)
(197, 200, 198, 201)
(201, 114, 202, 115)
(156, 113, 157, 114)
(105, 112, 106, 113)
(83, 104, 84, 105)
(89, 83, 90, 82)
(95, 90, 96, 91)
(131, 97, 132, 96)
(235, 131, 236, 130)
(236, 123, 237, 124)
(124, 237, 125, 238)
(240, 125, 241, 126)
(126, 239, 127, 240)
(238, 127, 239, 128)
(225, 129, 226, 128)
(153, 225, 154, 224)
(40, 223, 41, 224)
(39, 160, 40, 161)
(38, 188, 39, 187)
(209, 186, 210, 187)
(185, 37, 186, 36)
(35, 245, 36, 244)
(184, 246, 185, 245)
(210, 37, 211, 38)
(211, 189, 212, 188)
(214, 190, 215, 189)
(220, 214, 221, 213)
(194, 221, 195, 222)
(195, 203, 196, 202)
(203, 117, 204, 116)
(117, 205, 118, 204)
(118, 199, 119, 200)
(115, 196, 116, 197)
(222, 159, 223, 160)
(158, 108, 159, 107)
(106, 158, 107, 157)
(102, 112, 103, 111)
(103, 84, 104, 85)
(68, 85, 69, 86)
(69, 73, 70, 72)
(88, 73, 89, 74)
(81, 74, 82, 75)
(75, 66, 76, 67)
(65, 94, 66, 95)
(64, 138, 65, 137)
(62, 136, 63, 135)
(91, 134, 92, 135)
(133, 59, 134, 58)
(57, 133, 58, 132)
(56, 149, 57, 150)
(97, 151, 98, 150)
(234, 151, 235, 152)
(227, 153, 228, 152)
(129, 227, 130, 226)
(233, 229, 234, 228)
(49, 232, 50, 233)
(231, 48, 232, 49)
(41, 230, 42, 231)
(54, 230, 55, 229)
(98, 55, 99, 56)
(99, 77, 100, 76)
(77, 108, 78, 109)
(109, 78, 110, 79)
(110, 102, 111, 101)
(100, 79, 101, 80)
(80, 68, 81, 67)
(53, 45, 54, 44)
(50, 43, 51, 44)
(42, 47, 43, 48)
(51, 47, 52, 46)
(45, 53, 46, 52)
(93, 149, 94, 148)
(147, 139, 148, 138)
(146, 144, 147, 143)
(142, 61, 143, 62)
(60, 141, 61, 142)
(92, 59, 93, 60)
(145, 140, 146, 141)
(139, 144, 140, 145)
(136, 64, 137, 63)
(70, 88, 71, 87)
(86, 72, 87, 71)
(212, 193, 213, 194)
(217, 193, 218, 192)
(215, 219, 216, 218)
(219, 190, 220, 191)
(191, 217, 192, 216)
(2, 181, 3, 182)
(1, 272, 2, 273)
(273, 176, 0, 177)
(178, 176, 179, 175)
(174, 180, 175, 179)
(173, 11, 174, 10)
(9, 32, 10, 33)
(169, 8, 170, 9)
(7, 263, 8, 262)
(6, 4, 7, 3)
(264, 5, 265, 6)
(266, 264, 267, 263)
(267, 28, 268, 29)
(27, 270, 28, 271)
(180, 271, 181, 272)
(11, 25, 12, 24)
(25, 17, 26, 16)
(268, 18, 269, 17)
(18, 270, 19, 269)
(26, 19, 27, 20)
(20, 15, 21, 16)
(23, 15, 24, 14)
(13, 23, 14, 22)
(21, 13, 22, 12)
(29, 171, 30, 170)
(171, 31, 172, 30)
(31, 173, 32, 172)
(4, 265, 5, 266)
(177, 0, 178, 1)
