(141, 131, 142, 130)
(131, 141, 132, 140)
(83, 133, 84, 132)
(121, 82, 122, 83)
(81, 120, 82, 121)
(80, 77, 81, 78)
(79, 79, 80, 78)
(76, 127, 77, 128)
(128, 75, 129, 76)
(74, 129, 75, 130)
(139, 142, 140, 143)
(146, 144, 147, 143)
(134, 145, 135, 146)
(133, 85, 134, 84)
(85, 95, 86, 94)
(95, 87, 96, 86)
(87, 48, 88, 49)
(12, 47, 13, 48)
(46, 11, 47, 12)
(10, 45, 11, 46)
(54, 10, 55, 9)
(55, 117, 56, 116)
(70, 118, 71, 117)
(118, 70, 119, 69)
(122, 120, 123, 119)
(123, 68, 124, 69)
(126, 68, 127, 67)
(66, 126, 67, 125)
(124, 66, 125, 65)
(71, 65, 72, 64)
(153, 73, 154, 72)
(73, 153, 74, 152)
(154, 152, 155, 151)
(155, 260, 156, 261)
(259, 221, 260, 220)
(219, 159, 220, 158)
(157, 223, 158, 222)
(221, 157, 222, 156)
(258, 223, 259, 224)
(161, 225, 162, 224)
(225, 161, 226, 160)
(159, 227, 160, 226)
(190, 228, 191, 227)
(189, 169, 190, 168)
(184, 167, 185, 168)
(166, 183, 167, 184)
(165, 216, 166, 217)
(242, 218, 243, 217)
(218, 242, 219, 241)
(240, 237, 241, 238)
(238, 254, 239, 253)
(257, 254, 258, 255)
(255, 250, 256, 251)
(206, 249, 207, 250)
(205, 235, 206, 234)
(233, 193, 234, 192)
(191, 163, 192, 162)
(163, 232, 164, 233)
(170, 231, 171, 232)
(228, 169, 229, 170)
(229, 175, 230, 174)
(186, 175, 187, 176)
(178, 187, 179, 188)
(188, 179, 189, 180)
(180, 177, 181, 178)
(176, 181, 177, 182)
(185, 183, 186, 182)
(173, 231, 174, 230)
(215, 173, 216, 172)
(171, 215, 172, 214)
(213, 164, 214, 165)
(195, 212, 196, 213)
(211, 194, 212, 195)
(235, 211, 236, 210)
(236, 243, 237, 244)
(244, 247, 245, 248)
(246, 208, 247, 207)
(208, 246, 209, 245)
(209, 249, 210, 248)
(200, 204, 201, 203)
(204, 200, 205, 199)
(201, 199, 202, 198)
(197, 203, 198, 202)
(196, 194, 197, 193)
(251, 256, 252, 257)
(252, 240, 253, 239)
(150, 262, 151, 261)
(149, 4, 150, 5)
(137, 139, 138, 138)
(147, 136, 148, 137)
(144, 135, 145, 136)
(5, 148, 6, 149)
(97, 7, 98, 6)
(93, 97, 94, 96)
(33, 93, 34, 92)
(91, 35, 92, 34)
(90, 50, 91, 49)
(89, 15, 90, 14)
(13, 89, 14, 88)
(52, 15, 53, 16)
(53, 45, 54, 44)
(28, 21, 29, 22)
(32, 29, 33, 30)
(30, 40, 31, 39)
(40, 37, 41, 38)
(19, 36, 20, 37)
(35, 18, 36, 19)
(50, 17, 51, 18)
(16, 51, 17, 52)
(20, 44, 21, 43)
(25, 43, 26, 42)
(26, 23, 27, 24)
(22, 27, 23, 28)
(41, 25, 42, 24)
(38, 32, 39, 31)
(7, 103, 8, 102)
(103, 9, 104, 8)
(59, 105, 60, 104)
(111, 59, 112, 58)
(112, 116, 113, 115)
(113, 56, 114, 57)
(57, 114, 58, 115)
(110, 63, 111, 64)
(109, 61, 110, 60)
(105, 108, 106, 109)
(107, 62, 108, 63)
(61, 106, 62, 107)
(101, 263, 102, 262)
(263, 101, 264, 100)
(3, 264, 4, 265)
(265, 2, 266, 3)
(1, 266, 2, 267)
(267, 98, 0, 99)
(99, 0, 100, 1)
