(76, 50, 77, 49)
(54, 76, 55, 75)
(44, 55, 45, 56)
(48, 45, 49, 46)
(19, 46, 20, 47)
(135, 21, 136, 20)
(77, 134, 78, 135)
(133, 130, 134, 131)
(131, 125, 132, 124)
(114, 126, 115, 125)
(52, 113, 53, 114)
(112, 51, 113, 52)
(50, 111, 51, 112)
(53, 111, 54, 110)
(109, 214, 110, 215)
(215, 75, 216, 74)
(73, 217, 74, 216)
(72, 70, 73, 69)
(33, 68, 34, 69)
(27, 32, 28, 33)
(26, 43, 27, 44)
(56, 25, 57, 26)
(24, 15, 25, 16)
(16, 23, 17, 24)
(22, 17, 23, 18)
(47, 18, 48, 19)
(21, 137, 22, 136)
(137, 225, 138, 224)
(225, 139, 226, 138)
(78, 140, 79, 139)
(140, 3, 141, 4)
(143, 3, 144, 2)
(144, 148, 145, 147)
(148, 212, 149, 211)
(117, 213, 118, 212)
(127, 117, 128, 116)
(128, 122, 129, 121)
(122, 130, 123, 129)
(123, 133, 124, 132)
(120, 116, 121, 115)
(126, 119, 127, 120)
(213, 119, 214, 118)
(202, 150, 203, 149)
(201, 199, 202, 198)
(197, 194, 198, 195)
(96, 196, 97, 195)
(95, 274, 96, 275)
(275, 94, 0, 95)
(108, 94, 109, 93)
(92, 272, 93, 271)
(270, 267, 271, 268)
(268, 39, 269, 40)
(217, 38, 218, 39)
(70, 37, 71, 38)
(36, 71, 37, 72)
(30, 35, 31, 36)
(34, 29, 35, 30)
(28, 67, 29, 68)
(66, 31, 67, 32)
(42, 66, 43, 65)
(221, 65, 222, 64)
(57, 223, 58, 222)
(223, 15, 224, 14)
(8, 14, 9, 13)
(6, 10, 7, 9)
(226, 5, 227, 6)
(4, 80, 5, 79)
(80, 258, 81, 257)
(258, 82, 259, 81)
(82, 266, 83, 265)
(266, 90, 267, 89)
(90, 141, 91, 142)
(142, 91, 143, 92)
(88, 242, 89, 241)
(219, 221, 220, 220)
(218, 42, 219, 41)
(40, 269, 41, 270)
(240, 61, 241, 62)
(62, 59, 63, 60)
(58, 63, 59, 64)
(60, 239, 61, 240)
(238, 243, 239, 244)
(244, 237, 245, 238)
(236, 227, 237, 228)
(231, 228, 232, 229)
(11, 232, 12, 233)
(12, 8, 13, 7)
(233, 10, 234, 11)
(234, 230, 235, 229)
(230, 236, 231, 235)
(245, 86, 246, 87)
(85, 256, 86, 257)
(255, 84, 256, 85)
(254, 247, 255, 248)
(248, 253, 249, 254)
(252, 249, 253, 250)
(250, 261, 251, 262)
(260, 263, 261, 264)
(264, 259, 265, 260)
(262, 251, 263, 252)
(246, 84, 247, 83)
(242, 88, 243, 87)
(272, 2, 273, 1)
(106, 274, 107, 273)
(105, 161, 106, 160)
(156, 159, 157, 160)
(166, 156, 167, 155)
(167, 170, 168, 171)
(169, 146, 170, 147)
(145, 168, 146, 169)
(154, 172, 155, 171)
(172, 154, 173, 153)
(152, 174, 153, 173)
(151, 185, 152, 184)
(206, 183, 207, 184)
(210, 206, 211, 205)
(204, 210, 205, 209)
(208, 204, 209, 203)
(182, 207, 183, 208)
(181, 151, 182, 150)
(191, 181, 192, 180)
(192, 199, 193, 200)
(200, 193, 201, 194)
(186, 180, 187, 179)
(178, 188, 179, 187)
(98, 177, 99, 178)
(196, 98, 197, 97)
(176, 101, 177, 102)
(102, 161, 103, 162)
(158, 104, 159, 103)
(104, 158, 105, 157)
(162, 166, 163, 165)
(174, 164, 175, 163)
(164, 176, 165, 175)
(189, 101, 190, 100)
(190, 185, 191, 186)
(99, 189, 100, 188)
(107, 0, 108, 1)
