(123, 163, 124, 162)
(163, 125, 164, 124)
(122, 125, 123, 126)
(126, 5, 127, 6)
(4, 197, 5, 198)
(1, 198, 2, 199)
(199, 2, 200, 3)
(200, 259, 201, 0)
(255, 259, 256, 258)
(256, 217, 257, 218)
(175, 216, 176, 217)
(169, 175, 170, 174)
(167, 171, 168, 170)
(166, 76, 167, 75)
(74, 166, 75, 165)
(164, 161, 165, 162)
(160, 74, 161, 73)
(85, 72, 86, 73)
(84, 158, 85, 157)
(57, 157, 58, 156)
(58, 151, 59, 152)
(150, 120, 151, 119)
(118, 150, 119, 149)
(148, 121, 149, 122)
(147, 105, 148, 104)
(6, 103, 7, 104)
(102, 128, 103, 127)
(128, 102, 129, 101)
(237, 197, 238, 196)
(238, 201, 239, 202)
(242, 239, 243, 240)
(243, 255, 244, 254)
(253, 245, 254, 244)
(183, 252, 184, 253)
(247, 183, 248, 182)
(248, 225, 249, 226)
(224, 227, 225, 228)
(228, 223, 229, 224)
(177, 222, 178, 223)
(176, 220, 177, 219)
(218, 257, 219, 258)
(179, 220, 180, 221)
(180, 230, 181, 229)
(230, 208, 231, 207)
(208, 18, 209, 17)
(29, 19, 30, 18)
(19, 29, 20, 28)
(27, 21, 28, 20)
(26, 33, 27, 34)
(215, 34, 216, 35)
(68, 35, 69, 36)
(82, 70, 83, 69)
(76, 82, 77, 81)
(80, 78, 81, 77)
(79, 172, 80, 173)
(173, 169, 174, 168)
(171, 78, 172, 79)
(70, 160, 71, 159)
(71, 86, 72, 87)
(87, 158, 88, 159)
(83, 88, 84, 89)
(89, 64, 90, 65)
(63, 56, 64, 57)
(62, 155, 63, 156)
(54, 61, 55, 62)
(53, 153, 54, 152)
(59, 52, 60, 53)
(51, 112, 52, 113)
(113, 108, 114, 109)
(116, 108, 117, 107)
(120, 118, 121, 117)
(45, 106, 46, 107)
(105, 44, 106, 45)
(43, 92, 44, 93)
(93, 96, 94, 97)
(146, 96, 147, 95)
(94, 146, 95, 145)
(144, 139, 145, 140)
(140, 100, 141, 99)
(7, 101, 8, 100)
(8, 131, 9, 132)
(13, 131, 14, 130)
(129, 15, 130, 14)
(210, 16, 211, 15)
(16, 210, 17, 209)
(42, 212, 43, 211)
(41, 23, 42, 22)
(30, 21, 31, 22)
(24, 31, 25, 32)
(32, 25, 33, 26)
(23, 41, 24, 40)
(39, 214, 40, 215)
(38, 67, 39, 68)
(66, 37, 67, 38)
(36, 65, 37, 66)
(90, 213, 91, 214)
(212, 91, 213, 92)
(142, 97, 143, 98)
(138, 143, 139, 144)
(137, 98, 138, 99)
(141, 136, 142, 137)
(10, 135, 11, 136)
(132, 9, 133, 10)
(12, 133, 13, 134)
(134, 11, 135, 12)
(115, 47, 116, 46)
(47, 115, 48, 114)
(111, 48, 112, 49)
(49, 110, 50, 111)
(109, 50, 110, 51)
(153, 60, 154, 61)
(154, 56, 155, 55)
(234, 231, 235, 232)
(232, 235, 233, 236)
(236, 233, 237, 234)
(189, 206, 190, 207)
(188, 195, 189, 196)
(187, 205, 188, 204)
(240, 204, 241, 203)
(202, 242, 203, 241)
(186, 191, 187, 192)
(192, 185, 193, 186)
(184, 246, 185, 245)
(251, 246, 252, 247)
(181, 251, 182, 250)
(226, 249, 227, 250)
(190, 194, 191, 193)
(194, 206, 195, 205)
(221, 178, 222, 179)
(3, 0, 4, 1)
