(35, 101, 36, 100)
(104, 99, 105, 100)
(103, 90, 104, 91)
(91, 102, 92, 103)
(101, 37, 102, 36)
(56, 37, 57, 38)
(34, 57, 35, 58)
(58, 105, 59, 106)
(92, 59, 93, 60)
(93, 82, 94, 83)
(81, 88, 82, 89)
(98, 89, 99, 90)
(60, 97, 61, 98)
(96, 61, 97, 62)
(62, 65, 63, 66)
(64, 72, 65, 71)
(75, 70, 76, 71)
(77, 75, 78, 74)
(78, 83, 79, 84)
(94, 80, 95, 79)
(87, 80, 88, 81)
(86, 95, 87, 96)
(66, 85, 67, 86)
(84, 67, 85, 68)
(68, 73, 69, 74)
(72, 64, 73, 63)
(69, 76, 70, 77)
(106, 169, 107, 170)
(168, 55, 169, 56)
(38, 167, 39, 168)
(166, 39, 167, 40)
(40, 171, 41, 172)
(33, 171, 34, 170)
(32, 108, 33, 107)
(31, 42, 32, 43)
(48, 43, 49, 44)
(54, 49, 55, 50)
(21, 50, 22, 51)
(215, 23, 216, 22)
(165, 215, 166, 214)
(120, 214, 121, 213)
(206, 121, 207, 122)
(207, 172, 208, 173)
(193, 209, 194, 208)
(209, 193, 210, 192)
(210, 182, 211, 181)
(182, 113, 183, 114)
(112, 151, 113, 152)
(109, 153, 110, 152)
(108, 42, 109, 41)
(153, 31, 154, 30)
(29, 155, 30, 154)
(155, 29, 156, 28)
(27, 157, 28, 156)
(26, 220, 27, 219)
(218, 13, 219, 14)
(47, 14, 48, 15)
(15, 46, 16, 47)
(45, 52, 46, 53)
(53, 44, 54, 45)
(51, 20, 52, 21)
(16, 20, 17, 19)
(216, 18, 217, 17)
(18, 218, 19, 217)
(23, 12, 24, 13)
(2, 12, 3, 11)
(10, 4, 11, 3)
(270, 9, 271, 10)
(269, 164, 270, 165)
(119, 269, 120, 268)
(267, 117, 268, 116)
(124, 115, 125, 116)
(212, 124, 213, 123)
(122, 205, 123, 206)
(173, 204, 174, 205)
(194, 203, 195, 204)
(202, 191, 203, 192)
(190, 201, 191, 202)
(200, 189, 201, 190)
(178, 199, 179, 200)
(180, 178, 181, 177)
(187, 176, 188, 177)
(186, 212, 187, 211)
(185, 115, 186, 114)
(183, 184, 184, 185)
(140, 138, 141, 137)
(139, 150, 140, 151)
(149, 138, 150, 139)
(145, 148, 146, 149)
(144, 241, 145, 242)
(159, 243, 160, 242)
(158, 111, 159, 112)
(110, 157, 111, 158)
(162, 243, 163, 244)
(163, 220, 164, 221)
(221, 245, 222, 244)
(245, 223, 246, 222)
(118, 223, 119, 224)
(224, 117, 225, 118)
(258, 225, 259, 226)
(266, 259, 267, 260)
(227, 261, 228, 260)
(231, 227, 232, 226)
(141, 233, 142, 232)
(233, 143, 234, 142)
(143, 237, 144, 236)
(240, 238, 241, 237)
(239, 147, 240, 146)
(147, 239, 148, 238)
(235, 255, 236, 254)
(253, 249, 254, 248)
(247, 161, 248, 160)
(161, 247, 162, 246)
(249, 253, 250, 252)
(250, 258, 251, 257)
(256, 252, 257, 251)
(255, 235, 256, 234)
(265, 231, 266, 230)
(262, 230, 263, 229)
(228, 264, 229, 263)
(264, 261, 265, 262)
(130, 126, 131, 125)
(129, 133, 130, 132)
(136, 132, 137, 131)
(135, 127, 136, 126)
(127, 135, 128, 134)
(133, 129, 134, 128)
(196, 175, 197, 176)
(174, 195, 175, 196)
(197, 189, 198, 188)
(198, 179, 199, 180)
(25, 9, 26, 8)
(7, 25, 8, 24)
(1, 7, 2, 6)
(274, 5, 275, 6)
(4, 273, 5, 274)
(272, 0, 273, 277)
(276, 272, 277, 271)
(275, 0, 276, 1)
