(209, 267, 210, 266)
(267, 211, 268, 210)
(211, 247, 212, 246)
(247, 219, 248, 218)
(208, 219, 209, 220)
(223, 220, 224, 221)
(265, 224, 266, 225)
(88, 226, 89, 225)
(238, 87, 239, 88)
(237, 240, 238, 241)
(241, 2, 242, 3)
(1, 242, 2, 243)
(243, 268, 244, 269)
(244, 275, 245, 0)
(274, 245, 275, 246)
(270, 274, 271, 273)
(271, 253, 272, 252)
(253, 260, 254, 261)
(259, 254, 260, 255)
(255, 217, 256, 216)
(217, 212, 218, 213)
(248, 214, 249, 213)
(214, 250, 215, 249)
(263, 250, 264, 251)
(264, 94, 265, 93)
(94, 117, 95, 118)
(116, 141, 117, 142)
(142, 208, 143, 207)
(143, 120, 144, 121)
(222, 120, 223, 119)
(118, 222, 119, 221)
(144, 199, 145, 200)
(149, 199, 150, 198)
(150, 99, 151, 100)
(133, 99, 134, 98)
(97, 135, 98, 134)
(131, 96, 132, 97)
(95, 130, 96, 131)
(140, 130, 141, 129)
(128, 124, 129, 123)
(205, 123, 206, 122)
(206, 116, 207, 115)
(121, 114, 122, 115)
(113, 201, 114, 200)
(203, 113, 204, 112)
(204, 109, 205, 110)
(148, 145, 149, 146)
(146, 164, 147, 163)
(164, 161, 165, 162)
(177, 161, 178, 160)
(178, 186, 179, 185)
(101, 187, 102, 186)
(197, 101, 198, 100)
(196, 152, 197, 151)
(108, 196, 109, 195)
(127, 139, 128, 138)
(137, 127, 138, 126)
(125, 137, 126, 136)
(132, 136, 133, 135)
(139, 125, 140, 124)
(162, 148, 163, 147)
(194, 108, 195, 107)
(106, 155, 107, 156)
(156, 159, 157, 160)
(173, 159, 174, 158)
(174, 169, 175, 170)
(168, 175, 169, 176)
(165, 177, 166, 176)
(171, 166, 172, 167)
(157, 173, 158, 172)
(167, 170, 168, 171)
(154, 105, 155, 106)
(104, 153, 105, 154)
(103, 184, 104, 185)
(179, 102, 180, 103)
(180, 190, 181, 189)
(190, 182, 191, 181)
(182, 192, 183, 191)
(152, 194, 153, 193)
(188, 184, 189, 183)
(192, 187, 193, 188)
(201, 111, 202, 110)
(111, 203, 112, 202)
(92, 90, 93, 89)
(234, 91, 235, 92)
(32, 234, 33, 233)
(33, 230, 34, 231)
(229, 8, 230, 9)
(9, 228, 10, 229)
(28, 227, 29, 228)
(226, 27, 227, 28)
(61, 27, 62, 26)
(62, 43, 63, 44)
(42, 82, 43, 81)
(80, 42, 81, 41)
(40, 83, 41, 84)
(84, 56, 85, 55)
(56, 86, 57, 85)
(86, 239, 87, 240)
(57, 54, 58, 55)
(53, 39, 54, 38)
(4, 37, 5, 38)
(3, 236, 4, 237)
(90, 235, 91, 236)
(31, 37, 32, 36)
(35, 232, 36, 233)
(231, 34, 232, 35)
(7, 31, 8, 30)
(10, 29, 11, 30)
(11, 6, 12, 7)
(5, 12, 6, 13)
(60, 13, 61, 14)
(23, 49, 24, 48)
(47, 25, 48, 24)
(25, 47, 26, 46)
(45, 76, 46, 77)
(77, 44, 78, 45)
(63, 79, 64, 78)
(79, 82, 80, 83)
(64, 75, 65, 76)
(74, 16, 75, 15)
(14, 51, 15, 52)
(59, 53, 60, 52)
(39, 59, 40, 58)
(49, 23, 50, 22)
(21, 51, 22, 50)
(17, 21, 18, 20)
(18, 70, 19, 69)
(65, 71, 66, 70)
(71, 67, 72, 66)
(67, 73, 68, 72)
(16, 74, 17, 73)
(68, 20, 69, 19)
(251, 273, 252, 272)
(262, 257, 263, 258)
(258, 261, 259, 262)
(215, 257, 216, 256)
(269, 0, 270, 1)
