(61, 66, 62, 67)
(64, 68, 65, 67)
(63, 56, 64, 57)
(57, 62, 58, 63)
(43, 59, 44, 58)
(59, 43, 60, 42)
(65, 60, 66, 61)
(41, 53, 42, 52)
(51, 164, 52, 165)
(165, 48, 166, 49)
(47, 69, 48, 68)
(46, 55, 47, 56)
(54, 45, 55, 46)
(44, 53, 45, 54)
(40, 69, 41, 70)
(159, 70, 160, 71)
(75, 161, 76, 160)
(163, 75, 164, 74)
(73, 163, 74, 162)
(161, 73, 162, 72)
(76, 72, 77, 71)
(90, 78, 91, 77)
(78, 90, 79, 89)
(84, 80, 85, 79)
(80, 84, 81, 83)
(114, 81, 115, 82)
(115, 51, 116, 50)
(49, 117, 50, 116)
(117, 172, 118, 173)
(166, 171, 167, 172)
(187, 170, 188, 171)
(183, 186, 184, 187)
(182, 135, 183, 136)
(136, 40, 137, 39)
(32, 137, 33, 138)
(33, 159, 34, 158)
(34, 140, 35, 139)
(87, 140, 88, 141)
(88, 91, 89, 92)
(85, 93, 86, 92)
(250, 94, 251, 93)
(249, 224, 250, 225)
(225, 248, 226, 249)
(102, 247, 103, 248)
(110, 102, 111, 101)
(111, 122, 112, 123)
(121, 112, 122, 113)
(82, 113, 83, 114)
(120, 98, 121, 97)
(96, 120, 97, 119)
(173, 118, 174, 119)
(133, 174, 134, 175)
(195, 135, 196, 134)
(194, 186, 195, 185)
(184, 194, 185, 193)
(192, 189, 193, 190)
(167, 191, 168, 190)
(191, 169, 192, 168)
(169, 188, 170, 189)
(196, 276, 197, 275)
(276, 182, 277, 181)
(277, 31, 0, 30)
(31, 39, 32, 38)
(156, 38, 157, 37)
(157, 138, 158, 139)
(35, 36, 36, 37)
(155, 3, 156, 2)
(1, 155, 2, 154)
(4, 154, 5, 153)
(152, 6, 153, 5)
(151, 11, 152, 10)
(9, 143, 10, 142)
(141, 86, 142, 87)
(8, 150, 9, 149)
(251, 148, 252, 149)
(147, 204, 148, 205)
(266, 206, 267, 205)
(265, 210, 266, 211)
(94, 212, 95, 211)
(212, 224, 213, 223)
(240, 213, 241, 214)
(241, 226, 242, 227)
(105, 242, 106, 243)
(106, 103, 107, 104)
(107, 247, 108, 246)
(245, 109, 246, 108)
(109, 245, 110, 244)
(243, 104, 244, 105)
(227, 101, 228, 100)
(99, 229, 100, 228)
(123, 98, 124, 99)
(229, 124, 230, 125)
(125, 230, 126, 231)
(95, 126, 96, 127)
(208, 128, 209, 127)
(128, 208, 129, 207)
(258, 130, 259, 129)
(132, 258, 133, 257)
(261, 257, 262, 256)
(255, 263, 256, 262)
(254, 267, 255, 268)
(175, 269, 176, 268)
(269, 275, 270, 274)
(273, 271, 274, 270)
(272, 198, 273, 197)
(198, 272, 199, 271)
(180, 199, 181, 200)
(27, 200, 28, 201)
(13, 29, 14, 28)
(29, 13, 30, 12)
(11, 7, 12, 6)
(144, 8, 145, 7)
(143, 150, 144, 151)
(202, 145, 203, 146)
(203, 252, 204, 253)
(146, 253, 147, 254)
(14, 202, 15, 201)
(15, 26, 16, 27)
(25, 16, 26, 17)
(17, 24, 18, 25)
(20, 23, 21, 24)
(176, 19, 177, 20)
(18, 179, 19, 180)
(178, 22, 179, 21)
(22, 178, 23, 177)
(263, 206, 264, 207)
(209, 264, 210, 265)
(260, 132, 261, 131)
(130, 260, 131, 259)
(214, 231, 215, 232)
(232, 215, 233, 216)
(216, 233, 217, 234)
(238, 218, 239, 217)
(218, 238, 219, 237)
(219, 223, 220, 222)
(235, 221, 236, 220)
(239, 235, 240, 234)
(221, 237, 222, 236)
(3, 1, 4, 0)
