(30, 255, 31, 256)
(256, 31, 257, 32)
(257, 261, 258, 260)
(261, 16, 262, 17)
(192, 15, 193, 16)
(254, 192, 255, 191)
(190, 21, 191, 22)
(29, 22, 30, 23)
(26, 24, 27, 23)
(32, 25, 33, 26)
(24, 33, 25, 34)
(34, 28, 35, 27)
(28, 36, 29, 35)
(36, 19, 37, 20)
(18, 259, 19, 260)
(258, 17, 259, 18)
(220, 38, 221, 37)
(38, 220, 39, 219)
(218, 40, 219, 39)
(212, 218, 213, 217)
(216, 214, 217, 213)
(215, 3, 216, 2)
(1, 266, 2, 267)
(5, 262, 6, 263)
(13, 6, 14, 7)
(14, 193, 15, 194)
(197, 194, 198, 195)
(198, 254, 199, 253)
(182, 199, 183, 200)
(204, 183, 205, 184)
(184, 205, 185, 206)
(202, 186, 203, 185)
(186, 202, 187, 201)
(187, 180, 188, 181)
(179, 188, 180, 189)
(20, 189, 21, 190)
(209, 179, 210, 178)
(210, 43, 211, 44)
(42, 222, 43, 221)
(41, 225, 42, 224)
(223, 41, 224, 40)
(222, 225, 223, 226)
(226, 212, 227, 211)
(44, 227, 45, 228)
(50, 45, 51, 46)
(46, 51, 47, 52)
(47, 119, 48, 118)
(170, 119, 171, 120)
(12, 171, 13, 172)
(172, 7, 173, 8)
(173, 247, 174, 246)
(196, 247, 197, 248)
(248, 195, 249, 196)
(176, 249, 177, 250)
(252, 177, 253, 178)
(240, 251, 241, 252)
(228, 239, 229, 240)
(53, 238, 54, 239)
(49, 53, 50, 52)
(117, 49, 118, 48)
(113, 117, 114, 116)
(114, 140, 115, 139)
(140, 170, 141, 169)
(120, 142, 121, 141)
(145, 143, 146, 142)
(144, 124, 145, 123)
(122, 157, 123, 158)
(158, 167, 159, 168)
(166, 104, 167, 103)
(102, 11, 103, 12)
(10, 101, 11, 102)
(86, 10, 87, 9)
(8, 88, 9, 87)
(237, 58, 238, 59)
(57, 236, 58, 237)
(235, 56, 236, 57)
(231, 234, 232, 235)
(230, 245, 231, 246)
(244, 229, 245, 230)
(174, 243, 175, 244)
(242, 175, 243, 176)
(250, 241, 251, 242)
(233, 55, 234, 54)
(55, 233, 56, 232)
(112, 108, 113, 107)
(163, 106, 164, 107)
(162, 160, 163, 159)
(104, 161, 105, 162)
(160, 105, 161, 106)
(97, 165, 98, 164)
(165, 97, 166, 96)
(95, 100, 96, 101)
(94, 85, 95, 86)
(88, 93, 89, 94)
(92, 60, 93, 59)
(75, 61, 76, 60)
(108, 112, 109, 111)
(109, 98, 110, 99)
(99, 110, 100, 111)
(84, 80, 85, 79)
(89, 78, 90, 79)
(62, 78, 63, 77)
(76, 64, 77, 63)
(64, 61, 65, 62)
(72, 66, 73, 65)
(71, 74, 72, 75)
(70, 67, 71, 68)
(91, 81, 92, 80)
(83, 91, 84, 90)
(82, 69, 83, 70)
(68, 81, 69, 82)
(66, 74, 67, 73)
(137, 168, 138, 169)
(138, 116, 139, 115)
(121, 136, 122, 137)
(132, 136, 133, 135)
(148, 133, 149, 134)
(149, 146, 150, 147)
(150, 125, 151, 126)
(124, 144, 125, 143)
(126, 151, 127, 152)
(152, 127, 153, 128)
(156, 153, 157, 154)
(129, 155, 130, 154)
(128, 131, 129, 132)
(155, 131, 156, 130)
(134, 147, 135, 148)
(208, 181, 209, 182)
(200, 207, 201, 208)
(203, 207, 204, 206)
(263, 4, 264, 5)
(3, 215, 4, 214)
(269, 265, 0, 264)
(265, 269, 266, 268)
(267, 0, 268, 1)
