(131, 261, 132, 260)
(243, 169, 244, 168)
(160, 168, 161, 167)
(166, 162, 167, 161)
(132, 165, 133, 166)
(143, 165, 144, 164)
(141, 145, 142, 144)
(145, 141, 146, 140)
(146, 153, 147, 154)
(152, 109, 153, 110)
(103, 111, 104, 110)
(111, 103, 112, 102)
(112, 116, 113, 115)
(119, 117, 120, 116)
(1, 119, 2, 118)
(261, 3, 0, 2)
(3, 121, 4, 120)
(124, 121, 125, 122)
(125, 257, 126, 256)
(257, 128, 258, 129)
(127, 258, 128, 259)
(259, 131, 260, 130)
(249, 255, 250, 254)
(255, 244, 256, 245)
(169, 243, 170, 242)
(241, 171, 242, 170)
(240, 173, 241, 174)
(174, 239, 175, 240)
(235, 238, 236, 239)
(234, 234, 235, 233)
(149, 232, 150, 233)
(148, 159, 149, 160)
(158, 147, 159, 148)
(157, 136, 158, 137)
(137, 134, 138, 135)
(133, 163, 134, 162)
(163, 143, 164, 142)
(138, 155, 139, 156)
(154, 139, 155, 140)
(135, 156, 136, 157)
(231, 150, 232, 151)
(108, 151, 109, 152)
(107, 105, 108, 104)
(229, 106, 230, 107)
(228, 181, 229, 182)
(182, 225, 183, 226)
(224, 42, 225, 41)
(101, 41, 102, 40)
(22, 39, 23, 40)
(21, 17, 22, 16)
(8, 15, 9, 16)
(7, 122, 8, 123)
(123, 6, 124, 7)
(114, 6, 115, 5)
(4, 114, 5, 113)
(29, 14, 30, 15)
(171, 28, 172, 29)
(27, 172, 28, 173)
(37, 26, 38, 27)
(25, 36, 26, 37)
(175, 24, 176, 25)
(23, 176, 24, 177)
(226, 177, 227, 178)
(178, 227, 179, 228)
(236, 180, 237, 179)
(180, 238, 181, 237)
(38, 36, 39, 35)
(34, 19, 35, 20)
(17, 21, 18, 20)
(18, 33, 19, 34)
(13, 32, 14, 33)
(12, 10, 13, 9)
(11, 31, 12, 30)
(31, 11, 32, 10)
(100, 224, 101, 223)
(79, 222, 80, 223)
(78, 214, 79, 213)
(212, 60, 213, 59)
(207, 58, 208, 59)
(206, 84, 207, 83)
(183, 82, 184, 83)
(42, 81, 43, 82)
(99, 81, 100, 80)
(65, 99, 66, 98)
(97, 67, 98, 66)
(96, 91, 97, 92)
(69, 92, 70, 93)
(70, 75, 71, 76)
(74, 221, 75, 222)
(214, 73, 215, 74)
(72, 217, 73, 218)
(218, 71, 219, 72)
(219, 216, 220, 217)
(215, 220, 216, 221)
(76, 94, 77, 93)
(94, 78, 95, 77)
(95, 68, 96, 69)
(90, 67, 91, 68)
(64, 89, 65, 90)
(88, 63, 89, 64)
(60, 87, 61, 88)
(211, 87, 212, 86)
(85, 209, 86, 208)
(57, 85, 58, 84)
(56, 186, 57, 185)
(205, 185, 206, 184)
(195, 204, 196, 205)
(45, 194, 46, 195)
(61, 45, 62, 44)
(43, 63, 44, 62)
(193, 210, 194, 211)
(190, 201, 191, 202)
(202, 197, 203, 198)
(196, 55, 197, 56)
(54, 203, 55, 204)
(46, 53, 47, 54)
(52, 47, 53, 48)
(209, 192, 210, 193)
(191, 187, 192, 186)
(187, 201, 188, 200)
(189, 199, 190, 198)
(199, 189, 200, 188)
(50, 51, 51, 52)
(49, 49, 50, 48)
(105, 230, 106, 231)
(245, 252, 246, 253)
(251, 248, 252, 249)
(253, 251, 254, 250)
(247, 246, 248, 247)
(129, 127, 130, 126)
(117, 1, 118, 0)
