(137, 140, 138, 141)
(231, 88, 232, 89)
(89, 232, 90, 233)
(141, 91, 142, 90)
(134, 65, 135, 66)
(135, 138, 136, 139)
(139, 136, 140, 137)
(66, 145, 67, 146)
(87, 145, 88, 144)
(143, 15, 144, 14)
(220, 14, 221, 13)
(221, 4, 222, 5)
(3, 245, 4, 244)
(224, 244, 225, 243)
(225, 231, 226, 230)
(233, 227, 234, 226)
(142, 219, 143, 220)
(91, 218, 92, 219)
(64, 218, 65, 217)
(133, 132, 134, 133)
(131, 129, 132, 128)
(127, 147, 128, 146)
(126, 152, 127, 151)
(150, 126, 151, 125)
(124, 68, 125, 67)
(123, 86, 124, 87)
(122, 16, 123, 15)
(16, 122, 17, 121)
(92, 18, 93, 17)
(63, 18, 64, 19)
(19, 60, 20, 61)
(28, 59, 29, 60)
(26, 27, 27, 28)
(46, 26, 47, 25)
(47, 77, 48, 76)
(77, 217, 78, 216)
(152, 150, 153, 149)
(129, 148, 130, 149)
(147, 130, 148, 131)
(78, 153, 79, 154)
(208, 80, 209, 79)
(207, 183, 208, 182)
(188, 181, 189, 182)
(187, 161, 188, 160)
(159, 84, 160, 85)
(85, 68, 86, 69)
(52, 69, 53, 70)
(53, 119, 54, 118)
(98, 120, 99, 119)
(120, 98, 121, 97)
(99, 97, 100, 96)
(95, 101, 96, 100)
(94, 61, 95, 62)
(62, 93, 63, 94)
(20, 102, 21, 101)
(102, 113, 103, 114)
(112, 103, 113, 104)
(104, 111, 105, 112)
(110, 105, 111, 106)
(106, 109, 107, 110)
(57, 109, 58, 108)
(58, 29, 59, 30)
(30, 34, 31, 33)
(34, 39, 35, 40)
(37, 39, 38, 38)
(36, 42, 37, 41)
(40, 43, 41, 44)
(31, 44, 32, 45)
(45, 32, 46, 33)
(42, 36, 43, 35)
(107, 57, 108, 56)
(114, 56, 115, 55)
(115, 23, 116, 22)
(23, 117, 24, 116)
(117, 25, 118, 24)
(54, 21, 55, 22)
(70, 51, 71, 52)
(50, 74, 51, 73)
(72, 50, 73, 49)
(75, 49, 76, 48)
(71, 74, 72, 75)
(158, 209, 159, 210)
(210, 157, 211, 158)
(156, 215, 157, 216)
(155, 212, 156, 213)
(213, 154, 214, 155)
(214, 211, 215, 212)
(80, 83, 81, 84)
(175, 82, 176, 83)
(174, 165, 175, 166)
(166, 173, 167, 174)
(172, 184, 173, 183)
(168, 172, 169, 171)
(196, 169, 197, 170)
(197, 192, 198, 193)
(191, 206, 192, 207)
(203, 190, 204, 191)
(189, 202, 190, 203)
(194, 202, 195, 201)
(170, 195, 171, 196)
(200, 194, 201, 193)
(204, 200, 205, 199)
(198, 206, 199, 205)
(167, 184, 168, 185)
(164, 186, 165, 185)
(178, 164, 179, 163)
(162, 180, 163, 179)
(180, 162, 181, 161)
(177, 186, 178, 187)
(81, 176, 82, 177)
(6, 255, 7, 256)
(5, 12, 6, 13)
(11, 255, 12, 254)
(253, 223, 254, 222)
(252, 249, 253, 250)
(1, 250, 2, 251)
(245, 3, 246, 2)
(228, 236, 229, 235)
(242, 229, 243, 230)
(241, 235, 242, 234)
(240, 228, 241, 227)
(239, 257, 240, 256)
(9, 239, 10, 238)
(7, 11, 8, 10)
(237, 9, 238, 8)
(236, 257, 237, 258)
(258, 223, 259, 224)
(246, 259, 247, 260)
(260, 247, 261, 248)
(248, 261, 249, 0)
(251, 0, 252, 1)
