(219, 209, 220, 208)
(209, 145, 210, 144)
(145, 153, 146, 152)
(218, 153, 219, 154)
(154, 226, 155, 225)
(226, 223, 227, 224)
(111, 222, 112, 223)
(221, 110, 222, 111)
(207, 221, 208, 220)
(103, 206, 104, 207)
(102, 11, 103, 12)
(12, 101, 13, 102)
(7, 100, 8, 101)
(99, 6, 100, 7)
(98, 19, 99, 20)
(20, 142, 21, 141)
(211, 143, 212, 142)
(143, 211, 144, 210)
(212, 217, 213, 218)
(149, 216, 150, 217)
(215, 148, 216, 149)
(214, 151, 215, 152)
(146, 213, 147, 214)
(150, 148, 151, 147)
(21, 132, 22, 133)
(256, 132, 257, 131)
(257, 156, 258, 157)
(224, 156, 225, 155)
(227, 259, 228, 258)
(114, 260, 115, 259)
(113, 106, 114, 107)
(107, 112, 108, 113)
(105, 109, 106, 108)
(109, 105, 110, 104)
(235, 261, 236, 260)
(263, 235, 264, 234)
(264, 268, 265, 267)
(205, 268, 206, 269)
(194, 0, 195, 269)
(193, 191, 194, 190)
(189, 2, 190, 3)
(10, 3, 11, 4)
(4, 9, 5, 10)
(8, 14, 9, 13)
(5, 14, 6, 15)
(15, 188, 16, 189)
(187, 16, 188, 17)
(72, 18, 73, 17)
(18, 72, 19, 71)
(181, 70, 182, 71)
(180, 97, 181, 98)
(140, 180, 141, 179)
(178, 138, 179, 137)
(136, 121, 137, 122)
(133, 123, 134, 122)
(123, 129, 124, 128)
(129, 22, 130, 23)
(130, 256, 131, 255)
(157, 254, 158, 255)
(24, 254, 25, 253)
(250, 26, 251, 25)
(228, 249, 229, 250)
(248, 229, 249, 230)
(115, 231, 116, 230)
(236, 232, 237, 231)
(261, 233, 262, 232)
(233, 263, 234, 262)
(30, 237, 31, 238)
(31, 172, 32, 173)
(64, 177, 65, 178)
(266, 65, 267, 66)
(66, 265, 67, 266)
(138, 67, 139, 68)
(68, 139, 69, 140)
(69, 96, 70, 97)
(95, 182, 96, 183)
(183, 94, 184, 95)
(88, 93, 89, 94)
(87, 200, 88, 201)
(201, 205, 202, 204)
(85, 203, 86, 202)
(84, 196, 85, 195)
(76, 84, 77, 83)
(77, 187, 78, 186)
(185, 79, 186, 78)
(73, 184, 74, 185)
(74, 81, 75, 82)
(80, 75, 81, 76)
(79, 82, 80, 83)
(196, 89, 197, 90)
(90, 197, 91, 198)
(198, 91, 199, 92)
(92, 199, 93, 200)
(203, 87, 204, 86)
(63, 167, 64, 166)
(120, 166, 121, 165)
(159, 164, 160, 165)
(158, 24, 159, 23)
(163, 160, 164, 161)
(161, 253, 162, 252)
(251, 163, 252, 162)
(119, 27, 120, 26)
(118, 246, 119, 245)
(247, 245, 248, 244)
(116, 243, 117, 244)
(37, 243, 38, 242)
(29, 38, 30, 39)
(240, 40, 241, 39)
(239, 60, 240, 61)
(61, 238, 62, 239)
(35, 63, 36, 62)
(34, 167, 35, 168)
(168, 33, 169, 34)
(173, 32, 174, 33)
(169, 174, 170, 175)
(175, 170, 176, 171)
(171, 176, 172, 177)
(36, 27, 37, 28)
(241, 28, 242, 29)
(41, 52, 42, 53)
(53, 40, 54, 41)
(47, 55, 48, 54)
(57, 47, 58, 46)
(45, 59, 46, 58)
(59, 45, 60, 44)
(43, 50, 44, 51)
(51, 42, 52, 43)
(49, 57, 50, 56)
(55, 49, 56, 48)
(246, 118, 247, 117)
(127, 125, 128, 124)
(126, 135, 127, 136)
(134, 125, 135, 126)
(1, 193, 2, 192)
(191, 1, 192, 0)
