(208, 262, 209, 261)
(260, 208, 261, 207)
(21, 206, 22, 207)
(243, 20, 244, 21)
(242, 33, 243, 34)
(9, 35, 10, 34)
(8, 210, 9, 209)
(210, 8, 211, 7)
(4, 212, 5, 211)
(212, 4, 213, 3)
(2, 214, 3, 213)
(1, 265, 2, 264)
(262, 263, 263, 264)
(259, 218, 260, 219)
(22, 220, 23, 219)
(253, 220, 254, 221)
(221, 254, 222, 255)
(227, 222, 228, 223)
(228, 28, 229, 27)
(245, 29, 246, 28)
(205, 245, 206, 244)
(204, 29, 205, 30)
(17, 31, 18, 30)
(19, 17, 20, 16)
(32, 16, 33, 15)
(191, 14, 192, 15)
(241, 191, 242, 190)
(176, 190, 177, 189)
(177, 10, 178, 11)
(178, 187, 179, 188)
(186, 38, 187, 37)
(183, 37, 184, 36)
(35, 185, 36, 184)
(182, 186, 183, 185)
(181, 248, 182, 249)
(249, 24, 250, 25)
(258, 24, 259, 23)
(257, 250, 258, 251)
(251, 256, 252, 257)
(255, 252, 256, 253)
(25, 224, 26, 225)
(223, 226, 224, 227)
(225, 26, 226, 27)
(247, 180, 248, 181)
(246, 230, 247, 229)
(230, 40, 231, 39)
(40, 232, 41, 231)
(97, 232, 98, 233)
(63, 99, 64, 98)
(62, 237, 63, 238)
(199, 238, 200, 239)
(200, 196, 201, 195)
(196, 202, 197, 201)
(193, 203, 194, 202)
(203, 193, 204, 192)
(194, 198, 195, 197)
(239, 198, 240, 199)
(13, 240, 14, 241)
(12, 175, 13, 176)
(188, 12, 189, 11)
(235, 174, 236, 175)
(234, 42, 235, 41)
(233, 96, 234, 97)
(72, 95, 73, 96)
(54, 71, 55, 72)
(70, 53, 71, 54)
(50, 69, 51, 70)
(64, 49, 65, 50)
(99, 48, 100, 49)
(56, 48, 57, 47)
(57, 61, 58, 60)
(236, 61, 237, 62)
(58, 170, 59, 169)
(170, 167, 171, 168)
(166, 171, 167, 172)
(172, 43, 173, 44)
(42, 173, 43, 174)
(165, 45, 166, 44)
(111, 109, 112, 108)
(75, 110, 76, 111)
(74, 121, 75, 122)
(122, 73, 123, 74)
(126, 123, 127, 124)
(127, 95, 128, 94)
(104, 56, 105, 55)
(51, 52, 52, 53)
(68, 68, 69, 67)
(66, 101, 67, 102)
(102, 65, 103, 66)
(103, 100, 104, 101)
(45, 47, 46, 46)
(105, 154, 106, 155)
(150, 154, 151, 153)
(151, 146, 152, 147)
(142, 146, 143, 145)
(138, 144, 139, 143)
(137, 156, 138, 157)
(160, 157, 161, 158)
(134, 162, 135, 161)
(130, 133, 131, 134)
(164, 130, 165, 129)
(107, 129, 108, 128)
(155, 106, 156, 107)
(140, 150, 141, 149)
(148, 142, 149, 141)
(147, 152, 148, 153)
(144, 140, 145, 139)
(163, 133, 164, 132)
(131, 163, 132, 162)
(158, 135, 159, 136)
(136, 159, 137, 160)
(124, 94, 125, 93)
(92, 126, 93, 125)
(91, 117, 92, 116)
(115, 113, 116, 112)
(87, 115, 88, 114)
(88, 77, 89, 78)
(109, 76, 110, 77)
(78, 89, 79, 90)
(79, 84, 80, 85)
(83, 120, 84, 121)
(119, 82, 120, 83)
(81, 118, 82, 119)
(117, 80, 118, 81)
(85, 91, 86, 90)
(113, 87, 114, 86)
(168, 60, 169, 59)
(179, 38, 180, 39)
(31, 19, 32, 18)
(217, 6, 218, 7)
(5, 216, 6, 217)
(266, 216, 267, 215)
(214, 0, 215, 267)
(265, 1, 266, 0)
