(15, 36, 16, 37)
(14, 54, 15, 53)
(7, 53, 8, 52)
(8, 45, 9, 46)
(44, 30, 45, 29)
(25, 29, 26, 28)
(37, 27, 38, 26)
(27, 39, 28, 38)
(39, 42, 40, 43)
(41, 140, 42, 141)
(78, 141, 79, 142)
(142, 79, 143, 80)
(84, 143, 85, 144)
(232, 85, 233, 86)
(233, 245, 234, 244)
(16, 246, 17, 245)
(33, 246, 34, 247)
(247, 34, 248, 35)
(35, 248, 36, 249)
(56, 250, 57, 249)
(250, 56, 251, 55)
(54, 252, 55, 251)
(252, 58, 253, 57)
(58, 6, 59, 5)
(13, 6, 14, 7)
(59, 13, 60, 12)
(11, 61, 12, 60)
(51, 11, 52, 10)
(46, 9, 47, 10)
(62, 47, 63, 48)
(63, 259, 64, 258)
(259, 23, 0, 22)
(30, 24, 31, 23)
(43, 24, 44, 25)
(18, 32, 19, 31)
(72, 18, 73, 17)
(116, 74, 117, 73)
(138, 116, 139, 115)
(139, 40, 140, 41)
(114, 77, 115, 78)
(180, 114, 181, 113)
(148, 182, 149, 181)
(147, 81, 148, 80)
(83, 147, 84, 146)
(94, 145, 95, 146)
(144, 93, 145, 94)
(92, 219, 93, 220)
(220, 87, 221, 88)
(86, 231, 87, 232)
(230, 241, 231, 242)
(242, 121, 243, 122)
(120, 243, 121, 244)
(119, 122, 120, 123)
(123, 234, 124, 235)
(124, 117, 125, 118)
(132, 125, 133, 126)
(133, 137, 134, 136)
(74, 138, 75, 137)
(134, 75, 135, 76)
(76, 135, 77, 136)
(126, 131, 127, 132)
(130, 127, 131, 128)
(191, 129, 192, 128)
(193, 191, 194, 190)
(194, 211, 195, 212)
(210, 179, 211, 180)
(176, 209, 177, 210)
(175, 189, 176, 188)
(150, 187, 151, 188)
(149, 112, 150, 113)
(111, 169, 112, 168)
(106, 168, 107, 167)
(107, 102, 108, 103)
(101, 185, 102, 184)
(183, 101, 184, 100)
(99, 183, 100, 182)
(81, 98, 82, 99)
(97, 82, 98, 83)
(96, 237, 97, 238)
(238, 95, 239, 96)
(218, 239, 219, 240)
(240, 229, 241, 230)
(228, 89, 229, 90)
(90, 225, 91, 226)
(224, 91, 225, 92)
(223, 226, 224, 227)
(227, 222, 228, 223)
(88, 221, 89, 222)
(214, 217, 215, 218)
(213, 237, 214, 236)
(235, 118, 236, 119)
(189, 213, 190, 212)
(216, 215, 217, 216)
(185, 175, 186, 174)
(186, 151, 187, 152)
(173, 153, 174, 152)
(172, 164, 173, 163)
(162, 172, 163, 171)
(170, 157, 171, 158)
(158, 169, 159, 170)
(159, 156, 160, 157)
(155, 160, 156, 161)
(161, 154, 162, 155)
(153, 164, 154, 165)
(165, 105, 166, 104)
(110, 105, 111, 106)
(166, 110, 167, 109)
(103, 108, 104, 109)
(208, 204, 209, 203)
(195, 202, 196, 203)
(201, 178, 202, 179)
(177, 200, 178, 201)
(199, 207, 200, 206)
(205, 199, 206, 198)
(197, 205, 198, 204)
(196, 207, 197, 208)
(129, 193, 130, 192)
(32, 72, 33, 71)
(19, 71, 20, 70)
(69, 21, 70, 20)
(253, 68, 254, 69)
(67, 254, 68, 255)
(255, 66, 256, 67)
(65, 256, 66, 257)
(257, 3, 258, 2)
(3, 49, 4, 48)
(49, 5, 50, 4)
(50, 61, 51, 62)
(64, 1, 65, 2)
(21, 1, 22, 0)
