(190, 182, 191, 181)
(193, 180, 194, 181)
(192, 75, 193, 76)
(76, 191, 77, 192)
(77, 169, 78, 168)
(169, 166, 170, 167)
(212, 165, 213, 166)
(182, 211, 183, 212)
(210, 189, 211, 190)
(209, 197, 210, 196)
(195, 209, 196, 208)
(207, 195, 208, 194)
(206, 197, 207, 198)
(183, 199, 184, 198)
(199, 189, 200, 188)
(187, 201, 188, 200)
(203, 186, 204, 187)
(202, 205, 203, 206)
(201, 185, 202, 184)
(185, 204, 186, 205)
(161, 164, 162, 165)
(175, 161, 176, 160)
(176, 44, 177, 43)
(44, 178, 45, 177)
(178, 81, 179, 82)
(80, 179, 81, 180)
(79, 74, 80, 75)
(167, 79, 168, 78)
(116, 73, 117, 74)
(115, 90, 116, 91)
(94, 91, 95, 92)
(95, 220, 96, 221)
(219, 215, 220, 214)
(213, 171, 214, 170)
(171, 162, 172, 163)
(163, 172, 164, 173)
(40, 173, 41, 174)
(174, 41, 175, 42)
(159, 42, 160, 43)
(158, 105, 159, 106)
(106, 83, 107, 84)
(82, 46, 83, 45)
(107, 46, 108, 47)
(108, 152, 109, 151)
(152, 110, 153, 109)
(117, 111, 118, 110)
(111, 133, 112, 132)
(133, 113, 134, 112)
(72, 113, 73, 114)
(89, 114, 90, 115)
(67, 88, 68, 89)
(93, 67, 94, 66)
(65, 93, 66, 92)
(64, 256, 65, 255)
(254, 64, 255, 63)
(62, 15, 63, 16)
(221, 17, 222, 16)
(60, 18, 61, 17)
(59, 32, 60, 33)
(98, 34, 99, 33)
(97, 37, 98, 36)
(35, 97, 36, 96)
(34, 37, 35, 38)
(38, 215, 39, 216)
(39, 219, 40, 218)
(217, 102, 218, 103)
(103, 100, 104, 101)
(99, 104, 100, 105)
(101, 216, 102, 217)
(31, 58, 32, 59)
(51, 30, 52, 31)
(85, 50, 86, 51)
(157, 85, 158, 84)
(49, 156, 50, 157)
(155, 48, 156, 49)
(47, 154, 48, 155)
(150, 154, 151, 153)
(149, 146, 150, 147)
(147, 118, 148, 119)
(119, 148, 120, 149)
(120, 125, 121, 126)
(124, 142, 125, 141)
(140, 124, 141, 123)
(122, 140, 123, 139)
(138, 131, 139, 132)
(137, 68, 138, 69)
(69, 71, 70, 70)
(134, 72, 135, 71)
(135, 137, 136, 136)
(143, 131, 144, 130)
(129, 145, 130, 144)
(128, 87, 129, 88)
(86, 127, 87, 128)
(126, 145, 127, 146)
(142, 122, 143, 121)
(12, 30, 13, 29)
(256, 14, 257, 13)
(253, 14, 254, 15)
(252, 20, 253, 19)
(223, 18, 224, 19)
(222, 61, 223, 62)
(224, 58, 225, 57)
(52, 226, 53, 225)
(229, 227, 230, 226)
(7, 228, 8, 229)
(6, 4, 7, 3)
(2, 11, 3, 12)
(10, 1, 11, 2)
(9, 273, 10, 272)
(258, 271, 259, 272)
(270, 27, 271, 28)
(269, 25, 270, 24)
(248, 24, 249, 23)
(20, 250, 21, 249)
(263, 251, 264, 250)
(251, 263, 252, 262)
(261, 239, 262, 238)
(237, 55, 238, 54)
(56, 54, 57, 53)
(55, 237, 56, 236)
(260, 235, 261, 236)
(230, 259, 231, 260)
(234, 232, 235, 231)
(232, 234, 233, 233)
(266, 245, 267, 246)
(267, 27, 268, 26)
(25, 269, 26, 268)
(243, 247, 244, 246)
(247, 243, 248, 242)
(241, 22, 242, 23)
(21, 240, 22, 241)
(239, 265, 240, 264)
(244, 265, 245, 266)
(28, 258, 29, 257)
(227, 8, 228, 9)
(273, 4, 0, 5)
(5, 0, 6, 1)
