(107, 257, 108, 256)
(257, 109, 258, 108)
(248, 110, 249, 109)
(92, 248, 93, 247)
(93, 242, 94, 243)
(254, 242, 255, 241)
(255, 107, 256, 106)
(250, 105, 251, 106)
(258, 249, 259, 250)
(238, 260, 239, 259)
(237, 111, 238, 110)
(149, 237, 150, 236)
(246, 92, 247, 91)
(90, 246, 91, 245)
(244, 127, 245, 128)
(128, 243, 129, 244)
(96, 130, 97, 129)
(252, 96, 253, 95)
(94, 254, 95, 253)
(240, 252, 241, 251)
(239, 104, 240, 105)
(130, 104, 131, 103)
(131, 99, 132, 98)
(4, 99, 5, 100)
(5, 260, 6, 261)
(137, 6, 138, 7)
(123, 139, 124, 138)
(141, 123, 142, 122)
(145, 143, 146, 142)
(144, 116, 145, 115)
(117, 115, 118, 114)
(118, 148, 119, 147)
(148, 111, 149, 112)
(119, 112, 120, 113)
(120, 85, 121, 86)
(63, 85, 64, 84)
(153, 65, 154, 64)
(235, 153, 236, 152)
(151, 13, 152, 12)
(11, 151, 12, 150)
(10, 87, 11, 88)
(88, 9, 89, 10)
(8, 89, 9, 90)
(126, 8, 127, 7)
(125, 141, 126, 140)
(139, 125, 140, 124)
(86, 121, 87, 122)
(52, 14, 53, 13)
(51, 60, 52, 61)
(176, 61, 177, 62)
(62, 177, 63, 178)
(173, 179, 174, 178)
(172, 169, 173, 170)
(67, 171, 68, 170)
(66, 81, 67, 82)
(82, 155, 83, 156)
(154, 83, 155, 84)
(65, 157, 66, 156)
(80, 158, 81, 157)
(72, 80, 73, 79)
(73, 169, 74, 168)
(74, 162, 75, 161)
(162, 159, 163, 160)
(158, 70, 159, 69)
(171, 69, 172, 68)
(166, 72, 167, 71)
(78, 167, 79, 168)
(77, 165, 78, 164)
(163, 77, 164, 76)
(160, 76, 161, 75)
(70, 166, 71, 165)
(233, 181, 234, 180)
(229, 233, 230, 232)
(230, 28, 231, 27)
(209, 29, 210, 28)
(17, 208, 18, 209)
(16, 54, 17, 53)
(54, 16, 55, 15)
(14, 56, 15, 55)
(47, 56, 48, 57)
(57, 48, 58, 49)
(49, 58, 50, 59)
(59, 50, 60, 51)
(207, 46, 208, 47)
(206, 34, 207, 33)
(32, 206, 33, 205)
(193, 204, 194, 205)
(203, 192, 204, 193)
(202, 197, 203, 198)
(175, 198, 176, 199)
(199, 174, 200, 175)
(189, 201, 190, 200)
(181, 188, 182, 189)
(187, 228, 188, 229)
(223, 186, 224, 187)
(222, 25, 223, 26)
(26, 232, 27, 231)
(30, 221, 31, 222)
(29, 211, 30, 210)
(218, 211, 219, 212)
(212, 219, 213, 220)
(216, 214, 217, 213)
(215, 38, 216, 39)
(20, 40, 21, 39)
(42, 19, 43, 20)
(18, 41, 19, 42)
(40, 43, 41, 44)
(44, 35, 45, 36)
(34, 45, 35, 46)
(21, 36, 22, 37)
(31, 22, 32, 23)
(23, 194, 24, 195)
(195, 24, 196, 25)
(196, 192, 197, 191)
(201, 191, 202, 190)
(37, 214, 38, 215)
(220, 217, 221, 218)
(185, 226, 186, 227)
(182, 228, 183, 227)
(183, 224, 184, 225)
(225, 184, 226, 185)
(179, 235, 180, 234)
(146, 114, 147, 113)
(116, 144, 117, 143)
(1, 137, 2, 136)
(2, 133, 3, 134)
(132, 101, 133, 102)
(102, 97, 103, 98)
(100, 3, 101, 4)
(261, 135, 0, 134)
(135, 1, 136, 0)
