(162, 159, 163, 160)
(285, 161, 0, 160)
(284, 1, 285, 2)
(2, 64, 3, 63)
(64, 163, 65, 164)
(188, 66, 189, 65)
(187, 84, 188, 85)
(85, 82, 86, 83)
(81, 68, 82, 69)
(69, 159, 70, 158)
(77, 70, 78, 71)
(71, 78, 72, 79)
(275, 73, 276, 72)
(93, 275, 94, 274)
(103, 94, 104, 95)
(104, 284, 105, 283)
(4, 106, 5, 105)
(62, 4, 63, 3)
(56, 61, 57, 62)
(6, 56, 7, 55)
(176, 7, 177, 8)
(177, 199, 178, 198)
(199, 164, 200, 165)
(200, 189, 201, 190)
(216, 201, 217, 202)
(217, 222, 218, 223)
(221, 218, 222, 219)
(184, 219, 185, 220)
(66, 186, 67, 185)
(83, 186, 84, 187)
(86, 68, 87, 67)
(90, 87, 91, 88)
(91, 131, 92, 130)
(131, 155, 132, 154)
(155, 135, 156, 134)
(135, 157, 136, 156)
(157, 81, 158, 80)
(76, 80, 77, 79)
(75, 142, 76, 143)
(143, 74, 144, 75)
(73, 277, 74, 276)
(277, 93, 278, 92)
(29, 278, 30, 279)
(279, 30, 280, 31)
(280, 236, 281, 235)
(236, 282, 237, 281)
(282, 268, 283, 267)
(268, 96, 269, 95)
(96, 270, 97, 269)
(270, 98, 271, 97)
(273, 98, 274, 99)
(99, 103, 100, 102)
(271, 101, 272, 100)
(101, 273, 102, 272)
(266, 253, 267, 254)
(254, 265, 255, 266)
(264, 53, 265, 54)
(115, 55, 116, 54)
(5, 114, 6, 115)
(110, 114, 111, 113)
(111, 106, 112, 107)
(107, 112, 108, 113)
(59, 108, 60, 109)
(60, 57, 61, 58)
(109, 58, 110, 59)
(127, 116, 128, 117)
(128, 9, 129, 10)
(8, 175, 9, 176)
(174, 195, 175, 196)
(196, 173, 197, 174)
(172, 197, 173, 198)
(171, 193, 172, 192)
(191, 167, 192, 166)
(165, 179, 166, 178)
(190, 180, 191, 179)
(180, 229, 181, 230)
(228, 206, 229, 205)
(215, 205, 216, 204)
(203, 215, 204, 214)
(213, 203, 214, 202)
(227, 212, 228, 213)
(211, 226, 212, 227)
(207, 211, 208, 210)
(223, 209, 224, 208)
(209, 225, 210, 224)
(206, 226, 207, 225)
(181, 89, 182, 88)
(89, 183, 90, 182)
(220, 183, 221, 184)
(230, 130, 231, 129)
(231, 29, 232, 28)
(13, 232, 14, 233)
(233, 14, 234, 15)
(31, 235, 32, 234)
(41, 33, 42, 32)
(33, 41, 34, 40)
(39, 35, 40, 34)
(239, 39, 240, 38)
(243, 240, 244, 241)
(244, 237, 245, 238)
(256, 246, 257, 245)
(255, 252, 256, 253)
(248, 252, 249, 251)
(249, 47, 250, 46)
(47, 53, 48, 52)
(48, 262, 49, 261)
(262, 16, 263, 15)
(16, 264, 17, 263)
(17, 26, 18, 27)
(122, 25, 123, 26)
(24, 121, 25, 122)
(23, 23, 24, 22)
(21, 124, 22, 125)
(125, 20, 126, 21)
(19, 126, 20, 127)
(119, 18, 120, 19)
(118, 12, 119, 11)
(10, 118, 11, 117)
(12, 28, 13, 27)
(123, 121, 124, 120)
(260, 50, 261, 49)
(50, 260, 51, 259)
(258, 52, 259, 51)
(257, 43, 258, 42)
(246, 44, 247, 43)
(44, 248, 45, 247)
(45, 251, 46, 250)
(238, 35, 239, 36)
(36, 242, 37, 241)
(242, 38, 243, 37)
(167, 170, 168, 171)
(169, 194, 170, 195)
(193, 168, 194, 169)
(144, 141, 145, 142)
(140, 153, 141, 154)
(152, 139, 153, 140)
(151, 146, 152, 147)
(132, 148, 133, 147)
(148, 134, 149, 133)
(136, 150, 137, 149)
(150, 138, 151, 137)
(138, 145, 139, 146)
(161, 1, 162, 0)
