(261, 265, 262, 264)
(6, 264, 7, 263)
(262, 8, 263, 7)
(8, 265, 9, 266)
(9, 288, 10, 289)
(258, 288, 259, 287)
(259, 275, 260, 274)
(275, 261, 276, 260)
(276, 280, 277, 279)
(280, 283, 281, 284)
(282, 194, 283, 193)
(185, 193, 186, 192)
(191, 187, 192, 186)
(190, 184, 191, 183)
(75, 183, 76, 182)
(61, 77, 62, 76)
(77, 61, 78, 60)
(37, 79, 38, 78)
(36, 34, 37, 33)
(32, 27, 33, 28)
(28, 31, 29, 32)
(23, 30, 24, 31)
(269, 22, 270, 23)
(268, 3, 269, 4)
(4, 267, 5, 268)
(266, 5, 267, 6)
(289, 2, 290, 3)
(1, 290, 2, 291)
(10, 292, 11, 291)
(13, 292, 14, 293)
(21, 15, 22, 14)
(251, 21, 252, 20)
(19, 253, 20, 252)
(18, 255, 19, 256)
(256, 249, 257, 250)
(248, 257, 249, 258)
(247, 272, 248, 273)
(273, 287, 274, 286)
(66, 286, 67, 285)
(284, 68, 285, 67)
(199, 69, 200, 68)
(195, 198, 196, 199)
(194, 282, 195, 281)
(197, 72, 198, 73)
(188, 74, 189, 73)
(184, 188, 185, 187)
(74, 190, 75, 189)
(71, 196, 72, 197)
(70, 139, 71, 140)
(140, 162, 141, 161)
(162, 209, 163, 210)
(208, 179, 209, 180)
(225, 180, 226, 181)
(181, 226, 182, 227)
(130, 228, 131, 227)
(86, 129, 87, 130)
(85, 63, 86, 62)
(59, 85, 60, 84)
(83, 39, 84, 38)
(82, 80, 83, 79)
(81, 45, 82, 44)
(43, 40, 44, 41)
(34, 42, 35, 41)
(42, 36, 43, 35)
(39, 46, 40, 47)
(58, 48, 59, 47)
(52, 58, 53, 57)
(124, 54, 125, 53)
(270, 123, 271, 124)
(29, 24, 30, 25)
(26, 26, 27, 25)
(122, 271, 123, 272)
(64, 122, 65, 121)
(246, 65, 247, 66)
(245, 114, 246, 115)
(115, 228, 116, 229)
(119, 116, 120, 117)
(120, 87, 121, 88)
(88, 95, 89, 96)
(113, 95, 114, 94)
(93, 113, 94, 112)
(111, 104, 112, 105)
(105, 110, 106, 111)
(109, 106, 110, 107)
(242, 107, 243, 108)
(243, 230, 244, 231)
(229, 244, 230, 245)
(236, 232, 237, 231)
(235, 101, 236, 100)
(96, 100, 97, 99)
(118, 97, 119, 98)
(98, 117, 99, 118)
(89, 234, 90, 235)
(233, 90, 234, 91)
(91, 239, 92, 238)
(239, 93, 240, 92)
(103, 240, 104, 241)
(108, 241, 109, 242)
(102, 238, 103, 237)
(232, 101, 233, 102)
(128, 64, 129, 63)
(127, 54, 128, 55)
(48, 56, 49, 55)
(56, 52, 57, 51)
(50, 126, 51, 125)
(126, 50, 127, 49)
(45, 81, 46, 80)
(136, 131, 137, 132)
(200, 138, 201, 137)
(138, 69, 139, 70)
(201, 133, 202, 132)
(133, 203, 134, 202)
(222, 204, 223, 203)
(204, 222, 205, 221)
(220, 206, 221, 205)
(158, 220, 159, 219)
(148, 160, 149, 159)
(160, 148, 161, 147)
(146, 218, 147, 217)
(211, 217, 212, 216)
(215, 213, 216, 212)
(214, 142, 215, 141)
(142, 214, 143, 213)
(210, 144, 211, 143)
(144, 165, 145, 166)
(169, 165, 170, 164)
(163, 171, 164, 170)
(171, 168, 172, 169)
(167, 172, 168, 173)
(173, 156, 174, 157)
(155, 174, 156, 175)
(152, 175, 153, 176)
(176, 153, 177, 154)
(206, 177, 207, 178)
(178, 207, 179, 208)
(151, 155, 152, 154)
(150, 157, 151, 158)
(218, 150, 219, 149)
(166, 145, 167, 146)
(223, 135, 224, 134)
(135, 225, 136, 224)
(278, 277, 279, 278)
(250, 15, 251, 16)
(16, 253, 17, 254)
(254, 17, 255, 18)
(293, 12, 0, 13)
(11, 0, 12, 1)
