(185, 192, 186, 193)
(193, 87, 194, 86)
(87, 63, 88, 62)
(63, 132, 64, 133)
(131, 69, 132, 68)
(66, 68, 67, 67)
(107, 15, 108, 14)
(13, 7, 14, 6)
(188, 5, 189, 6)
(187, 290, 188, 291)
(291, 186, 292, 187)
(181, 292, 182, 293)
(182, 192, 183, 191)
(183, 176, 184, 177)
(175, 184, 176, 185)
(285, 174, 286, 175)
(284, 281, 285, 282)
(257, 282, 258, 283)
(258, 155, 259, 156)
(154, 196, 155, 195)
(85, 195, 86, 194)
(61, 85, 62, 84)
(142, 83, 143, 84)
(88, 141, 89, 142)
(140, 134, 141, 133)
(134, 140, 135, 139)
(135, 70, 136, 71)
(64, 69, 65, 70)
(65, 131, 66, 130)
(129, 109, 130, 108)
(128, 123, 129, 124)
(124, 127, 125, 128)
(126, 16, 127, 15)
(16, 126, 17, 125)
(96, 17, 97, 18)
(102, 97, 103, 98)
(103, 8, 104, 9)
(106, 8, 107, 7)
(105, 10, 106, 11)
(11, 100, 12, 101)
(99, 12, 100, 13)
(98, 101, 99, 102)
(9, 104, 10, 105)
(171, 171, 172, 170)
(19, 172, 20, 173)
(173, 20, 174, 21)
(21, 168, 22, 169)
(167, 22, 168, 23)
(23, 233, 24, 232)
(233, 25, 234, 24)
(230, 26, 231, 25)
(26, 230, 27, 229)
(228, 28, 229, 27)
(28, 228, 29, 227)
(204, 30, 205, 29)
(30, 204, 31, 203)
(31, 207, 32, 206)
(210, 208, 211, 207)
(209, 280, 210, 281)
(279, 208, 280, 209)
(278, 45, 279, 46)
(46, 256, 47, 255)
(283, 256, 284, 257)
(254, 48, 255, 47)
(156, 253, 157, 254)
(259, 252, 260, 253)
(196, 251, 197, 252)
(250, 266, 251, 265)
(264, 250, 265, 249)
(248, 59, 249, 60)
(153, 60, 154, 61)
(152, 94, 153, 93)
(92, 152, 93, 151)
(243, 151, 244, 150)
(149, 245, 150, 244)
(73, 149, 74, 148)
(74, 82, 75, 81)
(82, 143, 83, 144)
(144, 76, 145, 75)
(76, 146, 77, 145)
(146, 79, 147, 80)
(78, 147, 79, 148)
(77, 80, 78, 81)
(89, 72, 90, 73)
(138, 72, 139, 71)
(240, 137, 241, 138)
(136, 239, 137, 240)
(238, 95, 239, 96)
(118, 111, 119, 112)
(110, 121, 111, 122)
(122, 109, 123, 110)
(115, 121, 116, 120)
(116, 113, 117, 114)
(112, 117, 113, 118)
(119, 115, 120, 114)
(18, 170, 19, 169)
(166, 238, 167, 237)
(236, 225, 237, 226)
(226, 235, 227, 236)
(231, 235, 232, 234)
(224, 201, 225, 202)
(202, 205, 203, 206)
(276, 224, 277, 223)
(222, 278, 223, 277)
(221, 33, 222, 32)
(220, 212, 221, 211)
(212, 220, 213, 219)
(38, 214, 39, 213)
(37, 35, 38, 34)
(44, 34, 45, 33)
(43, 218, 44, 219)
(42, 40, 43, 39)
(41, 217, 42, 216)
(36, 215, 37, 216)
(214, 35, 215, 36)
(217, 41, 218, 40)
(200, 275, 201, 276)
(199, 49, 200, 48)
(161, 198, 162, 199)
(157, 160, 158, 161)
(260, 159, 261, 160)
(158, 261, 159, 262)
(197, 263, 198, 262)
(266, 264, 267, 263)
(267, 163, 268, 162)
(50, 163, 51, 164)
(51, 57, 52, 56)
(57, 273, 58, 272)
(273, 59, 274, 58)
(165, 274, 166, 275)
(269, 164, 270, 165)
(49, 268, 50, 269)
(270, 53, 271, 54)
(55, 53, 56, 52)
(54, 271, 55, 272)
(247, 95, 248, 94)
(91, 247, 92, 246)
(242, 246, 243, 245)
(241, 91, 242, 90)
(189, 287, 190, 286)
(287, 5, 288, 4)
(295, 288, 296, 289)
(289, 296, 290, 297)
(294, 0, 295, 297)
(293, 180, 294, 181)
(179, 3, 180, 2)
(1, 179, 2, 178)
(190, 178, 191, 177)
(3, 1, 4, 0)
