(14, 236, 15, 235)
(236, 160, 237, 159)
(160, 163, 161, 164)
(162, 13, 163, 14)
(12, 161, 13, 162)
(11, 233, 12, 232)
(231, 234, 232, 235)
(230, 16, 231, 15)
(229, 174, 230, 175)
(154, 175, 155, 176)
(176, 155, 177, 156)
(158, 177, 159, 178)
(237, 179, 238, 178)
(179, 3, 180, 2)
(164, 4, 165, 3)
(7, 4, 8, 5)
(169, 8, 170, 9)
(9, 170, 10, 171)
(233, 11, 234, 10)
(171, 16, 172, 17)
(17, 172, 18, 173)
(173, 18, 174, 19)
(19, 151, 20, 150)
(151, 229, 152, 228)
(152, 157, 153, 158)
(156, 153, 157, 154)
(238, 227, 239, 228)
(213, 227, 214, 226)
(47, 215, 48, 214)
(46, 41, 47, 42)
(37, 43, 38, 42)
(277, 266, 278, 267)
(278, 31, 279, 32)
(283, 30, 0, 31)
(282, 1, 283, 2)
(28, 281, 29, 282)
(27, 201, 28, 200)
(199, 197, 200, 196)
(190, 196, 191, 195)
(191, 180, 192, 181)
(181, 192, 182, 193)
(182, 187, 183, 188)
(186, 136, 187, 135)
(139, 135, 140, 134)
(165, 141, 166, 140)
(141, 167, 142, 166)
(167, 7, 168, 6)
(5, 169, 6, 168)
(142, 21, 143, 22)
(149, 21, 150, 20)
(148, 143, 149, 144)
(239, 145, 240, 144)
(145, 251, 146, 250)
(248, 252, 249, 251)
(252, 248, 253, 247)
(253, 112, 254, 113)
(212, 112, 213, 111)
(225, 111, 226, 110)
(68, 109, 69, 110)
(108, 67, 109, 68)
(50, 107, 51, 108)
(49, 73, 50, 72)
(71, 49, 72, 48)
(217, 45, 218, 44)
(216, 39, 217, 40)
(40, 215, 41, 216)
(38, 45, 39, 46)
(43, 219, 44, 218)
(219, 263, 220, 262)
(274, 264, 275, 263)
(36, 274, 37, 273)
(265, 273, 266, 272)
(33, 268, 34, 269)
(267, 32, 268, 33)
(34, 275, 35, 276)
(264, 36, 265, 35)
(271, 276, 272, 277)
(270, 270, 271, 269)
(220, 203, 221, 204)
(202, 280, 203, 279)
(280, 202, 281, 201)
(204, 221, 205, 222)
(205, 260, 206, 261)
(120, 260, 121, 259)
(121, 256, 122, 257)
(255, 126, 256, 127)
(242, 127, 243, 128)
(24, 243, 25, 244)
(198, 26, 199, 25)
(26, 198, 27, 197)
(129, 244, 130, 245)
(130, 183, 131, 184)
(184, 131, 185, 132)
(136, 186, 137, 185)
(137, 133, 138, 132)
(133, 139, 134, 138)
(245, 22, 246, 23)
(246, 241, 247, 242)
(240, 147, 241, 148)
(249, 147, 250, 146)
(23, 128, 24, 129)
(113, 254, 114, 255)
(114, 125, 115, 126)
(207, 124, 208, 125)
(206, 211, 207, 212)
(117, 211, 118, 210)
(118, 258, 119, 257)
(258, 120, 259, 119)
(209, 117, 210, 116)
(122, 115, 123, 116)
(123, 208, 124, 209)
(222, 261, 223, 262)
(70, 224, 71, 223)
(224, 70, 225, 69)
(73, 57, 74, 56)
(57, 75, 58, 74)
(75, 59, 76, 58)
(59, 77, 60, 76)
(62, 78, 63, 77)
(61, 64, 62, 65)
(52, 66, 53, 65)
(66, 52, 67, 51)
(82, 53, 83, 54)
(83, 88, 84, 89)
(100, 88, 101, 87)
(106, 101, 107, 102)
(102, 105, 103, 106)
(85, 104, 86, 105)
(99, 84, 100, 85)
(98, 95, 99, 96)
(97, 97, 98, 96)
(94, 89, 95, 90)
(90, 56, 91, 55)
(80, 92, 81, 91)
(79, 61, 80, 60)
(78, 64, 79, 63)
(92, 82, 93, 81)
(54, 94, 55, 93)
(103, 86, 104, 87)
(188, 194, 189, 193)
(194, 190, 195, 189)
(29, 0, 30, 1)
