(125, 133, 126, 132)
(126, 239, 127, 240)
(238, 241, 239, 242)
(242, 133, 243, 134)
(243, 125, 244, 124)
(121, 245, 122, 244)
(245, 121, 246, 120)
(119, 247, 120, 246)
(247, 119, 248, 118)
(161, 249, 162, 248)
(249, 161, 250, 160)
(250, 132, 251, 131)
(130, 252, 131, 251)
(226, 130, 227, 129)
(128, 228, 129, 227)
(240, 127, 241, 128)
(228, 8, 229, 7)
(235, 8, 236, 9)
(9, 236, 10, 237)
(237, 10, 238, 11)
(11, 233, 12, 232)
(233, 13, 234, 12)
(194, 23, 195, 24)
(24, 195, 25, 196)
(25, 134, 26, 135)
(123, 26, 124, 27)
(27, 122, 28, 123)
(28, 118, 29, 117)
(64, 29, 65, 30)
(65, 162, 66, 163)
(66, 292, 67, 291)
(159, 292, 160, 293)
(293, 154, 0, 155)
(153, 2, 154, 3)
(3, 152, 4, 153)
(151, 253, 152, 252)
(253, 151, 254, 150)
(149, 255, 150, 254)
(148, 144, 149, 143)
(225, 143, 226, 142)
(6, 142, 7, 141)
(175, 141, 176, 140)
(229, 177, 230, 176)
(177, 231, 178, 230)
(231, 235, 232, 234)
(19, 179, 20, 178)
(18, 184, 19, 183)
(182, 14, 183, 13)
(189, 22, 190, 23)
(187, 189, 188, 188)
(139, 193, 140, 192)
(193, 139, 194, 138)
(137, 112, 138, 113)
(113, 196, 114, 197)
(135, 115, 136, 114)
(62, 115, 63, 116)
(116, 63, 117, 64)
(198, 62, 199, 61)
(30, 200, 31, 199)
(200, 32, 201, 31)
(32, 100, 33, 99)
(97, 101, 98, 100)
(41, 96, 42, 97)
(40, 78, 41, 77)
(76, 170, 77, 169)
(168, 164, 169, 163)
(164, 168, 165, 167)
(281, 289, 282, 288)
(290, 288, 291, 287)
(67, 286, 68, 287)
(285, 68, 286, 69)
(278, 70, 279, 69)
(212, 278, 213, 277)
(50, 214, 51, 213)
(49, 271, 50, 270)
(269, 5, 270, 4)
(261, 269, 262, 268)
(262, 255, 263, 256)
(256, 263, 257, 264)
(264, 257, 265, 258)
(258, 265, 259, 266)
(144, 260, 145, 259)
(147, 260, 148, 261)
(146, 267, 147, 268)
(266, 145, 267, 146)
(224, 5, 225, 6)
(223, 174, 224, 175)
(222, 57, 223, 58)
(58, 221, 59, 222)
(220, 59, 221, 60)
(60, 112, 61, 111)
(205, 110, 206, 111)
(204, 202, 205, 201)
(203, 35, 204, 34)
(98, 34, 99, 33)
(35, 203, 36, 202)
(105, 107, 106, 106)
(101, 104, 102, 105)
(108, 104, 109, 103)
(42, 38, 43, 37)
(38, 82, 39, 81)
(85, 83, 86, 82)
(84, 93, 85, 94)
(91, 95, 92, 94)
(95, 91, 96, 90)
(89, 86, 90, 87)
(87, 78, 88, 79)
(79, 88, 80, 89)
(80, 40, 81, 39)
(92, 83, 93, 84)
(43, 207, 44, 206)
(207, 170, 208, 171)
(73, 208, 74, 209)
(74, 166, 75, 165)
(166, 76, 167, 75)
(284, 280, 285, 279)
(289, 281, 290, 280)
(210, 284, 211, 283)
(70, 212, 71, 211)
(71, 52, 72, 53)
(51, 276, 52, 277)
(46, 276, 47, 275)
(47, 214, 48, 215)
(271, 49, 272, 48)
(272, 216, 273, 215)
(216, 274, 217, 273)
(274, 218, 275, 217)
(218, 174, 219, 173)
(219, 57, 220, 56)
(44, 55, 45, 56)
(54, 172, 55, 171)
(53, 72, 54, 73)
(172, 46, 173, 45)
(282, 210, 283, 209)
(109, 37, 110, 36)
(102, 108, 103, 107)
(197, 136, 198, 137)
(20, 191, 21, 192)
(190, 186, 191, 185)
(184, 180, 185, 179)
(15, 181, 16, 180)
(14, 17, 15, 18)
(181, 17, 182, 16)
(186, 22, 187, 21)
(1, 157, 2, 156)
(155, 158, 156, 159)
(157, 1, 158, 0)
