(22, 25, 23, 26)
(26, 70, 27, 69)
(70, 50, 71, 49)
(50, 273, 51, 274)
(263, 272, 264, 273)
(262, 65, 263, 66)
(23, 67, 24, 66)
(67, 25, 68, 24)
(21, 68, 22, 69)
(20, 11, 21, 12)
(48, 27, 49, 28)
(28, 275, 29, 276)
(71, 274, 72, 275)
(257, 72, 258, 73)
(258, 261, 259, 262)
(55, 261, 56, 260)
(53, 57, 54, 56)
(57, 53, 58, 52)
(51, 59, 52, 58)
(62, 60, 63, 59)
(61, 267, 62, 266)
(265, 270, 266, 271)
(271, 264, 272, 265)
(64, 270, 65, 269)
(268, 64, 269, 63)
(267, 61, 268, 60)
(259, 55, 260, 54)
(73, 256, 74, 257)
(255, 4, 256, 5)
(76, 5, 77, 6)
(243, 11, 244, 10)
(19, 44, 20, 45)
(14, 46, 15, 45)
(13, 13, 14, 12)
(47, 40, 48, 41)
(41, 17, 42, 16)
(17, 34, 18, 35)
(276, 33, 277, 34)
(279, 32, 0, 33)
(31, 278, 32, 279)
(1, 31, 2, 30)
(29, 3, 30, 2)
(74, 4, 75, 3)
(75, 255, 76, 254)
(6, 253, 7, 254)
(252, 7, 253, 8)
(8, 251, 9, 252)
(245, 251, 246, 250)
(229, 246, 230, 247)
(77, 231, 78, 230)
(231, 126, 232, 127)
(242, 126, 243, 125)
(124, 238, 125, 237)
(236, 124, 237, 123)
(122, 102, 123, 101)
(100, 144, 101, 143)
(97, 143, 98, 142)
(141, 99, 142, 98)
(89, 140, 90, 141)
(88, 178, 89, 177)
(176, 88, 177, 87)
(81, 86, 82, 87)
(225, 81, 226, 80)
(226, 248, 227, 247)
(248, 228, 249, 227)
(228, 250, 229, 249)
(79, 225, 80, 224)
(223, 79, 224, 78)
(217, 223, 218, 222)
(218, 215, 219, 216)
(165, 215, 166, 214)
(205, 167, 206, 166)
(145, 204, 146, 205)
(127, 144, 128, 145)
(128, 96, 129, 95)
(99, 96, 100, 97)
(94, 130, 95, 129)
(194, 94, 195, 93)
(92, 196, 93, 195)
(196, 92, 197, 91)
(90, 198, 91, 197)
(201, 199, 202, 198)
(133, 201, 134, 200)
(189, 135, 190, 134)
(188, 139, 189, 140)
(138, 187, 139, 188)
(137, 183, 138, 182)
(181, 154, 182, 155)
(172, 155, 173, 156)
(173, 178, 174, 179)
(209, 174, 210, 175)
(175, 210, 176, 211)
(211, 208, 212, 209)
(207, 164, 208, 165)
(213, 207, 214, 206)
(212, 164, 213, 163)
(159, 162, 160, 163)
(167, 158, 168, 159)
(157, 170, 158, 171)
(171, 181, 172, 180)
(156, 179, 157, 180)
(160, 169, 161, 170)
(168, 161, 169, 162)
(153, 147, 154, 146)
(191, 153, 192, 152)
(192, 204, 193, 203)
(193, 130, 194, 131)
(131, 202, 132, 203)
(199, 133, 200, 132)
(151, 191, 152, 190)
(135, 150, 136, 151)
(149, 185, 150, 184)
(186, 184, 187, 183)
(185, 149, 186, 148)
(147, 136, 148, 137)
(84, 219, 85, 220)
(85, 82, 86, 83)
(220, 83, 221, 84)
(221, 217, 222, 216)
(232, 121, 233, 122)
(120, 116, 121, 115)
(114, 108, 115, 107)
(106, 240, 107, 239)
(241, 239, 242, 238)
(240, 106, 241, 105)
(111, 105, 112, 104)
(103, 113, 104, 112)
(102, 235, 103, 236)
(117, 234, 118, 235)
(233, 116, 234, 117)
(109, 119, 110, 118)
(119, 109, 120, 108)
(113, 110, 114, 111)
(9, 245, 10, 244)
(43, 18, 44, 19)
(42, 35, 43, 36)
(36, 15, 37, 16)
(37, 38, 38, 39)
(39, 46, 40, 47)
(277, 0, 278, 1)
