(202, 134, 203, 133)
(134, 132, 135, 131)
(132, 202, 133, 201)
(200, 139, 201, 140)
(140, 176, 141, 175)
(205, 177, 206, 176)
(273, 205, 274, 204)
(203, 275, 204, 274)
(275, 127, 276, 126)
(127, 277, 128, 276)
(277, 8, 278, 9)
(280, 8, 281, 7)
(281, 4, 0, 5)
(3, 130, 4, 131)
(129, 2, 130, 3)
(128, 11, 129, 12)
(15, 12, 16, 13)
(16, 135, 17, 136)
(136, 17, 137, 18)
(256, 138, 257, 137)
(138, 256, 139, 255)
(243, 254, 244, 255)
(242, 173, 243, 174)
(199, 174, 200, 175)
(147, 198, 148, 199)
(207, 146, 208, 147)
(141, 206, 142, 207)
(145, 143, 146, 142)
(209, 145, 210, 144)
(210, 189, 211, 190)
(188, 178, 189, 177)
(187, 272, 188, 273)
(125, 187, 126, 186)
(260, 185, 261, 186)
(259, 181, 260, 180)
(179, 259, 180, 258)
(20, 257, 21, 258)
(19, 14, 20, 15)
(13, 18, 14, 19)
(21, 178, 22, 179)
(263, 22, 264, 23)
(264, 113, 265, 114)
(123, 113, 124, 112)
(271, 124, 272, 125)
(111, 270, 112, 271)
(43, 110, 44, 111)
(42, 45, 43, 46)
(46, 41, 47, 42)
(40, 85, 41, 86)
(86, 58, 87, 57)
(58, 35, 59, 36)
(34, 23, 35, 24)
(24, 27, 25, 28)
(31, 26, 32, 27)
(183, 31, 184, 30)
(184, 261, 185, 262)
(181, 263, 182, 262)
(29, 183, 30, 182)
(28, 33, 29, 34)
(25, 32, 26, 33)
(118, 59, 119, 60)
(60, 119, 61, 120)
(120, 61, 121, 62)
(121, 114, 122, 115)
(122, 265, 123, 266)
(266, 270, 267, 269)
(104, 268, 105, 267)
(106, 104, 107, 103)
(102, 108, 103, 107)
(108, 102, 109, 101)
(109, 44, 110, 45)
(100, 83, 101, 84)
(84, 47, 85, 48)
(48, 99, 49, 100)
(98, 49, 99, 50)
(50, 73, 51, 74)
(53, 73, 54, 72)
(89, 55, 90, 54)
(55, 89, 56, 88)
(56, 40, 57, 39)
(38, 88, 39, 87)
(64, 37, 65, 38)
(36, 63, 37, 64)
(117, 63, 118, 62)
(69, 116, 70, 117)
(115, 68, 116, 69)
(78, 68, 79, 67)
(92, 79, 93, 80)
(93, 97, 94, 96)
(82, 97, 83, 98)
(94, 82, 95, 81)
(80, 96, 81, 95)
(91, 77, 92, 76)
(52, 75, 53, 76)
(74, 51, 75, 52)
(71, 91, 72, 90)
(65, 70, 66, 71)
(66, 78, 67, 77)
(268, 106, 269, 105)
(211, 164, 212, 165)
(248, 164, 249, 163)
(249, 244, 250, 245)
(253, 250, 254, 251)
(251, 247, 252, 246)
(162, 248, 163, 247)
(216, 161, 217, 162)
(160, 215, 161, 216)
(214, 159, 215, 160)
(158, 213, 159, 214)
(218, 158, 219, 157)
(172, 219, 173, 220)
(220, 171, 221, 172)
(170, 221, 171, 222)
(153, 223, 154, 222)
(152, 191, 153, 192)
(235, 192, 236, 193)
(193, 236, 194, 237)
(194, 239, 195, 240)
(238, 195, 239, 196)
(196, 242, 197, 241)
(197, 148, 198, 149)
(234, 150, 235, 149)
(150, 234, 151, 233)
(232, 152, 233, 151)
(190, 231, 191, 232)
(230, 166, 231, 165)
(226, 229, 227, 230)
(225, 156, 226, 157)
(155, 224, 156, 225)
(154, 169, 155, 170)
(223, 168, 224, 169)
(228, 167, 229, 168)
(166, 227, 167, 228)
(237, 240, 238, 241)
(212, 217, 213, 218)
(245, 253, 246, 252)
(143, 209, 144, 208)
(279, 10, 280, 11)
(9, 278, 10, 279)
(1, 6, 2, 7)
(5, 0, 6, 1)
