(117, 94, 118, 95)
(95, 116, 96, 117)
(80, 116, 81, 115)
(114, 82, 115, 81)
(82, 114, 83, 113)
(83, 118, 84, 119)
(84, 88, 85, 87)
(97, 89, 98, 88)
(93, 97, 94, 96)
(131, 93, 132, 92)
(79, 132, 80, 133)
(46, 133, 47, 134)
(47, 250, 48, 251)
(249, 112, 250, 113)
(109, 248, 110, 249)
(108, 106, 109, 105)
(104, 120, 105, 119)
(120, 104, 121, 103)
(121, 87, 122, 86)
(85, 123, 86, 122)
(123, 98, 124, 99)
(75, 125, 76, 124)
(125, 75, 126, 74)
(126, 130, 127, 129)
(130, 89, 131, 90)
(90, 128, 91, 127)
(128, 92, 129, 91)
(78, 74, 79, 73)
(72, 281, 73, 282)
(282, 51, 283, 52)
(50, 39, 51, 40)
(253, 41, 254, 40)
(41, 253, 42, 252)
(45, 42, 46, 43)
(43, 134, 44, 135)
(135, 44, 136, 45)
(136, 251, 137, 252)
(137, 48, 138, 49)
(111, 138, 112, 139)
(139, 110, 140, 111)
(140, 58, 141, 57)
(58, 244, 59, 243)
(247, 244, 248, 245)
(106, 246, 107, 245)
(246, 108, 247, 107)
(70, 263, 71, 264)
(71, 279, 72, 278)
(102, 279, 103, 280)
(280, 101, 281, 102)
(77, 100, 78, 101)
(99, 76, 100, 77)
(277, 15, 278, 14)
(54, 13, 55, 14)
(53, 34, 54, 35)
(35, 52, 36, 53)
(36, 285, 37, 286)
(284, 37, 285, 38)
(38, 283, 39, 284)
(255, 287, 256, 286)
(254, 49, 255, 50)
(287, 7, 0, 6)
(7, 259, 8, 258)
(259, 24, 260, 25)
(23, 260, 24, 261)
(261, 57, 262, 56)
(219, 192, 220, 193)
(218, 197, 219, 198)
(241, 198, 242, 199)
(242, 141, 243, 142)
(142, 234, 143, 233)
(234, 227, 235, 228)
(226, 194, 227, 193)
(262, 59, 263, 60)
(267, 64, 268, 65)
(63, 266, 64, 267)
(265, 62, 266, 63)
(264, 69, 265, 70)
(61, 68, 62, 69)
(60, 271, 61, 272)
(15, 273, 16, 272)
(18, 274, 19, 273)
(20, 18, 21, 17)
(21, 277, 22, 276)
(55, 23, 56, 22)
(10, 25, 11, 26)
(26, 11, 27, 12)
(12, 27, 13, 28)
(28, 34, 29, 33)
(32, 30, 33, 29)
(31, 9, 32, 8)
(9, 31, 10, 30)
(16, 275, 17, 276)
(274, 20, 275, 19)
(270, 66, 271, 65)
(66, 270, 67, 269)
(268, 68, 269, 67)
(220, 225, 221, 226)
(188, 191, 189, 192)
(236, 154, 237, 153)
(152, 238, 153, 237)
(196, 152, 197, 151)
(217, 151, 218, 150)
(149, 240, 150, 241)
(145, 149, 146, 148)
(199, 147, 200, 146)
(147, 201, 148, 200)
(144, 202, 145, 201)
(232, 144, 233, 143)
(228, 231, 229, 232)
(230, 210, 231, 209)
(208, 215, 209, 216)
(239, 217, 240, 216)
(238, 196, 239, 195)
(235, 194, 236, 195)
(212, 207, 213, 208)
(202, 211, 203, 212)
(210, 230, 211, 229)
(203, 206, 204, 207)
(205, 214, 206, 215)
(213, 204, 214, 205)
(154, 175, 155, 176)
(174, 155, 175, 156)
(221, 157, 222, 156)
(157, 223, 158, 222)
(164, 223, 165, 224)
(224, 165, 225, 166)
(163, 167, 164, 166)
(185, 163, 186, 162)
(171, 186, 172, 187)
(187, 172, 188, 173)
(189, 191, 190, 190)
(173, 176, 174, 177)
(177, 170, 178, 171)
(158, 169, 159, 170)
(181, 168, 182, 169)
(167, 180, 168, 181)
(160, 180, 161, 179)
(161, 185, 162, 184)
(178, 183, 179, 184)
(159, 182, 160, 183)
(257, 2, 258, 3)
(3, 256, 4, 257)
(1, 5, 2, 4)
(5, 1, 6, 0)
