(89, 105, 90, 104)
(90, 54, 91, 53)
(77, 54, 78, 55)
(78, 141, 79, 142)
(140, 79, 141, 80)
(80, 105, 81, 106)
(81, 191, 82, 190)
(191, 83, 192, 82)
(88, 83, 89, 84)
(157, 49, 158, 48)
(49, 157, 50, 156)
(50, 61, 51, 62)
(60, 51, 61, 52)
(103, 52, 104, 53)
(59, 102, 60, 103)
(58, 98, 59, 97)
(91, 96, 92, 97)
(76, 96, 77, 95)
(55, 94, 56, 95)
(93, 56, 94, 57)
(57, 74, 58, 75)
(64, 73, 65, 74)
(146, 63, 147, 64)
(145, 143, 146, 142)
(121, 144, 122, 145)
(120, 125, 121, 126)
(126, 119, 127, 120)
(139, 119, 140, 118)
(117, 107, 118, 106)
(116, 124, 117, 123)
(143, 122, 144, 123)
(124, 116, 125, 115)
(114, 129, 115, 130)
(130, 127, 131, 128)
(136, 132, 137, 131)
(135, 138, 136, 139)
(109, 134, 110, 135)
(108, 111, 109, 112)
(112, 107, 113, 108)
(128, 113, 129, 114)
(133, 110, 134, 111)
(132, 138, 133, 137)
(62, 155, 63, 156)
(154, 101, 155, 102)
(153, 99, 154, 98)
(99, 153, 100, 152)
(151, 101, 152, 100)
(150, 68, 151, 67)
(66, 69, 67, 70)
(70, 65, 71, 66)
(71, 148, 72, 149)
(147, 72, 148, 73)
(68, 150, 69, 149)
(92, 76, 93, 75)
(23, 159, 24, 158)
(159, 23, 160, 22)
(225, 160, 226, 161)
(226, 263, 227, 264)
(262, 227, 263, 228)
(228, 229, 229, 230)
(189, 193, 190, 192)
(181, 189, 182, 188)
(187, 183, 188, 182)
(183, 187, 184, 186)
(87, 184, 88, 185)
(185, 86, 186, 87)
(85, 178, 86, 179)
(179, 84, 180, 85)
(47, 25, 48, 24)
(249, 47, 250, 46)
(250, 173, 251, 174)
(172, 223, 173, 224)
(224, 22, 225, 21)
(20, 170, 21, 169)
(168, 164, 169, 163)
(162, 266, 163, 265)
(264, 162, 265, 161)
(213, 266, 214, 267)
(217, 214, 218, 215)
(218, 197, 219, 198)
(196, 261, 197, 262)
(220, 196, 221, 195)
(194, 222, 195, 221)
(193, 231, 194, 230)
(176, 231, 177, 232)
(177, 181, 178, 180)
(232, 236, 233, 235)
(236, 242, 237, 241)
(242, 39, 243, 40)
(25, 38, 26, 39)
(37, 42, 38, 43)
(43, 36, 44, 37)
(35, 44, 36, 45)
(45, 249, 46, 248)
(247, 254, 248, 255)
(255, 252, 256, 253)
(174, 251, 175, 252)
(258, 175, 259, 176)
(222, 259, 223, 260)
(260, 219, 261, 220)
(257, 234, 258, 235)
(233, 256, 234, 257)
(253, 246, 254, 247)
(245, 35, 246, 34)
(33, 28, 34, 29)
(29, 32, 30, 33)
(238, 31, 239, 32)
(240, 238, 241, 237)
(30, 239, 31, 240)
(40, 27, 41, 28)
(26, 244, 27, 243)
(244, 42, 245, 41)
(198, 272, 199, 271)
(272, 200, 273, 199)
(285, 201, 286, 200)
(284, 171, 285, 172)
(170, 283, 171, 284)
(11, 283, 12, 282)
(12, 18, 13, 17)
(165, 18, 166, 19)
(19, 166, 20, 167)
(164, 168, 165, 167)
(212, 13, 213, 14)
(7, 14, 8, 15)
(8, 5, 9, 6)
(267, 4, 268, 5)
(3, 268, 4, 269)
(269, 217, 270, 216)
(215, 271, 216, 270)
(2, 280, 3, 279)
(205, 279, 206, 278)
(287, 207, 0, 206)
(286, 274, 287, 273)
(207, 274, 208, 275)
(201, 209, 202, 208)
(209, 11, 210, 10)
(281, 210, 282, 211)
(211, 17, 212, 16)
(15, 6, 16, 7)
(280, 10, 281, 9)
(202, 276, 203, 275)
(276, 2, 277, 1)
(277, 205, 278, 204)
(203, 1, 204, 0)
