(14, 24, 15, 23)
(31, 24, 32, 25)
(32, 22, 33, 21)
(22, 14, 23, 13)
(12, 10, 13, 9)
(8, 20, 9, 19)
(18, 28, 19, 27)
(26, 29, 27, 30)
(15, 31, 16, 30)
(25, 17, 26, 16)
(28, 18, 29, 17)
(20, 8, 21, 7)
(6, 34, 7, 33)
(5, 180, 6, 181)
(181, 10, 182, 11)
(11, 182, 12, 183)
(183, 34, 184, 35)
(184, 196, 185, 195)
(196, 243, 197, 244)
(53, 242, 54, 243)
(291, 53, 292, 52)
(3, 292, 4, 293)
(179, 4, 180, 5)
(178, 36, 179, 35)
(177, 170, 178, 171)
(168, 172, 169, 171)
(152, 167, 153, 168)
(118, 152, 119, 151)
(150, 120, 151, 119)
(186, 149, 187, 150)
(194, 186, 195, 185)
(148, 193, 149, 194)
(198, 147, 199, 148)
(244, 197, 245, 198)
(146, 246, 147, 245)
(140, 146, 141, 145)
(144, 142, 145, 141)
(143, 55, 144, 54)
(55, 143, 56, 142)
(99, 56, 100, 57)
(95, 100, 96, 101)
(101, 96, 102, 97)
(102, 242, 103, 241)
(106, 103, 107, 104)
(116, 107, 117, 108)
(290, 117, 291, 118)
(114, 289, 115, 290)
(113, 121, 114, 120)
(121, 113, 122, 112)
(111, 123, 112, 122)
(123, 111, 124, 110)
(205, 125, 206, 124)
(187, 204, 188, 205)
(192, 204, 193, 203)
(202, 192, 203, 191)
(190, 202, 191, 201)
(200, 190, 201, 189)
(188, 200, 189, 199)
(246, 126, 247, 125)
(133, 127, 134, 126)
(129, 133, 130, 132)
(130, 262, 131, 261)
(139, 262, 140, 263)
(263, 62, 264, 63)
(266, 61, 267, 62)
(60, 265, 61, 266)
(59, 98, 60, 99)
(93, 58, 94, 59)
(57, 92, 58, 93)
(91, 94, 92, 95)
(97, 90, 98, 91)
(238, 90, 239, 89)
(239, 236, 240, 237)
(235, 240, 236, 241)
(234, 285, 235, 286)
(286, 231, 287, 232)
(230, 105, 231, 106)
(104, 229, 105, 230)
(228, 287, 229, 288)
(109, 289, 110, 288)
(108, 115, 109, 116)
(227, 281, 228, 280)
(272, 279, 273, 280)
(86, 271, 87, 272)
(85, 78, 86, 79)
(206, 71, 207, 72)
(70, 67, 71, 68)
(255, 69, 256, 68)
(247, 254, 248, 255)
(134, 253, 135, 254)
(252, 249, 253, 250)
(127, 251, 128, 250)
(251, 129, 252, 128)
(135, 249, 136, 248)
(136, 258, 137, 257)
(258, 138, 259, 137)
(138, 260, 139, 259)
(260, 132, 261, 131)
(69, 257, 70, 256)
(66, 64, 67, 63)
(65, 210, 66, 211)
(270, 212, 271, 211)
(214, 270, 215, 269)
(268, 216, 269, 215)
(267, 265, 268, 264)
(213, 217, 214, 216)
(217, 213, 218, 212)
(87, 218, 88, 219)
(88, 238, 89, 237)
(219, 225, 220, 224)
(284, 281, 285, 282)
(282, 234, 283, 233)
(232, 284, 233, 283)
(225, 274, 226, 275)
(273, 226, 274, 227)
(220, 275, 221, 276)
(278, 221, 279, 222)
(222, 277, 223, 278)
(276, 223, 277, 224)
(209, 64, 210, 65)
(208, 73, 209, 74)
(74, 80, 75, 79)
(80, 83, 81, 84)
(77, 83, 78, 82)
(81, 77, 82, 76)
(75, 84, 76, 85)
(72, 207, 73, 208)
(163, 167, 164, 166)
(1, 164, 2, 165)
(51, 2, 52, 3)
(293, 50, 0, 51)
(160, 50, 161, 49)
(161, 46, 162, 47)
(45, 155, 46, 154)
(39, 172, 40, 173)
(173, 38, 174, 39)
(37, 174, 38, 175)
(175, 36, 176, 37)
(169, 176, 170, 177)
(40, 153, 41, 154)
(41, 44, 42, 45)
(43, 156, 44, 157)
(157, 163, 158, 162)
(158, 48, 159, 47)
(48, 160, 49, 159)
(155, 42, 156, 43)
(165, 0, 166, 1)
