(205, 237, 206, 236)
(235, 225, 236, 224)
(206, 223, 207, 224)
(222, 207, 223, 208)
(199, 208, 200, 209)
(267, 200, 268, 201)
(268, 204, 269, 203)
(237, 205, 238, 204)
(238, 198, 239, 197)
(198, 214, 199, 213)
(214, 231, 215, 232)
(220, 225, 221, 226)
(234, 221, 235, 222)
(233, 233, 234, 232)
(215, 219, 216, 218)
(230, 219, 231, 220)
(229, 227, 230, 226)
(228, 217, 229, 218)
(216, 227, 217, 228)
(279, 212, 280, 213)
(211, 278, 212, 279)
(265, 211, 266, 210)
(209, 267, 210, 266)
(264, 278, 265, 277)
(276, 272, 277, 271)
(270, 202, 271, 201)
(202, 270, 203, 269)
(282, 276, 283, 275)
(283, 197, 284, 196)
(287, 285, 288, 284)
(291, 286, 0, 287)
(290, 1, 291, 2)
(13, 2, 14, 3)
(3, 14, 4, 15)
(4, 239, 5, 240)
(240, 5, 241, 6)
(18, 241, 19, 242)
(252, 20, 253, 19)
(251, 262, 252, 263)
(280, 264, 281, 263)
(281, 272, 282, 273)
(160, 274, 161, 273)
(274, 160, 275, 159)
(161, 159, 162, 158)
(162, 166, 163, 165)
(166, 194, 167, 193)
(289, 195, 290, 194)
(195, 289, 196, 288)
(172, 168, 173, 167)
(171, 10, 172, 11)
(16, 12, 17, 11)
(12, 16, 13, 15)
(6, 18, 7, 17)
(7, 177, 8, 176)
(177, 190, 178, 191)
(189, 257, 190, 256)
(255, 243, 256, 242)
(254, 22, 255, 21)
(20, 254, 21, 253)
(259, 22, 260, 23)
(89, 260, 90, 261)
(261, 90, 262, 91)
(91, 251, 92, 250)
(92, 83, 93, 84)
(145, 83, 146, 82)
(157, 146, 158, 147)
(147, 24, 148, 25)
(23, 249, 24, 248)
(164, 248, 165, 247)
(246, 164, 247, 163)
(245, 184, 246, 185)
(182, 186, 183, 185)
(192, 182, 193, 181)
(180, 192, 181, 191)
(186, 180, 187, 179)
(178, 188, 179, 187)
(257, 189, 258, 188)
(243, 259, 244, 258)
(183, 244, 184, 245)
(88, 249, 89, 250)
(87, 85, 88, 84)
(153, 86, 154, 87)
(152, 30, 153, 29)
(28, 152, 29, 151)
(31, 151, 32, 150)
(32, 136, 33, 135)
(93, 137, 94, 136)
(137, 145, 138, 144)
(141, 138, 142, 139)
(142, 122, 143, 121)
(122, 117, 123, 118)
(116, 99, 117, 100)
(100, 112, 101, 111)
(112, 102, 113, 101)
(105, 103, 106, 102)
(49, 104, 50, 105)
(81, 49, 82, 48)
(134, 48, 135, 47)
(46, 78, 47, 77)
(76, 46, 77, 45)
(33, 44, 34, 45)
(126, 43, 127, 44)
(125, 99, 126, 98)
(94, 97, 95, 98)
(96, 124, 97, 123)
(124, 96, 125, 95)
(71, 42, 72, 43)
(59, 70, 60, 71)
(58, 66, 59, 65)
(64, 58, 65, 57)
(107, 57, 108, 56)
(113, 108, 114, 109)
(109, 114, 110, 115)
(115, 110, 116, 111)
(55, 107, 56, 106)
(54, 52, 55, 51)
(103, 50, 104, 51)
(52, 54, 53, 53)
(63, 66, 64, 67)
(67, 38, 68, 39)
(37, 80, 38, 81)
(79, 36, 80, 37)
(78, 133, 79, 134)
(129, 133, 130, 132)
(130, 76, 131, 75)
(74, 132, 75, 131)
(128, 73, 129, 74)
(34, 127, 35, 128)
(72, 36, 73, 35)
(61, 69, 62, 68)
(60, 41, 61, 42)
(69, 41, 70, 40)
(62, 40, 63, 39)
(118, 144, 119, 143)
(140, 119, 141, 120)
(120, 139, 121, 140)
(149, 156, 150, 157)
(25, 148, 26, 149)
(155, 27, 156, 26)
(85, 154, 86, 155)
(30, 28, 31, 27)
(173, 9, 174, 8)
(168, 10, 169, 9)
(174, 169, 175, 170)
(170, 175, 171, 176)
(285, 0, 286, 1)
