(5, 279, 6, 278)
(277, 105, 278, 104)
(103, 7, 104, 6)
(7, 103, 8, 102)
(283, 9, 0, 8)
(279, 282, 280, 283)
(281, 4, 282, 5)
(3, 280, 4, 281)
(11, 3, 12, 2)
(12, 105, 13, 106)
(266, 13, 267, 14)
(14, 267, 15, 268)
(272, 16, 273, 15)
(271, 274, 272, 275)
(275, 138, 276, 139)
(137, 276, 138, 277)
(136, 87, 137, 88)
(113, 89, 114, 88)
(112, 99, 113, 100)
(95, 101, 96, 100)
(101, 95, 102, 94)
(93, 96, 94, 97)
(97, 92, 98, 93)
(91, 111, 92, 110)
(109, 107, 110, 106)
(108, 265, 109, 266)
(55, 234, 56, 235)
(22, 233, 23, 234)
(268, 21, 269, 22)
(17, 20, 18, 21)
(16, 274, 17, 273)
(19, 231, 20, 230)
(229, 270, 230, 271)
(23, 229, 24, 228)
(24, 139, 25, 140)
(25, 32, 26, 33)
(31, 42, 32, 43)
(43, 87, 44, 86)
(259, 45, 260, 44)
(258, 256, 259, 255)
(254, 135, 255, 136)
(250, 253, 251, 254)
(130, 249, 131, 250)
(114, 129, 115, 130)
(128, 115, 129, 116)
(121, 117, 122, 116)
(117, 121, 118, 120)
(125, 119, 126, 118)
(124, 247, 125, 248)
(248, 245, 249, 246)
(261, 245, 262, 244)
(262, 89, 263, 90)
(90, 263, 91, 264)
(264, 107, 265, 108)
(54, 244, 55, 243)
(82, 81, 83, 82)
(239, 81, 240, 80)
(79, 241, 80, 240)
(237, 78, 238, 79)
(57, 237, 58, 236)
(235, 59, 236, 58)
(56, 60, 57, 59)
(197, 61, 198, 60)
(196, 203, 197, 204)
(204, 195, 205, 196)
(194, 211, 195, 212)
(227, 212, 228, 213)
(213, 224, 214, 225)
(223, 147, 224, 146)
(145, 223, 146, 222)
(140, 221, 141, 222)
(220, 144, 221, 143)
(142, 220, 143, 219)
(215, 219, 216, 218)
(175, 216, 176, 217)
(176, 33, 177, 34)
(34, 177, 35, 178)
(35, 26, 36, 27)
(27, 36, 28, 37)
(49, 29, 50, 28)
(29, 49, 30, 48)
(41, 30, 42, 31)
(40, 48, 41, 47)
(85, 47, 86, 46)
(45, 261, 46, 260)
(84, 53, 85, 54)
(83, 242, 84, 243)
(238, 242, 239, 241)
(52, 38, 53, 37)
(38, 52, 39, 51)
(50, 40, 51, 39)
(178, 76, 179, 75)
(76, 180, 77, 179)
(180, 78, 181, 77)
(181, 198, 182, 199)
(182, 202, 183, 201)
(202, 61, 203, 62)
(62, 65, 63, 66)
(64, 207, 65, 208)
(205, 209, 206, 208)
(209, 191, 210, 190)
(191, 211, 192, 210)
(225, 192, 226, 193)
(193, 226, 194, 227)
(70, 190, 71, 189)
(71, 156, 72, 157)
(155, 164, 156, 165)
(148, 166, 149, 165)
(147, 215, 148, 214)
(151, 167, 152, 166)
(167, 151, 168, 150)
(168, 161, 169, 162)
(173, 161, 174, 160)
(217, 174, 218, 175)
(159, 173, 160, 172)
(171, 159, 172, 158)
(74, 158, 75, 157)
(73, 171, 74, 170)
(169, 73, 170, 72)
(153, 162, 154, 163)
(163, 154, 164, 155)
(152, 150, 153, 149)
(188, 186, 189, 185)
(184, 200, 185, 199)
(200, 184, 201, 183)
(187, 68, 188, 69)
(66, 70, 67, 69)
(67, 186, 68, 187)
(206, 63, 207, 64)
(144, 142, 145, 141)
(246, 123, 247, 124)
(122, 127, 123, 128)
(119, 127, 120, 126)
(131, 256, 132, 257)
(257, 132, 258, 133)
(133, 252, 134, 253)
(251, 134, 252, 135)
(232, 270, 233, 269)
(231, 19, 232, 18)
(98, 111, 99, 112)
(1, 11, 2, 10)
(9, 1, 10, 0)
