(217, 274, 218, 275)
(275, 216, 276, 217)
(215, 276, 216, 277)
(38, 277, 39, 278)
(280, 40, 281, 39)
(40, 280, 41, 279)
(150, 42, 151, 41)
(149, 244, 150, 245)
(218, 246, 219, 245)
(269, 246, 270, 247)
(253, 271, 254, 270)
(273, 253, 274, 252)
(251, 273, 252, 272)
(271, 251, 272, 250)
(249, 260, 250, 261)
(230, 261, 231, 262)
(214, 71, 215, 72)
(17, 73, 18, 72)
(81, 16, 82, 17)
(89, 81, 90, 80)
(283, 91, 284, 90)
(282, 37, 283, 38)
(278, 281, 279, 282)
(36, 152, 37, 151)
(44, 35, 45, 36)
(43, 237, 44, 236)
(235, 43, 236, 42)
(234, 237, 235, 238)
(129, 238, 130, 239)
(130, 60, 131, 59)
(60, 135, 61, 136)
(141, 135, 142, 134)
(142, 244, 143, 243)
(143, 69, 144, 68)
(69, 145, 70, 144)
(145, 149, 146, 148)
(146, 226, 147, 225)
(219, 227, 220, 226)
(268, 227, 269, 228)
(257, 228, 258, 229)
(247, 259, 248, 258)
(254, 260, 255, 259)
(248, 255, 249, 256)
(229, 256, 230, 257)
(220, 268, 221, 267)
(221, 262, 222, 263)
(265, 223, 266, 222)
(223, 265, 224, 264)
(224, 148, 225, 147)
(263, 266, 264, 267)
(70, 231, 71, 232)
(198, 214, 199, 213)
(212, 200, 213, 199)
(208, 211, 209, 212)
(22, 208, 23, 207)
(20, 24, 21, 23)
(96, 20, 97, 19)
(18, 98, 19, 97)
(95, 99, 96, 98)
(94, 30, 95, 29)
(28, 94, 29, 93)
(31, 93, 32, 92)
(91, 33, 92, 32)
(152, 34, 153, 33)
(34, 45, 35, 46)
(48, 56, 49, 55)
(233, 56, 234, 57)
(128, 57, 129, 58)
(58, 239, 59, 240)
(65, 240, 66, 241)
(241, 66, 242, 67)
(242, 63, 243, 64)
(131, 62, 132, 63)
(136, 61, 137, 62)
(137, 141, 138, 140)
(133, 138, 134, 139)
(139, 132, 140, 133)
(64, 68, 65, 67)
(127, 233, 128, 232)
(126, 112, 127, 111)
(110, 107, 111, 108)
(185, 109, 186, 108)
(184, 197, 185, 198)
(202, 183, 203, 184)
(210, 201, 211, 202)
(200, 209, 201, 210)
(182, 205, 183, 206)
(206, 22, 207, 21)
(181, 179, 182, 178)
(177, 25, 178, 24)
(176, 100, 177, 99)
(100, 176, 101, 175)
(172, 102, 173, 101)
(171, 169, 172, 168)
(104, 168, 105, 167)
(105, 27, 106, 26)
(30, 28, 31, 27)
(159, 107, 160, 106)
(158, 126, 159, 125)
(124, 158, 125, 157)
(156, 154, 157, 153)
(155, 123, 156, 122)
(121, 52, 122, 53)
(53, 115, 54, 114)
(46, 116, 47, 115)
(116, 48, 117, 47)
(117, 55, 118, 54)
(118, 49, 119, 50)
(112, 120, 113, 119)
(51, 120, 52, 121)
(113, 51, 114, 50)
(123, 155, 124, 154)
(160, 192, 161, 191)
(192, 162, 193, 161)
(162, 196, 163, 195)
(187, 197, 188, 196)
(109, 187, 110, 186)
(188, 164, 189, 163)
(25, 165, 26, 164)
(174, 165, 175, 166)
(166, 173, 167, 174)
(189, 194, 190, 195)
(193, 190, 194, 191)
(103, 171, 104, 170)
(169, 103, 170, 102)
(203, 180, 204, 181)
(179, 204, 180, 205)
(87, 285, 88, 284)
(86, 1, 87, 2)
(2, 85, 3, 86)
(5, 85, 6, 84)
(77, 7, 78, 6)
(73, 76, 74, 77)
(10, 75, 11, 76)
(14, 10, 15, 9)
(15, 82, 16, 83)
(83, 79, 84, 78)
(79, 89, 80, 88)
(8, 14, 9, 13)
(12, 8, 13, 7)
(74, 11, 75, 12)
(285, 4, 0, 5)
(3, 0, 4, 1)
