(285, 174, 286, 175)
(284, 52, 285, 51)
(50, 284, 51, 283)
(9, 282, 10, 283)
(175, 8, 176, 9)
(86, 7, 87, 8)
(78, 85, 79, 86)
(134, 77, 135, 78)
(286, 133, 287, 134)
(171, 133, 172, 132)
(169, 173, 170, 172)
(173, 169, 174, 168)
(52, 167, 53, 168)
(211, 167, 212, 166)
(212, 147, 213, 148)
(146, 49, 147, 50)
(145, 11, 146, 10)
(279, 145, 280, 144)
(143, 281, 144, 280)
(281, 143, 282, 142)
(178, 141, 179, 142)
(88, 177, 89, 178)
(176, 87, 177, 88)
(89, 140, 90, 141)
(6, 140, 7, 139)
(79, 138, 80, 139)
(137, 84, 138, 85)
(83, 136, 84, 137)
(135, 82, 136, 83)
(81, 76, 82, 77)
(75, 80, 76, 81)
(5, 74, 6, 75)
(129, 4, 130, 5)
(3, 128, 4, 129)
(2, 0, 3, 287)
(1, 125, 2, 124)
(126, 124, 127, 123)
(122, 128, 123, 127)
(130, 122, 131, 121)
(131, 171, 132, 170)
(71, 71, 72, 70)
(72, 69, 73, 70)
(91, 69, 92, 68)
(57, 92, 58, 93)
(55, 59, 56, 58)
(59, 55, 60, 54)
(53, 61, 54, 60)
(61, 198, 62, 199)
(100, 198, 101, 197)
(210, 101, 211, 102)
(111, 102, 112, 103)
(112, 105, 113, 106)
(104, 113, 105, 114)
(191, 115, 192, 114)
(190, 152, 191, 151)
(150, 190, 151, 189)
(188, 150, 189, 149)
(148, 165, 149, 166)
(164, 271, 165, 272)
(272, 219, 273, 220)
(218, 214, 219, 213)
(214, 218, 215, 217)
(234, 216, 235, 215)
(44, 234, 45, 233)
(232, 46, 233, 45)
(231, 48, 232, 49)
(47, 230, 48, 231)
(229, 46, 230, 47)
(228, 44, 229, 43)
(42, 12, 43, 11)
(41, 252, 42, 253)
(253, 248, 254, 249)
(247, 260, 248, 261)
(261, 279, 262, 278)
(277, 263, 278, 262)
(276, 267, 277, 268)
(163, 269, 164, 268)
(269, 163, 270, 162)
(161, 271, 162, 270)
(187, 160, 188, 161)
(186, 180, 187, 179)
(152, 185, 153, 186)
(159, 185, 160, 184)
(183, 181, 184, 180)
(155, 182, 156, 183)
(157, 155, 158, 154)
(153, 159, 154, 158)
(181, 156, 182, 157)
(275, 239, 276, 238)
(220, 237, 221, 238)
(273, 236, 274, 237)
(216, 236, 217, 235)
(274, 222, 275, 221)
(222, 240, 223, 239)
(240, 224, 241, 223)
(224, 228, 225, 227)
(20, 226, 21, 225)
(12, 19, 13, 20)
(37, 19, 38, 18)
(17, 39, 18, 38)
(16, 251, 17, 252)
(15, 40, 16, 41)
(14, 250, 15, 249)
(36, 13, 37, 14)
(35, 258, 36, 259)
(259, 254, 260, 255)
(255, 32, 256, 33)
(24, 32, 25, 31)
(246, 25, 247, 26)
(26, 245, 27, 246)
(263, 244, 264, 245)
(243, 264, 244, 265)
(265, 242, 266, 243)
(241, 266, 242, 267)
(27, 30, 28, 31)
(22, 29, 23, 30)
(226, 22, 227, 21)
(28, 23, 29, 24)
(33, 256, 34, 257)
(257, 34, 258, 35)
(39, 251, 40, 250)
(194, 116, 195, 115)
(116, 194, 117, 193)
(90, 118, 91, 117)
(118, 74, 119, 73)
(119, 120, 120, 121)
(192, 195, 193, 196)
(207, 197, 208, 196)
(206, 100, 207, 99)
(98, 67, 99, 68)
(94, 97, 95, 98)
(93, 56, 94, 57)
(199, 96, 200, 97)
(95, 200, 96, 201)
(66, 202, 67, 201)
(65, 204, 66, 205)
(205, 62, 206, 63)
(63, 202, 64, 203)
(203, 64, 204, 65)
(208, 109, 209, 110)
(108, 209, 109, 210)
(110, 108, 111, 107)
(103, 106, 104, 107)
(125, 1, 126, 0)
