(208, 169, 209, 170)
(168, 69, 169, 70)
(167, 276, 168, 277)
(70, 278, 71, 277)
(5, 278, 6, 279)
(6, 208, 7, 207)
(30, 7, 31, 8)
(31, 129, 32, 128)
(129, 33, 130, 32)
(33, 131, 34, 130)
(131, 170, 132, 171)
(132, 140, 133, 139)
(140, 68, 141, 67)
(209, 69, 210, 68)
(141, 210, 142, 211)
(145, 143, 146, 142)
(159, 145, 160, 144)
(249, 161, 250, 160)
(75, 248, 76, 249)
(74, 273, 75, 274)
(1, 274, 2, 275)
(275, 2, 276, 3)
(166, 3, 167, 4)
(4, 71, 5, 72)
(165, 73, 166, 72)
(279, 164, 0, 165)
(244, 163, 245, 164)
(243, 225, 244, 224)
(223, 212, 224, 213)
(216, 214, 217, 213)
(215, 206, 216, 207)
(205, 214, 206, 215)
(204, 201, 205, 202)
(11, 202, 12, 203)
(12, 9, 13, 10)
(8, 29, 9, 30)
(23, 28, 24, 29)
(22, 17, 23, 18)
(18, 21, 19, 22)
(20, 182, 21, 181)
(127, 181, 128, 180)
(179, 173, 180, 172)
(171, 35, 172, 34)
(94, 36, 95, 35)
(64, 94, 65, 93)
(65, 139, 66, 138)
(133, 67, 134, 66)
(83, 135, 84, 134)
(82, 212, 83, 211)
(146, 81, 147, 82)
(80, 233, 81, 234)
(157, 234, 158, 235)
(143, 159, 144, 158)
(235, 156, 236, 157)
(155, 79, 156, 78)
(162, 77, 163, 78)
(161, 251, 162, 250)
(251, 76, 252, 77)
(265, 253, 266, 252)
(253, 265, 254, 264)
(247, 254, 248, 255)
(255, 246, 256, 247)
(245, 272, 246, 273)
(260, 271, 261, 272)
(270, 259, 271, 260)
(262, 270, 263, 269)
(266, 264, 267, 263)
(267, 256, 268, 257)
(257, 268, 258, 269)
(261, 259, 262, 258)
(154, 237, 155, 238)
(238, 230, 239, 229)
(230, 240, 231, 239)
(149, 240, 150, 241)
(241, 150, 242, 151)
(225, 243, 226, 242)
(147, 227, 148, 226)
(152, 227, 153, 228)
(153, 233, 154, 232)
(231, 228, 232, 229)
(151, 148, 152, 149)
(79, 237, 80, 236)
(135, 93, 136, 92)
(87, 136, 88, 137)
(137, 88, 138, 89)
(89, 84, 90, 85)
(85, 90, 86, 91)
(91, 86, 92, 87)
(63, 36, 64, 37)
(37, 47, 38, 46)
(47, 39, 48, 38)
(39, 187, 40, 186)
(187, 220, 188, 221)
(219, 188, 220, 189)
(189, 218, 190, 219)
(222, 218, 223, 217)
(221, 190, 222, 191)
(191, 201, 192, 200)
(183, 193, 184, 192)
(182, 20, 183, 19)
(116, 194, 117, 193)
(194, 116, 195, 115)
(114, 196, 115, 195)
(122, 114, 123, 113)
(98, 123, 99, 124)
(126, 99, 127, 100)
(173, 101, 174, 100)
(101, 179, 102, 178)
(177, 103, 178, 102)
(103, 177, 104, 176)
(175, 105, 176, 104)
(105, 175, 106, 174)
(125, 107, 126, 106)
(107, 125, 108, 124)
(95, 113, 96, 112)
(108, 110, 109, 109)
(97, 111, 98, 110)
(111, 97, 112, 96)
(62, 122, 63, 121)
(120, 52, 121, 51)
(45, 51, 46, 50)
(49, 45, 50, 44)
(43, 49, 44, 48)
(197, 43, 198, 42)
(41, 199, 42, 198)
(185, 41, 186, 40)
(199, 185, 200, 184)
(196, 118, 197, 117)
(118, 55, 119, 56)
(59, 54, 60, 55)
(61, 59, 62, 58)
(57, 53, 58, 52)
(56, 119, 57, 120)
(53, 60, 54, 61)
(16, 14, 17, 13)
(26, 16, 27, 15)
(27, 24, 28, 25)
(14, 26, 15, 25)
(203, 10, 204, 11)
(73, 0, 74, 1)
