(96, 161, 97, 162)
(99, 161, 100, 160)
(95, 100, 96, 101)
(101, 43, 102, 42)
(43, 52, 44, 53)
(51, 163, 52, 162)
(97, 50, 98, 51)
(49, 98, 50, 99)
(231, 48, 232, 49)
(93, 231, 94, 230)
(159, 94, 160, 95)
(91, 158, 92, 159)
(157, 90, 158, 91)
(199, 156, 200, 157)
(155, 198, 156, 199)
(154, 151, 155, 152)
(195, 153, 196, 152)
(41, 195, 42, 194)
(102, 193, 103, 194)
(29, 192, 30, 193)
(44, 27, 45, 28)
(26, 45, 27, 46)
(163, 47, 164, 46)
(47, 232, 48, 233)
(14, 233, 15, 234)
(22, 16, 23, 15)
(18, 22, 19, 21)
(242, 20, 243, 19)
(241, 279, 242, 278)
(274, 277, 275, 278)
(273, 264, 274, 265)
(220, 266, 221, 265)
(266, 220, 267, 219)
(218, 268, 219, 267)
(268, 218, 269, 217)
(222, 269, 223, 270)
(228, 223, 229, 224)
(229, 93, 230, 92)
(201, 225, 202, 224)
(200, 89, 201, 90)
(207, 89, 208, 88)
(208, 286, 209, 285)
(85, 287, 86, 286)
(187, 85, 188, 84)
(34, 150, 35, 149)
(197, 150, 198, 151)
(153, 197, 154, 196)
(148, 123, 149, 124)
(135, 124, 136, 125)
(125, 136, 126, 137)
(126, 107, 127, 108)
(106, 109, 107, 110)
(110, 40, 111, 39)
(40, 35, 41, 36)
(36, 112, 37, 111)
(112, 103, 113, 104)
(118, 114, 119, 113)
(114, 118, 115, 117)
(115, 123, 116, 122)
(121, 117, 122, 116)
(120, 147, 121, 148)
(146, 119, 147, 120)
(128, 146, 129, 145)
(144, 130, 145, 129)
(143, 141, 144, 140)
(134, 140, 135, 139)
(138, 134, 139, 133)
(132, 138, 133, 137)
(142, 131, 143, 132)
(130, 141, 131, 142)
(108, 127, 109, 128)
(37, 104, 38, 105)
(105, 38, 106, 39)
(32, 191, 33, 192)
(190, 31, 191, 32)
(189, 189, 190, 188)
(33, 31, 34, 30)
(54, 83, 55, 84)
(28, 54, 29, 53)
(63, 65, 64, 64)
(62, 166, 63, 165)
(164, 25, 165, 26)
(235, 24, 236, 25)
(234, 13, 235, 14)
(23, 12, 24, 13)
(236, 12, 237, 11)
(237, 16, 238, 17)
(17, 238, 18, 239)
(244, 240, 245, 239)
(20, 244, 21, 243)
(279, 241, 280, 240)
(280, 275, 281, 276)
(276, 281, 277, 282)
(282, 250, 283, 249)
(250, 264, 251, 263)
(262, 252, 263, 251)
(252, 262, 253, 261)
(260, 254, 261, 253)
(259, 214, 260, 215)
(215, 273, 216, 272)
(221, 217, 222, 216)
(271, 207, 272, 206)
(205, 271, 206, 270)
(227, 205, 228, 204)
(203, 227, 204, 226)
(225, 203, 226, 202)
(255, 259, 256, 258)
(211, 257, 212, 256)
(210, 283, 211, 284)
(87, 284, 88, 285)
(209, 86, 210, 87)
(257, 213, 258, 212)
(213, 254, 214, 255)
(5, 248, 6, 249)
(247, 4, 248, 5)
(291, 246, 0, 247)
(9, 291, 10, 290)
(289, 11, 290, 10)
(59, 289, 60, 288)
(287, 61, 288, 60)
(61, 58, 62, 59)
(57, 66, 58, 67)
(67, 56, 68, 57)
(186, 56, 187, 55)
(185, 82, 186, 83)
(184, 168, 185, 167)
(65, 166, 66, 167)
(68, 183, 69, 184)
(182, 69, 183, 70)
(73, 71, 74, 70)
(72, 173, 73, 174)
(79, 175, 80, 174)
(78, 81, 79, 82)
(77, 169, 78, 168)
(76, 181, 77, 182)
(180, 75, 181, 76)
(74, 179, 75, 180)
(178, 171, 179, 172)
(172, 71, 173, 72)
(170, 177, 171, 178)
(176, 169, 177, 170)
(175, 81, 176, 80)
(8, 246, 9, 245)
(2, 7, 3, 8)
(6, 1, 7, 2)
(3, 1, 4, 0)
