(295, 72, 296, 73)
(74, 72, 75, 71)
(292, 75, 293, 76)
(272, 293, 273, 294)
(294, 273, 295, 274)
(111, 274, 112, 275)
(112, 32, 113, 31)
(55, 32, 56, 33)
(61, 57, 62, 56)
(60, 121, 61, 122)
(63, 122, 64, 123)
(297, 65, 0, 64)
(73, 296, 74, 297)
(65, 71, 66, 70)
(69, 67, 70, 66)
(1, 69, 2, 68)
(263, 2, 264, 3)
(264, 292, 265, 291)
(265, 278, 266, 279)
(268, 278, 269, 277)
(269, 81, 270, 80)
(81, 271, 82, 270)
(271, 76, 272, 77)
(110, 77, 111, 78)
(103, 78, 104, 79)
(79, 104, 80, 105)
(105, 102, 106, 103)
(101, 88, 102, 89)
(82, 90, 83, 89)
(90, 110, 91, 109)
(91, 98, 92, 99)
(106, 97, 107, 98)
(93, 97, 94, 96)
(94, 85, 95, 86)
(87, 85, 88, 84)
(100, 84, 101, 83)
(99, 108, 100, 109)
(92, 107, 93, 108)
(86, 95, 87, 96)
(276, 268, 277, 267)
(266, 276, 267, 275)
(288, 280, 289, 279)
(8, 288, 9, 287)
(114, 10, 115, 9)
(30, 114, 31, 113)
(29, 38, 30, 39)
(39, 20, 40, 21)
(19, 54, 20, 55)
(35, 18, 36, 19)
(143, 35, 144, 34)
(33, 145, 34, 144)
(145, 117, 146, 116)
(62, 118, 63, 117)
(118, 57, 119, 58)
(58, 119, 59, 120)
(120, 59, 121, 60)
(146, 123, 147, 124)
(147, 154, 148, 155)
(262, 154, 263, 153)
(197, 153, 198, 152)
(151, 199, 152, 198)
(150, 196, 151, 195)
(194, 4, 195, 3)
(193, 290, 194, 291)
(289, 192, 290, 193)
(280, 191, 281, 192)
(190, 5, 191, 6)
(187, 7, 188, 6)
(7, 187, 8, 186)
(180, 185, 181, 186)
(284, 180, 285, 179)
(285, 241, 286, 240)
(241, 287, 242, 286)
(141, 242, 142, 243)
(142, 115, 143, 116)
(243, 158, 244, 159)
(124, 157, 125, 158)
(259, 157, 260, 156)
(155, 261, 156, 260)
(261, 148, 262, 149)
(149, 200, 150, 201)
(196, 200, 197, 199)
(201, 206, 202, 207)
(282, 205, 283, 206)
(281, 5, 282, 4)
(204, 184, 205, 183)
(189, 183, 190, 182)
(181, 189, 182, 188)
(184, 204, 185, 203)
(202, 283, 203, 284)
(207, 179, 208, 178)
(177, 209, 178, 208)
(176, 258, 177, 257)
(256, 235, 257, 236)
(236, 240, 237, 239)
(250, 238, 251, 237)
(249, 229, 250, 228)
(227, 175, 228, 174)
(173, 140, 174, 141)
(245, 172, 246, 173)
(159, 244, 160, 245)
(160, 164, 161, 163)
(164, 135, 165, 136)
(134, 216, 135, 215)
(214, 212, 215, 211)
(125, 210, 126, 211)
(258, 210, 259, 209)
(131, 127, 132, 126)
(225, 131, 226, 130)
(226, 248, 227, 247)
(248, 176, 249, 175)
(246, 139, 247, 140)
(138, 167, 139, 168)
(168, 172, 169, 171)
(162, 169, 163, 170)
(170, 161, 171, 162)
(166, 137, 167, 138)
(136, 165, 137, 166)
(220, 129, 221, 130)
(132, 220, 133, 219)
(216, 134, 217, 133)
(212, 218, 213, 217)
(218, 214, 219, 213)
(223, 128, 224, 129)
(127, 222, 128, 223)
(224, 222, 225, 221)
(229, 255, 230, 254)
(234, 255, 235, 256)
(230, 234, 231, 233)
(252, 232, 253, 231)
(238, 252, 239, 251)
(232, 254, 233, 253)
(17, 36, 18, 37)
(37, 10, 38, 11)
(22, 12, 23, 11)
(21, 28, 22, 29)
(14, 28, 15, 27)
(48, 16, 49, 15)
(47, 41, 48, 40)
(43, 47, 44, 46)
(44, 54, 45, 53)
(52, 46, 53, 45)
(42, 51, 43, 52)
(50, 41, 51, 42)
(16, 50, 17, 49)
(23, 26, 24, 27)
(25, 13, 26, 12)
(13, 25, 14, 24)
(67, 1, 68, 0)
