(227, 211, 228, 210)
(211, 229, 212, 228)
(229, 213, 230, 212)
(213, 175, 214, 174)
(175, 157, 176, 156)
(157, 177, 158, 176)
(177, 159, 178, 158)
(159, 227, 160, 226)
(160, 210, 161, 209)
(230, 162, 231, 161)
(57, 162, 58, 163)
(65, 58, 66, 59)
(275, 66, 276, 67)
(67, 276, 68, 277)
(277, 68, 278, 69)
(278, 174, 279, 173)
(279, 2, 0, 3)
(1, 95, 2, 94)
(96, 94, 97, 93)
(97, 114, 98, 115)
(113, 98, 114, 99)
(99, 109, 100, 108)
(109, 103, 110, 102)
(103, 12, 104, 13)
(150, 12, 151, 11)
(180, 152, 181, 151)
(179, 154, 180, 155)
(214, 156, 215, 155)
(178, 216, 179, 215)
(223, 216, 224, 217)
(28, 248, 29, 247)
(248, 245, 249, 246)
(244, 42, 245, 41)
(40, 244, 41, 243)
(43, 243, 44, 242)
(241, 45, 242, 44)
(240, 53, 241, 54)
(237, 55, 238, 54)
(231, 236, 232, 237)
(235, 232, 236, 233)
(233, 57, 234, 56)
(55, 235, 56, 234)
(238, 51, 239, 52)
(163, 50, 164, 51)
(49, 164, 50, 165)
(165, 65, 166, 64)
(166, 59, 167, 60)
(78, 168, 79, 167)
(77, 274, 78, 275)
(73, 76, 74, 77)
(69, 72, 70, 73)
(90, 72, 91, 71)
(91, 173, 92, 172)
(3, 93, 4, 92)
(125, 122, 126, 123)
(129, 127, 130, 126)
(128, 116, 129, 115)
(116, 128, 117, 127)
(117, 131, 118, 130)
(22, 132, 23, 131)
(21, 136, 22, 137)
(137, 20, 138, 21)
(19, 138, 20, 139)
(139, 144, 140, 145)
(143, 140, 144, 141)
(16, 142, 17, 141)
(15, 104, 16, 105)
(112, 105, 113, 106)
(101, 107, 102, 106)
(107, 101, 108, 100)
(14, 111, 15, 112)
(110, 13, 111, 14)
(142, 18, 143, 17)
(18, 146, 19, 145)
(146, 134, 147, 133)
(134, 148, 135, 147)
(148, 10, 149, 9)
(10, 150, 11, 149)
(8, 23, 9, 24)
(201, 25, 202, 24)
(181, 200, 182, 201)
(199, 182, 200, 183)
(183, 188, 184, 189)
(187, 184, 188, 185)
(194, 186, 195, 185)
(152, 193, 153, 194)
(192, 153, 193, 154)
(191, 222, 192, 223)
(221, 190, 222, 191)
(217, 220, 218, 221)
(204, 219, 205, 220)
(206, 204, 207, 203)
(207, 224, 208, 225)
(225, 208, 226, 209)
(27, 203, 28, 202)
(197, 27, 198, 26)
(25, 199, 26, 198)
(196, 190, 197, 189)
(186, 196, 187, 195)
(218, 205, 219, 206)
(121, 118, 122, 119)
(119, 125, 120, 124)
(123, 121, 124, 120)
(6, 5, 7, 6)
(4, 7, 5, 8)
(135, 132, 136, 133)
(171, 257, 172, 256)
(30, 255, 31, 256)
(246, 30, 247, 29)
(47, 254, 48, 255)
(37, 47, 38, 46)
(249, 39, 250, 38)
(42, 40, 43, 39)
(250, 45, 251, 46)
(48, 32, 49, 31)
(253, 32, 254, 33)
(36, 33, 37, 34)
(34, 251, 35, 252)
(252, 35, 253, 36)
(170, 63, 171, 64)
(60, 169, 61, 170)
(168, 80, 169, 79)
(273, 80, 274, 81)
(74, 76, 75, 75)
(261, 85, 262, 84)
(83, 261, 84, 260)
(259, 266, 260, 267)
(267, 258, 268, 259)
(88, 258, 89, 257)
(70, 90, 71, 89)
(270, 88, 271, 87)
(62, 271, 63, 272)
(272, 61, 273, 62)
(86, 264, 87, 263)
(81, 262, 82, 263)
(82, 85, 83, 86)
(269, 265, 270, 264)
(265, 269, 266, 268)
(52, 239, 53, 240)
(95, 1, 96, 0)
