(209, 75, 210, 74)
(213, 83, 214, 82)
(75, 215, 76, 214)
(208, 215, 209, 216)
(216, 201, 217, 202)
(200, 177, 201, 178)
(65, 179, 66, 178)
(71, 65, 72, 64)
(72, 122, 73, 121)
(122, 74, 123, 73)
(116, 124, 117, 123)
(83, 213, 84, 212)
(91, 84, 92, 85)
(163, 92, 164, 93)
(93, 164, 94, 165)
(94, 204, 95, 203)
(204, 79, 205, 80)
(78, 205, 79, 206)
(206, 82, 207, 81)
(207, 76, 208, 77)
(77, 80, 78, 81)
(202, 96, 203, 95)
(99, 97, 100, 96)
(217, 98, 218, 99)
(97, 218, 98, 219)
(100, 219, 101, 220)
(106, 102, 107, 101)
(134, 105, 135, 106)
(133, 129, 134, 128)
(176, 128, 177, 127)
(139, 127, 140, 126)
(125, 141, 126, 140)
(43, 125, 44, 124)
(44, 56, 45, 55)
(56, 46, 57, 45)
(46, 58, 47, 57)
(199, 58, 200, 59)
(59, 182, 60, 183)
(181, 67, 182, 66)
(69, 181, 70, 180)
(179, 71, 180, 70)
(63, 69, 64, 68)
(50, 192, 51, 191)
(49, 120, 50, 121)
(119, 48, 120, 49)
(118, 53, 119, 54)
(54, 117, 55, 118)
(52, 48, 53, 47)
(192, 52, 193, 51)
(188, 194, 189, 193)
(196, 188, 197, 187)
(186, 198, 187, 197)
(198, 186, 199, 185)
(61, 184, 62, 185)
(183, 60, 184, 61)
(67, 63, 68, 62)
(190, 196, 191, 195)
(194, 190, 195, 189)
(42, 141, 43, 142)
(152, 116, 153, 115)
(172, 154, 173, 153)
(171, 211, 172, 210)
(211, 171, 212, 170)
(86, 169, 87, 170)
(85, 90, 86, 91)
(89, 169, 90, 168)
(167, 89, 168, 88)
(87, 167, 88, 166)
(165, 162, 166, 163)
(158, 162, 159, 161)
(220, 160, 221, 159)
(160, 222, 161, 221)
(25, 222, 26, 223)
(26, 271, 27, 272)
(270, 27, 271, 28)
(28, 107, 29, 108)
(29, 175, 30, 174)
(175, 138, 176, 139)
(132, 137, 133, 138)
(131, 103, 132, 102)
(103, 131, 104, 130)
(104, 135, 105, 136)
(129, 137, 130, 136)
(41, 30, 42, 31)
(38, 32, 39, 31)
(32, 38, 33, 37)
(36, 34, 37, 33)
(146, 36, 147, 35)
(144, 148, 145, 147)
(143, 151, 144, 150)
(149, 143, 150, 142)
(151, 149, 152, 148)
(34, 146, 35, 145)
(110, 39, 111, 40)
(114, 111, 115, 112)
(112, 113, 113, 114)
(40, 109, 41, 110)
(108, 174, 109, 173)
(269, 2, 270, 3)
(246, 3, 247, 4)
(156, 248, 157, 247)
(248, 156, 249, 155)
(154, 250, 155, 249)
(157, 250, 158, 251)
(251, 238, 252, 239)
(256, 238, 257, 237)
(257, 25, 258, 24)
(23, 259, 24, 258)
(225, 22, 226, 23)
(233, 224, 234, 225)
(223, 232, 224, 233)
(262, 232, 263, 231)
(272, 264, 273, 263)
(279, 265, 0, 264)
(278, 1, 279, 2)
(277, 266, 278, 267)
(267, 8, 268, 9)
(7, 268, 8, 269)
(15, 6, 16, 7)
(5, 14, 6, 15)
(4, 245, 5, 246)
(13, 244, 14, 245)
(243, 12, 244, 13)
(239, 242, 240, 243)
(252, 241, 253, 242)
(240, 253, 241, 254)
(254, 18, 255, 17)
(18, 256, 19, 255)
(19, 228, 20, 229)
(227, 236, 228, 237)
(259, 226, 260, 227)
(260, 22, 261, 21)
(234, 262, 235, 261)
(235, 20, 236, 21)
(274, 230, 275, 229)
(230, 274, 231, 273)
(275, 10, 276, 11)
(9, 276, 10, 277)
(16, 12, 17, 11)
(265, 1, 266, 0)
