(234, 32, 235, 31)
(286, 234, 287, 233)
(230, 288, 231, 287)
(2, 230, 3, 229)
(3, 9, 4, 8)
(30, 9, 31, 10)
(10, 18, 11, 17)
(18, 25, 19, 26)
(24, 282, 25, 281)
(235, 280, 236, 281)
(279, 262, 280, 263)
(263, 275, 264, 274)
(275, 63, 276, 62)
(32, 64, 33, 63)
(185, 64, 186, 65)
(186, 205, 187, 206)
(207, 205, 208, 204)
(208, 213, 209, 214)
(211, 213, 212, 212)
(6, 228, 7, 227)
(228, 286, 229, 285)
(284, 7, 285, 8)
(283, 5, 284, 4)
(282, 20, 283, 19)
(143, 20, 144, 21)
(147, 145, 148, 144)
(146, 23, 147, 24)
(22, 145, 23, 146)
(21, 148, 22, 149)
(236, 150, 237, 149)
(150, 262, 151, 261)
(260, 152, 261, 151)
(259, 100, 260, 101)
(278, 39, 279, 40)
(269, 41, 270, 40)
(51, 268, 52, 269)
(47, 50, 48, 51)
(273, 265, 274, 264)
(272, 61, 273, 62)
(271, 43, 272, 42)
(41, 271, 42, 270)
(52, 44, 53, 43)
(59, 45, 60, 44)
(58, 267, 59, 268)
(48, 57, 49, 58)
(56, 49, 57, 50)
(55, 267, 56, 266)
(265, 46, 266, 47)
(54, 45, 55, 46)
(53, 60, 54, 61)
(277, 102, 278, 103)
(103, 276, 104, 277)
(37, 105, 38, 104)
(113, 37, 114, 36)
(35, 115, 36, 114)
(69, 35, 70, 34)
(33, 71, 34, 70)
(71, 68, 72, 69)
(200, 67, 201, 68)
(66, 199, 67, 200)
(65, 184, 66, 185)
(183, 197, 184, 196)
(195, 183, 196, 182)
(172, 182, 173, 181)
(180, 174, 181, 173)
(190, 180, 191, 179)
(191, 177, 192, 176)
(177, 193, 178, 192)
(193, 188, 194, 189)
(206, 187, 207, 188)
(194, 171, 195, 172)
(170, 203, 171, 204)
(118, 170, 119, 169)
(128, 119, 129, 120)
(129, 135, 130, 134)
(140, 136, 141, 135)
(216, 139, 217, 140)
(138, 215, 139, 216)
(214, 137, 215, 138)
(217, 137, 218, 136)
(141, 218, 142, 219)
(219, 142, 220, 143)
(220, 225, 221, 226)
(224, 221, 225, 222)
(209, 223, 210, 222)
(223, 211, 224, 210)
(226, 6, 227, 5)
(241, 131, 242, 130)
(240, 125, 241, 126)
(126, 237, 127, 238)
(248, 127, 249, 128)
(249, 99, 250, 98)
(99, 152, 100, 153)
(153, 255, 154, 254)
(258, 255, 259, 256)
(256, 156, 257, 155)
(156, 108, 157, 107)
(101, 39, 102, 38)
(162, 112, 163, 111)
(112, 105, 113, 106)
(106, 164, 107, 163)
(164, 93, 165, 94)
(81, 93, 82, 92)
(115, 83, 116, 82)
(83, 117, 84, 116)
(117, 72, 118, 73)
(73, 85, 74, 84)
(85, 78, 86, 79)
(77, 89, 78, 88)
(87, 77, 88, 76)
(80, 76, 81, 75)
(165, 169, 166, 168)
(97, 166, 98, 167)
(167, 96, 168, 97)
(95, 251, 96, 250)
(251, 95, 252, 94)
(253, 253, 254, 252)
(74, 91, 75, 92)
(90, 80, 91, 79)
(89, 87, 90, 86)
(110, 162, 111, 161)
(157, 160, 158, 161)
(108, 159, 109, 160)
(158, 109, 159, 110)
(154, 258, 155, 257)
(247, 121, 248, 120)
(123, 247, 124, 246)
(245, 125, 246, 124)
(133, 245, 134, 244)
(243, 133, 244, 132)
(131, 243, 132, 242)
(239, 123, 240, 122)
(121, 239, 122, 238)
(202, 197, 203, 198)
(198, 201, 199, 202)
(189, 174, 190, 175)
(175, 179, 176, 178)
(15, 27, 16, 26)
(14, 29, 15, 30)
(28, 13, 29, 14)
(12, 27, 13, 28)
(16, 12, 17, 11)
(288, 2, 289, 1)
(289, 233, 0, 232)
(231, 1, 232, 0)
