(69, 17, 70, 16)
(15, 69, 16, 68)
(72, 68, 73, 67)
(18, 74, 19, 73)
(17, 71, 18, 70)
(71, 15, 72, 14)
(8, 13, 9, 14)
(7, 2, 8, 3)
(3, 6, 4, 7)
(136, 5, 137, 6)
(268, 136, 269, 135)
(269, 22, 270, 23)
(66, 22, 67, 21)
(20, 56, 21, 55)
(54, 20, 55, 19)
(278, 54, 279, 53)
(74, 280, 75, 279)
(280, 9, 281, 10)
(281, 13, 282, 12)
(11, 283, 12, 282)
(283, 11, 284, 10)
(1, 284, 2, 285)
(285, 77, 0, 76)
(77, 150, 78, 151)
(149, 236, 150, 237)
(138, 238, 139, 237)
(4, 137, 5, 138)
(31, 238, 32, 239)
(267, 32, 268, 33)
(33, 135, 34, 134)
(23, 35, 24, 34)
(60, 36, 61, 35)
(270, 59, 271, 60)
(58, 65, 59, 66)
(276, 57, 277, 58)
(56, 275, 57, 276)
(274, 277, 275, 278)
(273, 63, 274, 62)
(36, 62, 37, 61)
(52, 37, 53, 38)
(25, 38, 26, 39)
(39, 26, 40, 27)
(40, 45, 41, 46)
(44, 199, 45, 200)
(200, 43, 201, 44)
(42, 201, 43, 202)
(202, 151, 203, 152)
(203, 114, 204, 115)
(234, 114, 235, 113)
(235, 78, 236, 79)
(79, 86, 80, 87)
(85, 80, 86, 81)
(81, 149, 82, 148)
(147, 83, 148, 82)
(146, 112, 147, 111)
(110, 101, 111, 102)
(102, 107, 103, 108)
(97, 106, 98, 107)
(91, 97, 92, 96)
(139, 93, 140, 92)
(93, 141, 94, 140)
(141, 95, 142, 94)
(95, 143, 96, 142)
(143, 90, 144, 91)
(112, 90, 113, 89)
(83, 89, 84, 88)
(87, 85, 88, 84)
(144, 100, 145, 99)
(100, 146, 101, 145)
(105, 98, 106, 99)
(104, 109, 105, 110)
(108, 103, 109, 104)
(230, 234, 231, 233)
(231, 265, 232, 264)
(265, 240, 266, 241)
(239, 30, 240, 31)
(266, 30, 267, 29)
(133, 29, 134, 28)
(27, 50, 28, 51)
(24, 52, 25, 51)
(49, 171, 50, 170)
(169, 49, 170, 48)
(47, 188, 48, 189)
(189, 46, 190, 47)
(215, 191, 216, 190)
(214, 197, 215, 198)
(198, 41, 199, 42)
(213, 155, 214, 154)
(244, 154, 245, 153)
(152, 246, 153, 245)
(246, 115, 247, 116)
(128, 248, 129, 247)
(127, 205, 128, 204)
(229, 127, 230, 126)
(125, 229, 126, 228)
(227, 250, 228, 251)
(251, 263, 252, 262)
(263, 233, 264, 232)
(261, 253, 262, 252)
(260, 255, 261, 256)
(221, 257, 222, 256)
(220, 242, 221, 241)
(132, 220, 133, 219)
(218, 155, 219, 156)
(165, 156, 166, 157)
(166, 175, 167, 176)
(174, 172, 175, 171)
(178, 174, 179, 173)
(168, 179, 169, 180)
(180, 163, 181, 164)
(185, 162, 186, 163)
(161, 184, 162, 185)
(160, 187, 161, 188)
(182, 159, 183, 160)
(158, 181, 159, 182)
(157, 164, 158, 165)
(183, 186, 184, 187)
(176, 167, 177, 168)
(172, 178, 173, 177)
(217, 195, 218, 194)
(193, 217, 194, 216)
(192, 195, 193, 196)
(196, 191, 197, 192)
(212, 243, 213, 244)
(116, 211, 117, 212)
(210, 130, 211, 129)
(209, 207, 210, 206)
(205, 249, 206, 248)
(249, 125, 250, 124)
(121, 226, 122, 227)
(253, 120, 254, 121)
(119, 254, 120, 255)
(225, 118, 226, 119)
(259, 225, 260, 224)
(223, 259, 224, 258)
(257, 223, 258, 222)
(130, 118, 131, 117)
(242, 132, 243, 131)
(122, 207, 123, 208)
(208, 123, 209, 124)
(63, 273, 64, 272)
(271, 65, 272, 64)
(75, 1, 76, 0)
