(113, 97, 114, 96)
(94, 98, 95, 97)
(98, 94, 99, 93)
(92, 100, 93, 99)
(91, 35, 92, 34)
(33, 7, 34, 6)
(122, 5, 123, 6)
(121, 112, 122, 113)
(111, 120, 112, 121)
(119, 110, 120, 111)
(118, 116, 119, 115)
(95, 115, 96, 114)
(100, 117, 101, 118)
(116, 101, 117, 102)
(241, 102, 242, 103)
(242, 170, 243, 169)
(170, 276, 171, 275)
(276, 35, 277, 36)
(277, 280, 278, 281)
(60, 280, 61, 279)
(61, 91, 62, 90)
(62, 25, 63, 26)
(79, 25, 80, 24)
(15, 81, 16, 80)
(81, 15, 82, 14)
(13, 83, 14, 82)
(67, 13, 68, 12)
(11, 69, 12, 68)
(7, 10, 8, 11)
(9, 65, 10, 64)
(63, 84, 64, 85)
(28, 85, 29, 86)
(29, 33, 30, 32)
(30, 90, 31, 89)
(88, 32, 89, 31)
(26, 87, 27, 88)
(86, 27, 87, 28)
(70, 84, 71, 83)
(71, 22, 72, 23)
(21, 77, 22, 76)
(75, 21, 76, 20)
(19, 75, 20, 74)
(78, 74, 79, 73)
(17, 72, 18, 73)
(23, 17, 24, 16)
(77, 19, 78, 18)
(69, 66, 70, 67)
(65, 9, 66, 8)
(278, 60, 279, 59)
(58, 3, 59, 4)
(4, 123, 5, 124)
(124, 162, 125, 161)
(162, 110, 163, 109)
(108, 164, 109, 163)
(164, 108, 165, 107)
(165, 104, 166, 105)
(103, 240, 104, 241)
(138, 239, 139, 240)
(137, 168, 138, 169)
(141, 137, 142, 136)
(221, 143, 222, 142)
(197, 221, 198, 220)
(198, 189, 199, 190)
(185, 188, 186, 189)
(184, 205, 185, 206)
(206, 243, 207, 244)
(207, 273, 208, 272)
(273, 209, 274, 208)
(209, 275, 210, 274)
(210, 171, 211, 172)
(211, 264, 212, 265)
(263, 212, 264, 213)
(213, 36, 214, 37)
(37, 214, 38, 215)
(281, 39, 282, 38)
(54, 39, 55, 40)
(55, 50, 56, 51)
(49, 56, 50, 57)
(2, 57, 3, 58)
(1, 49, 2, 48)
(284, 47, 285, 48)
(144, 283, 145, 284)
(143, 154, 144, 155)
(160, 155, 161, 156)
(156, 159, 157, 160)
(158, 126, 159, 125)
(126, 158, 127, 157)
(222, 127, 223, 128)
(106, 223, 107, 224)
(224, 105, 225, 106)
(228, 226, 229, 225)
(227, 134, 228, 135)
(236, 135, 237, 136)
(237, 140, 238, 141)
(139, 167, 140, 166)
(238, 167, 239, 168)
(235, 131, 236, 130)
(129, 231, 130, 230)
(229, 129, 230, 128)
(234, 232, 235, 231)
(132, 234, 133, 233)
(133, 226, 134, 227)
(232, 132, 233, 131)
(153, 153, 154, 152)
(146, 152, 147, 151)
(147, 197, 148, 196)
(195, 149, 196, 148)
(149, 195, 150, 194)
(193, 151, 194, 150)
(192, 192, 193, 191)
(219, 191, 220, 190)
(218, 202, 219, 201)
(200, 188, 201, 187)
(186, 200, 187, 199)
(202, 218, 203, 217)
(203, 253, 204, 252)
(253, 205, 254, 204)
(183, 254, 184, 255)
(255, 182, 256, 183)
(181, 245, 182, 244)
(177, 181, 178, 180)
(271, 178, 272, 179)
(179, 270, 180, 271)
(269, 266, 270, 267)
(172, 268, 173, 267)
(268, 174, 269, 173)
(265, 175, 266, 174)
(175, 247, 176, 246)
(247, 259, 248, 258)
(259, 249, 260, 248)
(262, 249, 263, 250)
(215, 251, 216, 250)
(251, 217, 252, 216)
(261, 257, 262, 256)
(257, 261, 258, 260)
(245, 177, 246, 176)
(282, 145, 283, 146)
(46, 285, 47, 286)
(286, 43, 287, 44)
(291, 42, 292, 43)
(290, 53, 291, 54)
(52, 289, 53, 290)
(40, 51, 41, 52)
(288, 42, 289, 41)
(287, 292, 288, 293)
(293, 45, 0, 44)
(45, 1, 46, 0)
