(96, 103, 97, 104)
(104, 101, 105, 102)
(43, 100, 44, 101)
(97, 42, 98, 43)
(86, 42, 87, 41)
(28, 88, 29, 87)
(88, 28, 89, 27)
(26, 90, 27, 89)
(10, 26, 11, 25)
(94, 11, 95, 12)
(102, 95, 103, 96)
(12, 154, 13, 153)
(105, 155, 106, 154)
(46, 156, 47, 155)
(45, 98, 46, 99)
(99, 44, 100, 45)
(156, 246, 157, 245)
(246, 70, 247, 69)
(70, 164, 71, 163)
(164, 278, 165, 277)
(278, 86, 279, 85)
(279, 240, 280, 241)
(239, 280, 240, 281)
(281, 41, 282, 40)
(37, 283, 38, 282)
(29, 36, 30, 37)
(35, 3, 36, 2)
(1, 7, 2, 6)
(8, 6, 9, 5)
(9, 90, 10, 91)
(91, 286, 92, 287)
(285, 92, 286, 93)
(93, 25, 94, 24)
(23, 38, 24, 39)
(39, 22, 40, 23)
(21, 117, 22, 116)
(134, 115, 135, 116)
(148, 134, 149, 133)
(132, 150, 133, 149)
(131, 152, 132, 153)
(130, 120, 131, 119)
(118, 14, 119, 13)
(117, 109, 118, 108)
(107, 239, 108, 238)
(237, 107, 238, 106)
(233, 236, 234, 237)
(243, 233, 244, 232)
(47, 245, 48, 244)
(81, 49, 82, 48)
(75, 80, 76, 81)
(157, 74, 158, 75)
(68, 74, 69, 73)
(72, 248, 73, 247)
(162, 72, 163, 71)
(250, 162, 251, 161)
(62, 252, 63, 251)
(264, 62, 265, 61)
(268, 265, 269, 266)
(276, 269, 277, 270)
(270, 55, 271, 56)
(165, 173, 166, 172)
(84, 173, 85, 174)
(174, 83, 175, 84)
(82, 175, 83, 176)
(176, 180, 177, 179)
(241, 181, 242, 180)
(226, 181, 227, 182)
(182, 227, 183, 228)
(234, 184, 235, 183)
(184, 236, 185, 235)
(198, 185, 199, 186)
(199, 216, 200, 217)
(215, 195, 216, 194)
(224, 194, 225, 193)
(228, 225, 229, 226)
(229, 243, 230, 242)
(177, 230, 178, 231)
(231, 178, 232, 179)
(192, 220, 193, 219)
(218, 197, 219, 198)
(186, 217, 187, 218)
(187, 196, 188, 197)
(195, 201, 196, 200)
(206, 201, 207, 202)
(202, 207, 203, 208)
(190, 203, 191, 204)
(210, 191, 211, 192)
(211, 221, 212, 220)
(214, 221, 215, 222)
(222, 213, 223, 214)
(212, 223, 213, 224)
(204, 210, 205, 209)
(188, 206, 189, 205)
(208, 190, 209, 189)
(166, 49, 167, 50)
(167, 55, 168, 54)
(51, 169, 52, 168)
(50, 171, 51, 172)
(53, 171, 54, 170)
(169, 53, 170, 52)
(56, 271, 57, 272)
(57, 79, 58, 78)
(79, 76, 80, 77)
(77, 59, 78, 58)
(272, 59, 273, 60)
(60, 273, 61, 274)
(274, 268, 275, 267)
(266, 276, 267, 275)
(263, 65, 264, 64)
(66, 64, 67, 63)
(67, 158, 68, 159)
(248, 160, 249, 159)
(160, 250, 161, 249)
(254, 257, 255, 258)
(256, 260, 257, 259)
(258, 261, 259, 262)
(253, 263, 254, 262)
(252, 65, 253, 66)
(260, 256, 261, 255)
(20, 109, 21, 110)
(110, 17, 111, 18)
(16, 111, 17, 112)
(141, 113, 142, 112)
(113, 141, 114, 140)
(114, 135, 115, 136)
(136, 127, 137, 128)
(121, 127, 122, 126)
(147, 122, 148, 123)
(150, 124, 151, 123)
(124, 152, 125, 151)
(125, 146, 126, 147)
(145, 121, 146, 120)
(144, 129, 145, 130)
(138, 144, 139, 143)
(142, 140, 143, 139)
(128, 137, 129, 138)
(18, 16, 19, 15)
(14, 20, 15, 19)
(31, 285, 32, 284)
(283, 33, 284, 32)
(33, 30, 34, 31)
(3, 35, 4, 34)
(287, 4, 0, 5)
(7, 1, 8, 0)
