(2, 198, 3, 197)
(198, 201, 199, 202)
(289, 200, 0, 201)
(1, 289, 2, 288)
(287, 202, 288, 203)
(13, 13, 14, 12)
(19, 14, 20, 15)
(209, 20, 210, 21)
(210, 214, 211, 213)
(3, 215, 4, 214)
(204, 216, 205, 215)
(203, 286, 204, 287)
(221, 196, 222, 197)
(220, 101, 221, 102)
(102, 219, 103, 220)
(218, 277, 219, 278)
(25, 279, 26, 278)
(24, 11, 25, 12)
(207, 23, 208, 22)
(15, 209, 16, 208)
(21, 17, 22, 16)
(206, 18, 207, 17)
(205, 7, 206, 6)
(212, 6, 213, 5)
(4, 212, 5, 211)
(7, 285, 8, 284)
(285, 216, 286, 217)
(26, 217, 27, 218)
(27, 49, 28, 48)
(28, 55, 29, 56)
(54, 29, 55, 30)
(30, 53, 31, 54)
(52, 31, 53, 32)
(32, 51, 33, 52)
(50, 59, 51, 60)
(60, 49, 61, 50)
(61, 222, 62, 223)
(62, 196, 63, 195)
(100, 104, 101, 103)
(99, 90, 100, 91)
(91, 78, 92, 79)
(77, 240, 78, 241)
(241, 224, 242, 225)
(223, 242, 224, 243)
(243, 47, 244, 46)
(276, 47, 277, 48)
(275, 57, 276, 56)
(57, 275, 58, 274)
(58, 33, 59, 34)
(34, 246, 35, 245)
(43, 246, 44, 247)
(44, 272, 45, 271)
(272, 46, 273, 45)
(244, 274, 245, 273)
(270, 42, 271, 41)
(249, 41, 250, 40)
(250, 35, 251, 36)
(251, 265, 252, 264)
(265, 253, 266, 252)
(253, 262, 254, 263)
(261, 268, 262, 269)
(248, 270, 249, 269)
(247, 42, 248, 43)
(39, 261, 40, 260)
(256, 260, 257, 259)
(36, 258, 37, 257)
(258, 38, 259, 37)
(255, 39, 256, 38)
(254, 268, 255, 267)
(263, 267, 264, 266)
(172, 151, 173, 152)
(164, 173, 165, 174)
(194, 165, 195, 166)
(166, 189, 167, 190)
(188, 167, 189, 168)
(65, 169, 66, 168)
(169, 65, 170, 64)
(63, 171, 64, 170)
(171, 67, 172, 66)
(138, 68, 139, 67)
(128, 138, 129, 137)
(129, 104, 130, 105)
(105, 130, 106, 131)
(106, 123, 107, 124)
(122, 111, 123, 112)
(112, 121, 113, 122)
(95, 121, 96, 120)
(87, 96, 88, 97)
(83, 89, 84, 88)
(89, 83, 90, 82)
(81, 98, 82, 99)
(85, 81, 86, 80)
(79, 87, 80, 86)
(97, 84, 98, 85)
(119, 114, 120, 115)
(115, 118, 116, 119)
(117, 73, 118, 72)
(92, 71, 93, 72)
(75, 71, 76, 70)
(239, 76, 240, 77)
(139, 239, 140, 238)
(140, 225, 141, 226)
(144, 142, 145, 141)
(150, 144, 151, 143)
(142, 150, 143, 149)
(231, 148, 232, 149)
(230, 236, 231, 235)
(234, 237, 235, 238)
(146, 233, 147, 234)
(226, 145, 227, 146)
(232, 228, 233, 227)
(147, 228, 148, 229)
(236, 230, 237, 229)
(69, 126, 70, 127)
(127, 68, 128, 69)
(136, 126, 137, 125)
(124, 132, 125, 131)
(109, 133, 110, 132)
(133, 109, 134, 108)
(107, 135, 108, 134)
(135, 111, 136, 110)
(74, 93, 75, 94)
(113, 95, 114, 94)
(73, 117, 74, 116)
(187, 178, 188, 179)
(184, 180, 185, 179)
(183, 153, 184, 152)
(175, 182, 176, 183)
(174, 163, 175, 164)
(162, 157, 163, 158)
(158, 161, 159, 162)
(160, 192, 161, 191)
(190, 193, 191, 194)
(192, 160, 193, 159)
(156, 177, 157, 178)
(186, 156, 187, 155)
(154, 186, 155, 185)
(153, 181, 154, 180)
(181, 176, 182, 177)
(281, 8, 282, 9)
(9, 282, 10, 283)
(10, 279, 11, 280)
(280, 284, 281, 283)
(23, 18, 24, 19)
(199, 0, 200, 1)
