(7, 248, 8, 249)
(310, 248, 311, 247)
(317, 5, 0, 4)
(1, 7, 2, 6)
(2, 9, 3, 10)
(249, 8, 250, 9)
(307, 251, 308, 250)
(309, 307, 310, 306)
(305, 252, 306, 253)
(16, 253, 17, 254)
(17, 247, 18, 246)
(18, 276, 19, 275)
(283, 276, 284, 277)
(284, 293, 285, 294)
(295, 293, 296, 292)
(296, 311, 297, 312)
(297, 317, 298, 316)
(13, 299, 14, 298)
(12, 303, 13, 304)
(304, 11, 305, 12)
(10, 3, 11, 4)
(282, 279, 283, 280)
(280, 277, 281, 278)
(278, 281, 279, 282)
(302, 15, 303, 16)
(286, 301, 287, 302)
(294, 285, 295, 286)
(300, 287, 301, 288)
(313, 289, 314, 288)
(291, 313, 292, 312)
(315, 291, 316, 290)
(289, 315, 290, 314)
(299, 15, 300, 14)
(38, 19, 39, 20)
(254, 40, 255, 39)
(40, 259, 41, 260)
(258, 261, 259, 262)
(262, 246, 263, 245)
(263, 27, 264, 26)
(27, 22, 28, 23)
(21, 274, 22, 275)
(20, 37, 21, 38)
(36, 270, 37, 269)
(268, 65, 269, 66)
(83, 66, 84, 67)
(91, 85, 92, 84)
(85, 91, 86, 90)
(255, 87, 256, 86)
(87, 257, 88, 256)
(42, 258, 43, 257)
(260, 41, 261, 42)
(88, 43, 89, 44)
(44, 89, 45, 90)
(45, 245, 46, 244)
(46, 56, 47, 55)
(56, 267, 57, 268)
(266, 25, 267, 26)
(24, 265, 25, 266)
(264, 23, 265, 24)
(64, 58, 65, 57)
(63, 33, 64, 32)
(31, 270, 32, 271)
(271, 30, 272, 31)
(29, 272, 30, 273)
(273, 28, 274, 29)
(62, 60, 63, 59)
(58, 35, 59, 36)
(61, 34, 62, 35)
(33, 60, 34, 61)
(47, 74, 48, 75)
(68, 74, 69, 73)
(69, 81, 70, 80)
(81, 71, 82, 70)
(71, 83, 72, 82)
(79, 73, 80, 72)
(67, 78, 68, 79)
(77, 93, 78, 92)
(76, 53, 77, 54)
(54, 244, 55, 243)
(242, 76, 243, 75)
(241, 234, 242, 235)
(235, 240, 236, 241)
(152, 239, 153, 240)
(151, 49, 152, 48)
(150, 94, 151, 93)
(149, 52, 150, 53)
(203, 149, 204, 148)
(199, 205, 200, 204)
(215, 198, 216, 199)
(233, 215, 234, 214)
(192, 214, 193, 213)
(212, 194, 213, 193)
(116, 211, 117, 212)
(115, 155, 116, 154)
(153, 237, 154, 236)
(126, 238, 127, 237)
(238, 126, 239, 125)
(124, 127, 125, 128)
(128, 123, 129, 124)
(122, 114, 123, 113)
(112, 96, 113, 95)
(94, 50, 95, 49)
(50, 202, 51, 201)
(202, 52, 203, 51)
(200, 147, 201, 148)
(146, 109, 147, 110)
(110, 145, 111, 146)
(107, 144, 108, 145)
(119, 106, 120, 107)
(118, 208, 119, 207)
(206, 228, 207, 227)
(226, 206, 227, 205)
(225, 230, 226, 231)
(218, 232, 219, 231)
(217, 196, 218, 197)
(197, 216, 198, 217)
(195, 232, 196, 233)
(191, 195, 192, 194)
(223, 190, 224, 191)
(189, 222, 190, 223)
(117, 188, 118, 189)
(187, 208, 188, 209)
(156, 210, 157, 209)
(210, 156, 211, 155)
(157, 182, 158, 183)
(131, 130, 132, 131)
(129, 114, 130, 115)
(97, 133, 98, 132)
(96, 121, 97, 122)
(143, 121, 144, 120)
(169, 142, 170, 143)
(105, 169, 106, 168)
(164, 167, 165, 168)
(186, 164, 187, 163)
(160, 184, 161, 183)
(159, 180, 160, 181)
(181, 158, 182, 159)
(179, 172, 180, 173)
(134, 174, 135, 173)
(133, 99, 134, 98)
(138, 99, 139, 100)
(139, 170, 140, 171)
(140, 102, 141, 101)
(102, 142, 103, 141)
(103, 166, 104, 167)
(165, 104, 166, 105)
(171, 101, 172, 100)
(176, 137, 177, 138)
(175, 178, 176, 179)
(174, 136, 175, 135)
(136, 177, 137, 178)
(184, 162, 185, 161)
(162, 186, 163, 185)
(228, 221, 229, 222)
(220, 229, 221, 230)
(224, 220, 225, 219)
(111, 108, 112, 109)
(251, 309, 252, 308)
(5, 1, 6, 0)
