(67, 33, 68, 32)
(64, 31, 65, 32)
(63, 15, 64, 14)
(8, 13, 9, 14)
(7, 89, 8, 88)
(70, 87, 71, 88)
(69, 36, 70, 37)
(37, 68, 38, 69)
(38, 33, 39, 34)
(39, 299, 40, 298)
(299, 41, 300, 40)
(41, 26, 42, 27)
(25, 42, 26, 43)
(43, 67, 44, 66)
(65, 45, 66, 44)
(50, 45, 51, 46)
(46, 51, 47, 52)
(47, 21, 48, 20)
(21, 18, 22, 19)
(17, 28, 18, 29)
(29, 16, 30, 17)
(15, 30, 16, 31)
(58, 28, 59, 27)
(59, 63, 60, 62)
(11, 60, 12, 61)
(12, 9, 13, 10)
(61, 10, 62, 11)
(57, 54, 58, 55)
(55, 25, 56, 24)
(23, 57, 24, 56)
(53, 22, 54, 23)
(49, 53, 50, 52)
(19, 49, 20, 48)
(300, 304, 301, 303)
(304, 6, 305, 5)
(89, 7, 90, 6)
(90, 106, 91, 105)
(106, 172, 107, 171)
(83, 172, 84, 173)
(84, 77, 85, 78)
(76, 85, 77, 86)
(86, 71, 87, 72)
(75, 73, 76, 72)
(74, 73, 75, 74)
(176, 264, 177, 263)
(265, 263, 266, 262)
(35, 35, 36, 34)
(267, 266, 268, 267)
(280, 276, 281, 275)
(279, 284, 280, 285)
(258, 285, 259, 286)
(286, 259, 287, 260)
(287, 254, 288, 255)
(232, 254, 233, 253)
(194, 233, 195, 234)
(195, 199, 196, 198)
(248, 199, 249, 200)
(200, 249, 201, 250)
(201, 227, 202, 226)
(227, 141, 228, 140)
(141, 151, 142, 150)
(166, 151, 167, 152)
(302, 167, 303, 168)
(168, 301, 169, 302)
(169, 171, 170, 170)
(160, 111, 161, 112)
(110, 108, 111, 107)
(118, 109, 119, 110)
(120, 118, 121, 117)
(121, 137, 122, 136)
(182, 138, 183, 137)
(178, 182, 179, 181)
(179, 80, 180, 81)
(79, 82, 80, 83)
(78, 174, 79, 173)
(174, 177, 175, 178)
(264, 176, 265, 175)
(81, 180, 82, 181)
(193, 253, 194, 252)
(251, 218, 252, 219)
(219, 250, 220, 251)
(220, 211, 221, 212)
(210, 225, 211, 226)
(202, 209, 203, 210)
(208, 217, 209, 218)
(207, 213, 208, 212)
(206, 216, 207, 215)
(214, 206, 215, 205)
(223, 205, 224, 204)
(224, 221, 225, 222)
(203, 223, 204, 222)
(216, 214, 217, 213)
(192, 232, 193, 231)
(230, 139, 231, 140)
(188, 229, 189, 230)
(228, 187, 229, 188)
(149, 187, 150, 186)
(185, 147, 186, 146)
(145, 143, 146, 142)
(144, 154, 145, 153)
(152, 165, 153, 166)
(159, 163, 160, 162)
(112, 161, 113, 162)
(158, 114, 159, 113)
(108, 119, 109, 120)
(114, 158, 115, 157)
(134, 115, 135, 116)
(116, 135, 117, 136)
(133, 157, 134, 156)
(155, 131, 156, 130)
(124, 129, 125, 130)
(128, 123, 129, 124)
(122, 127, 123, 128)
(183, 126, 184, 127)
(125, 184, 126, 185)
(154, 144, 155, 143)
(164, 131, 165, 132)
(132, 163, 133, 164)
(190, 147, 191, 148)
(138, 192, 139, 191)
(148, 189, 149, 190)
(247, 242, 248, 243)
(240, 244, 241, 243)
(234, 239, 235, 240)
(238, 197, 239, 198)
(196, 237, 197, 238)
(236, 245, 237, 246)
(241, 246, 242, 247)
(244, 235, 245, 236)
(288, 262, 289, 261)
(289, 282, 290, 283)
(281, 290, 282, 291)
(294, 291, 295, 292)
(295, 268, 296, 269)
(273, 296, 274, 297)
(297, 274, 298, 275)
(269, 273, 270, 272)
(270, 294, 271, 293)
(292, 272, 293, 271)
(276, 284, 277, 283)
(277, 257, 278, 256)
(257, 279, 258, 278)
(255, 261, 256, 260)
(91, 5, 92, 4)
(92, 305, 93, 306)
(93, 105, 94, 104)
(94, 4, 95, 3)
(102, 95, 103, 96)
(306, 104, 307, 103)
(307, 98, 0, 99)
(100, 98, 101, 97)
(2, 101, 3, 102)
(96, 1, 97, 2)
(99, 0, 100, 1)
