(293, 118, 294, 119)
(117, 7, 118, 6)
(106, 5, 107, 6)
(108, 106, 109, 105)
(109, 114, 110, 115)
(113, 97, 114, 96)
(95, 292, 96, 293)
(94, 169, 95, 170)
(119, 171, 120, 170)
(171, 92, 172, 93)
(91, 259, 92, 258)
(257, 91, 258, 90)
(89, 9, 90, 8)
(7, 295, 8, 294)
(295, 103, 296, 102)
(116, 103, 117, 104)
(104, 4, 105, 3)
(4, 107, 5, 108)
(115, 2, 116, 3)
(1, 85, 2, 84)
(98, 83, 99, 84)
(110, 97, 111, 98)
(111, 82, 112, 83)
(81, 112, 82, 113)
(80, 291, 81, 292)
(79, 54, 80, 55)
(55, 78, 56, 79)
(77, 53, 78, 52)
(44, 51, 45, 52)
(43, 168, 44, 169)
(42, 50, 43, 49)
(48, 42, 49, 41)
(40, 160, 41, 159)
(137, 158, 138, 159)
(153, 136, 154, 137)
(121, 152, 122, 153)
(120, 93, 121, 94)
(151, 175, 152, 174)
(148, 174, 149, 173)
(172, 150, 173, 149)
(150, 147, 151, 148)
(179, 147, 180, 146)
(145, 181, 146, 180)
(144, 260, 145, 259)
(143, 205, 144, 204)
(198, 204, 199, 203)
(256, 199, 257, 200)
(27, 201, 28, 200)
(26, 23, 27, 24)
(285, 24, 286, 25)
(286, 289, 287, 290)
(288, 10, 289, 9)
(10, 288, 11, 287)
(290, 11, 291, 12)
(15, 13, 16, 12)
(281, 15, 282, 14)
(282, 279, 283, 280)
(17, 279, 18, 278)
(18, 21, 19, 22)
(20, 59, 21, 60)
(57, 61, 58, 60)
(53, 57, 54, 56)
(76, 72, 77, 71)
(165, 71, 166, 70)
(45, 167, 46, 166)
(50, 167, 51, 168)
(46, 161, 47, 162)
(160, 47, 161, 48)
(67, 163, 68, 162)
(63, 66, 64, 67)
(35, 63, 36, 62)
(36, 229, 37, 230)
(228, 37, 229, 38)
(38, 209, 39, 210)
(208, 39, 209, 40)
(140, 207, 141, 208)
(139, 156, 140, 157)
(157, 138, 158, 139)
(155, 195, 156, 194)
(193, 155, 194, 154)
(192, 124, 193, 123)
(135, 123, 136, 122)
(134, 125, 135, 126)
(126, 133, 127, 134)
(132, 127, 133, 128)
(128, 131, 129, 132)
(177, 131, 178, 130)
(178, 175, 179, 176)
(129, 177, 130, 176)
(124, 192, 125, 191)
(190, 264, 191, 263)
(262, 188, 263, 187)
(186, 262, 187, 261)
(260, 182, 261, 181)
(185, 183, 186, 182)
(189, 185, 190, 184)
(183, 189, 184, 188)
(195, 264, 196, 265)
(205, 197, 206, 196)
(142, 197, 143, 198)
(266, 142, 267, 141)
(210, 267, 211, 268)
(211, 273, 212, 272)
(273, 251, 274, 250)
(30, 252, 31, 251)
(254, 30, 255, 29)
(202, 255, 203, 256)
(201, 29, 202, 28)
(276, 254, 277, 253)
(22, 277, 23, 278)
(252, 276, 253, 275)
(31, 275, 32, 274)
(32, 61, 33, 62)
(33, 72, 34, 73)
(73, 34, 74, 35)
(65, 75, 66, 74)
(75, 65, 76, 64)
(249, 214, 250, 215)
(215, 222, 216, 223)
(244, 222, 245, 221)
(245, 242, 246, 243)
(241, 224, 242, 225)
(225, 235, 226, 234)
(238, 236, 239, 235)
(230, 237, 231, 238)
(236, 231, 237, 232)
(227, 232, 228, 233)
(233, 241, 234, 240)
(226, 239, 227, 240)
(248, 224, 249, 223)
(218, 248, 219, 247)
(219, 216, 220, 217)
(220, 244, 221, 243)
(246, 218, 247, 217)
(270, 214, 271, 213)
(268, 272, 269, 271)
(212, 270, 213, 269)
(265, 206, 266, 207)
(163, 69, 164, 68)
(69, 165, 70, 164)
(58, 19, 59, 20)
(16, 283, 17, 284)
(25, 284, 26, 285)
(13, 281, 14, 280)
(99, 298, 100, 299)
(297, 100, 298, 101)
(88, 101, 89, 102)
(296, 87, 297, 88)
(299, 87, 0, 86)
(85, 1, 86, 0)
