(119, 115, 120, 114)
(178, 115, 179, 116)
(179, 119, 180, 118)
(117, 181, 118, 180)
(181, 117, 182, 116)
(182, 162, 183, 161)
(162, 184, 163, 183)
(184, 149, 185, 150)
(148, 185, 149, 186)
(113, 186, 114, 187)
(262, 187, 263, 188)
(18, 264, 19, 263)
(17, 266, 18, 267)
(267, 16, 268, 17)
(15, 3, 16, 2)
(316, 1, 317, 2)
(10, 315, 11, 316)
(314, 9, 315, 10)
(28, 314, 29, 313)
(312, 30, 313, 29)
(104, 312, 105, 311)
(120, 106, 121, 105)
(106, 151, 107, 152)
(150, 153, 151, 154)
(177, 154, 178, 155)
(155, 158, 156, 159)
(170, 158, 171, 157)
(171, 168, 172, 169)
(160, 168, 161, 167)
(173, 167, 174, 166)
(165, 175, 166, 174)
(175, 165, 176, 164)
(163, 177, 164, 176)
(159, 172, 160, 173)
(156, 170, 157, 169)
(152, 107, 153, 108)
(125, 109, 126, 108)
(109, 125, 110, 124)
(110, 148, 111, 147)
(111, 241, 112, 240)
(241, 113, 242, 112)
(191, 243, 192, 242)
(261, 191, 262, 190)
(282, 189, 283, 190)
(188, 281, 189, 282)
(280, 43, 281, 44)
(275, 45, 276, 44)
(274, 20, 275, 19)
(273, 271, 274, 270)
(264, 269, 265, 270)
(268, 265, 269, 266)
(3, 272, 4, 273)
(271, 4, 272, 5)
(8, 5, 9, 6)
(21, 7, 22, 6)
(20, 23, 21, 24)
(47, 24, 48, 25)
(48, 58, 49, 57)
(58, 68, 59, 67)
(68, 60, 69, 59)
(60, 64, 61, 63)
(71, 64, 72, 65)
(25, 74, 26, 75)
(30, 76, 31, 75)
(103, 76, 104, 77)
(77, 102, 78, 103)
(94, 102, 95, 101)
(100, 96, 101, 95)
(236, 100, 237, 99)
(310, 237, 311, 238)
(238, 193, 239, 194)
(192, 239, 193, 240)
(194, 255, 195, 256)
(254, 244, 255, 243)
(253, 248, 254, 249)
(260, 249, 261, 250)
(250, 283, 251, 284)
(284, 251, 285, 252)
(285, 202, 286, 203)
(201, 286, 202, 287)
(82, 288, 83, 287)
(81, 36, 82, 37)
(46, 38, 47, 37)
(38, 46, 39, 45)
(276, 39, 277, 40)
(42, 277, 43, 278)
(278, 41, 279, 42)
(40, 279, 41, 280)
(80, 33, 81, 34)
(34, 31, 35, 32)
(78, 36, 79, 35)
(32, 79, 33, 80)
(288, 84, 289, 83)
(93, 84, 94, 85)
(85, 92, 86, 93)
(91, 86, 92, 87)
(296, 87, 297, 88)
(297, 96, 298, 97)
(97, 298, 98, 299)
(98, 236, 99, 235)
(301, 235, 302, 234)
(302, 306, 303, 305)
(306, 215, 307, 216)
(214, 309, 215, 310)
(226, 213, 227, 214)
(225, 210, 226, 211)
(211, 224, 212, 225)
(206, 223, 207, 224)
(222, 205, 223, 206)
(204, 221, 205, 222)
(203, 201, 204, 200)
(258, 199, 259, 200)
(196, 257, 197, 258)
(256, 195, 257, 196)
(246, 197, 247, 198)
(247, 244, 248, 245)
(198, 245, 199, 246)
(252, 259, 253, 260)
(220, 233, 221, 234)
(219, 304, 220, 305)
(303, 218, 304, 219)
(217, 233, 218, 232)
(231, 217, 232, 216)
(230, 308, 231, 307)
(308, 230, 309, 229)
(207, 229, 208, 228)
(227, 209, 228, 208)
(209, 213, 210, 212)
(291, 301, 292, 300)
(292, 289, 293, 290)
(293, 89, 294, 88)
(89, 295, 90, 294)
(295, 91, 296, 90)
(299, 291, 300, 290)
(51, 52, 52, 53)
(50, 54, 51, 53)
(56, 50, 57, 49)
(66, 56, 67, 55)
(54, 66, 55, 65)
(73, 26, 74, 27)
(27, 72, 28, 73)
(70, 61, 71, 62)
(62, 69, 63, 70)
(7, 23, 8, 22)
(146, 142, 147, 141)
(140, 122, 141, 121)
(139, 134, 140, 135)
(135, 126, 136, 127)
(127, 136, 128, 137)
(131, 128, 132, 129)
(143, 133, 144, 132)
(142, 123, 143, 124)
(145, 123, 146, 122)
(133, 145, 134, 144)
(138, 129, 139, 130)
(130, 137, 131, 138)
(11, 15, 12, 14)
(317, 13, 0, 12)
(13, 1, 14, 0)
