(201, 292, 202, 293)
(291, 200, 292, 201)
(290, 294, 291, 293)
(289, 2, 290, 3)
(3, 306, 4, 307)
(305, 4, 306, 5)
(286, 6, 287, 5)
(268, 286, 269, 285)
(204, 270, 205, 269)
(203, 272, 204, 273)
(273, 202, 274, 203)
(121, 274, 122, 275)
(213, 122, 214, 123)
(37, 215, 38, 214)
(36, 39, 37, 40)
(40, 167, 41, 168)
(199, 167, 200, 166)
(146, 166, 147, 165)
(147, 10, 148, 11)
(9, 295, 10, 294)
(309, 8, 0, 9)
(308, 1, 309, 2)
(288, 308, 289, 307)
(304, 288, 305, 287)
(303, 7, 304, 6)
(157, 303, 158, 302)
(158, 12, 159, 11)
(17, 12, 18, 13)
(13, 18, 14, 19)
(19, 14, 20, 15)
(161, 20, 162, 21)
(162, 24, 163, 23)
(267, 24, 268, 25)
(25, 206, 26, 207)
(284, 206, 285, 205)
(283, 114, 284, 115)
(128, 115, 129, 116)
(129, 270, 130, 271)
(271, 130, 272, 131)
(131, 117, 132, 116)
(117, 121, 118, 120)
(118, 277, 119, 278)
(279, 277, 280, 276)
(275, 281, 276, 280)
(132, 281, 133, 282)
(212, 133, 213, 134)
(134, 140, 135, 139)
(140, 125, 141, 126)
(31, 124, 32, 125)
(123, 30, 124, 31)
(29, 34, 30, 35)
(216, 36, 217, 35)
(215, 39, 216, 38)
(220, 218, 221, 217)
(258, 220, 259, 219)
(259, 179, 260, 178)
(170, 180, 171, 179)
(169, 183, 170, 182)
(181, 169, 182, 168)
(180, 183, 181, 184)
(184, 57, 185, 58)
(51, 57, 52, 56)
(52, 41, 53, 42)
(53, 199, 54, 198)
(43, 54, 44, 55)
(49, 45, 50, 44)
(45, 49, 46, 48)
(193, 47, 194, 46)
(61, 193, 62, 192)
(191, 63, 192, 62)
(190, 65, 191, 66)
(263, 66, 264, 67)
(264, 110, 265, 109)
(110, 266, 111, 265)
(266, 146, 267, 145)
(144, 111, 145, 112)
(112, 27, 113, 28)
(207, 26, 208, 27)
(208, 114, 209, 113)
(126, 209, 127, 210)
(282, 127, 283, 128)
(210, 137, 211, 138)
(136, 211, 137, 212)
(138, 136, 139, 135)
(28, 143, 29, 144)
(33, 142, 34, 143)
(141, 32, 142, 33)
(108, 105, 109, 106)
(106, 251, 107, 252)
(250, 87, 251, 88)
(221, 89, 222, 88)
(92, 90, 93, 89)
(91, 224, 92, 225)
(225, 177, 226, 176)
(256, 177, 257, 178)
(218, 258, 219, 257)
(255, 173, 256, 172)
(171, 261, 172, 260)
(261, 77, 262, 76)
(77, 263, 78, 262)
(67, 79, 68, 78)
(79, 69, 80, 68)
(74, 69, 75, 70)
(84, 75, 85, 76)
(85, 254, 86, 255)
(253, 104, 254, 105)
(252, 107, 253, 108)
(103, 86, 104, 87)
(102, 235, 103, 236)
(236, 101, 237, 102)
(249, 101, 250, 100)
(99, 249, 100, 248)
(94, 247, 95, 248)
(222, 93, 223, 94)
(223, 90, 224, 91)
(246, 95, 247, 96)
(96, 245, 97, 246)
(244, 175, 245, 176)
(226, 243, 227, 244)
(173, 242, 174, 243)
(241, 234, 242, 235)
(233, 240, 234, 241)
(237, 232, 238, 233)
(231, 238, 232, 239)
(239, 230, 240, 231)
(229, 98, 230, 99)
(97, 228, 98, 229)
(227, 174, 228, 175)
(83, 81, 84, 80)
(71, 82, 72, 83)
(70, 73, 71, 74)
(81, 72, 82, 73)
(64, 189, 65, 190)
(188, 63, 189, 64)
(187, 59, 188, 58)
(185, 61, 186, 60)
(59, 187, 60, 186)
(47, 195, 48, 194)
(195, 51, 196, 50)
(55, 196, 56, 197)
(197, 42, 198, 43)
(278, 119, 279, 120)
(22, 164, 23, 163)
(164, 22, 165, 21)
(15, 161, 16, 160)
(159, 17, 160, 16)
(301, 149, 302, 148)
(297, 300, 298, 301)
(151, 297, 152, 296)
(295, 153, 296, 152)
(150, 154, 151, 153)
(156, 150, 157, 149)
(298, 155, 299, 156)
(154, 299, 155, 300)
(7, 0, 8, 1)
