(294, 287, 295, 288)
(298, 294, 299, 293)
(288, 300, 289, 299)
(295, 301, 296, 300)
(301, 311, 302, 310)
(311, 303, 312, 302)
(303, 287, 304, 286)
(304, 265, 305, 266)
(264, 279, 265, 280)
(280, 263, 281, 264)
(262, 245, 263, 246)
(291, 246, 292, 247)
(292, 298, 293, 297)
(296, 290, 297, 289)
(315, 22, 316, 23)
(316, 313, 317, 314)
(309, 313, 310, 312)
(281, 309, 282, 308)
(285, 282, 286, 283)
(283, 273, 284, 272)
(273, 270, 274, 271)
(306, 269, 307, 270)
(266, 305, 267, 306)
(276, 268, 277, 267)
(278, 276, 279, 275)
(307, 275, 308, 274)
(268, 278, 269, 277)
(271, 285, 272, 284)
(317, 242, 0, 243)
(241, 244, 242, 245)
(1, 241, 2, 240)
(253, 3, 254, 2)
(5, 253, 6, 252)
(251, 7, 252, 6)
(250, 259, 251, 260)
(260, 249, 261, 250)
(248, 261, 249, 262)
(247, 290, 248, 291)
(21, 16, 22, 17)
(24, 18, 25, 17)
(23, 314, 24, 315)
(18, 240, 19, 239)
(10, 20, 11, 19)
(15, 20, 16, 21)
(14, 11, 15, 12)
(197, 12, 198, 13)
(27, 199, 28, 198)
(189, 27, 190, 26)
(25, 191, 26, 190)
(238, 191, 239, 192)
(192, 184, 193, 183)
(184, 194, 185, 193)
(179, 194, 180, 195)
(195, 180, 196, 181)
(13, 196, 14, 197)
(178, 182, 179, 181)
(38, 178, 39, 177)
(43, 28, 44, 29)
(44, 62, 45, 61)
(53, 62, 54, 63)
(63, 54, 64, 55)
(113, 65, 114, 64)
(112, 166, 113, 165)
(164, 82, 165, 81)
(235, 81, 236, 80)
(199, 237, 200, 236)
(237, 189, 238, 188)
(208, 188, 209, 187)
(186, 210, 187, 209)
(182, 186, 183, 185)
(210, 207, 211, 208)
(206, 211, 207, 212)
(212, 219, 213, 220)
(218, 215, 219, 216)
(37, 216, 38, 217)
(217, 36, 218, 37)
(146, 35, 147, 36)
(34, 145, 35, 146)
(144, 33, 145, 34)
(143, 176, 144, 177)
(30, 40, 31, 39)
(29, 42, 30, 43)
(40, 42, 41, 41)
(31, 142, 32, 143)
(141, 134, 142, 135)
(135, 140, 136, 141)
(139, 136, 140, 137)
(137, 129, 138, 128)
(50, 130, 51, 129)
(49, 58, 50, 59)
(59, 48, 60, 49)
(47, 60, 48, 61)
(57, 46, 58, 47)
(45, 56, 46, 57)
(52, 56, 53, 55)
(130, 52, 131, 51)
(126, 132, 127, 131)
(114, 125, 115, 126)
(169, 125, 170, 124)
(123, 171, 124, 170)
(65, 122, 66, 123)
(166, 121, 167, 122)
(120, 67, 121, 68)
(68, 110, 69, 109)
(110, 70, 111, 69)
(70, 112, 71, 111)
(71, 82, 72, 83)
(163, 72, 164, 73)
(234, 73, 235, 74)
(95, 74, 96, 75)
(96, 100, 97, 99)
(100, 78, 101, 77)
(203, 79, 204, 78)
(79, 203, 80, 202)
(201, 204, 202, 205)
(205, 200, 206, 201)
(152, 102, 153, 101)
(151, 107, 152, 106)
(105, 151, 106, 150)
(149, 221, 150, 220)
(148, 214, 149, 213)
(214, 148, 215, 147)
(104, 222, 105, 221)
(222, 104, 223, 103)
(223, 109, 224, 108)
(155, 224, 156, 225)
(156, 160, 157, 159)
(229, 160, 230, 161)
(84, 83, 85, 84)
(230, 85, 231, 86)
(90, 232, 91, 231)
(232, 90, 233, 89)
(233, 163, 234, 162)
(94, 162, 95, 161)
(88, 93, 89, 94)
(92, 87, 93, 88)
(86, 91, 87, 92)
(228, 157, 229, 158)
(158, 227, 159, 228)
(153, 226, 154, 227)
(225, 154, 226, 155)
(107, 103, 108, 102)
(76, 97, 77, 98)
(98, 75, 99, 76)
(172, 120, 173, 119)
(118, 174, 119, 173)
(174, 118, 175, 117)
(175, 33, 176, 32)
(133, 117, 134, 116)
(115, 133, 116, 132)
(171, 168, 172, 169)
(66, 167, 67, 168)
(127, 139, 128, 138)
(254, 9, 255, 10)
(8, 255, 9, 256)
(3, 257, 4, 256)
(257, 5, 258, 4)
(7, 259, 8, 258)
(243, 0, 244, 1)
