(34, 41, 35, 42)
(40, 35, 41, 36)
(36, 39, 37, 40)
(255, 39, 256, 38)
(251, 256, 252, 257)
(257, 252, 258, 253)
(207, 258, 208, 259)
(259, 208, 260, 209)
(260, 34, 261, 33)
(298, 262, 299, 261)
(297, 164, 298, 165)
(50, 166, 51, 165)
(49, 60, 50, 61)
(64, 61, 65, 62)
(44, 66, 45, 65)
(43, 182, 44, 183)
(183, 42, 184, 43)
(77, 184, 78, 185)
(185, 78, 186, 79)
(186, 175, 187, 176)
(249, 175, 250, 174)
(253, 250, 254, 251)
(37, 255, 38, 254)
(173, 239, 174, 238)
(237, 206, 238, 207)
(217, 237, 218, 236)
(218, 213, 219, 214)
(212, 210, 213, 209)
(211, 203, 212, 202)
(201, 32, 202, 33)
(200, 30, 201, 29)
(159, 29, 160, 28)
(160, 267, 161, 268)
(266, 161, 267, 162)
(162, 299, 163, 0)
(163, 262, 164, 263)
(263, 2, 264, 3)
(1, 264, 2, 265)
(265, 5, 266, 4)
(100, 5, 101, 6)
(101, 297, 102, 296)
(93, 103, 94, 102)
(92, 52, 93, 51)
(91, 56, 92, 57)
(166, 58, 167, 57)
(47, 58, 48, 59)
(59, 48, 60, 49)
(63, 47, 64, 46)
(45, 63, 46, 62)
(167, 90, 168, 91)
(89, 75, 90, 74)
(73, 89, 74, 88)
(87, 73, 88, 72)
(71, 67, 72, 66)
(67, 71, 68, 70)
(68, 84, 69, 83)
(84, 81, 85, 82)
(181, 81, 182, 80)
(76, 80, 77, 79)
(176, 75, 177, 76)
(198, 188, 199, 187)
(188, 198, 189, 197)
(189, 194, 190, 195)
(193, 243, 194, 242)
(248, 242, 249, 241)
(240, 248, 241, 247)
(246, 240, 247, 239)
(245, 172, 246, 173)
(171, 244, 172, 245)
(170, 228, 171, 227)
(226, 205, 227, 206)
(225, 234, 226, 235)
(235, 217, 236, 216)
(215, 222, 216, 223)
(223, 214, 224, 215)
(224, 221, 225, 222)
(220, 234, 221, 233)
(232, 220, 233, 219)
(231, 205, 232, 204)
(203, 211, 204, 210)
(31, 231, 32, 230)
(229, 31, 230, 30)
(228, 170, 229, 169)
(199, 169, 200, 168)
(104, 56, 105, 55)
(105, 27, 106, 26)
(27, 159, 28, 158)
(8, 157, 9, 158)
(7, 269, 8, 268)
(6, 99, 7, 100)
(295, 99, 296, 98)
(97, 295, 98, 294)
(272, 294, 273, 293)
(292, 274, 293, 273)
(291, 276, 292, 277)
(94, 278, 95, 277)
(278, 147, 279, 148)
(53, 146, 54, 147)
(52, 104, 53, 103)
(145, 54, 146, 55)
(25, 145, 26, 144)
(143, 25, 144, 24)
(23, 107, 24, 106)
(22, 109, 23, 110)
(110, 21, 111, 22)
(9, 20, 10, 21)
(19, 10, 20, 11)
(11, 18, 12, 19)
(156, 18, 157, 17)
(16, 156, 17, 155)
(154, 16, 155, 15)
(14, 289, 15, 290)
(95, 290, 96, 291)
(269, 97, 270, 96)
(270, 275, 271, 276)
(274, 271, 275, 272)
(288, 13, 289, 14)
(148, 287, 149, 288)
(286, 280, 287, 279)
(285, 135, 286, 134)
(126, 134, 127, 133)
(132, 128, 133, 127)
(131, 140, 132, 141)
(141, 130, 142, 131)
(129, 142, 130, 143)
(128, 140, 129, 139)
(125, 138, 126, 139)
(115, 125, 116, 124)
(113, 117, 114, 116)
(112, 108, 113, 107)
(108, 112, 109, 111)
(150, 117, 151, 118)
(120, 152, 121, 151)
(152, 120, 153, 119)
(153, 12, 154, 13)
(118, 121, 119, 122)
(122, 149, 123, 150)
(123, 115, 124, 114)
(282, 138, 283, 137)
(283, 280, 284, 281)
(135, 285, 136, 284)
(136, 282, 137, 281)
(85, 178, 86, 179)
(180, 178, 181, 177)
(179, 86, 180, 87)
(243, 193, 244, 192)
(191, 196, 192, 197)
(195, 190, 196, 191)
(82, 70, 83, 69)
(3, 1, 4, 0)
