(297, 294, 298, 295)
(181, 297, 182, 296)
(295, 183, 296, 182)
(183, 189, 184, 188)
(199, 185, 200, 184)
(201, 199, 202, 198)
(197, 203, 198, 202)
(193, 197, 194, 196)
(5, 299, 6, 298)
(247, 4, 248, 5)
(1, 247, 2, 246)
(245, 3, 246, 2)
(244, 0, 245, 307)
(306, 244, 307, 243)
(293, 243, 294, 242)
(254, 242, 255, 241)
(72, 256, 73, 255)
(260, 72, 261, 71)
(178, 262, 179, 261)
(180, 178, 181, 177)
(176, 187, 177, 188)
(186, 175, 187, 176)
(185, 201, 186, 200)
(174, 161, 175, 162)
(162, 203, 163, 204)
(236, 136, 237, 135)
(237, 126, 238, 127)
(125, 238, 126, 239)
(239, 10, 240, 11)
(9, 6, 10, 7)
(192, 7, 193, 8)
(8, 191, 9, 192)
(195, 191, 196, 190)
(189, 195, 190, 194)
(271, 240, 272, 241)
(251, 273, 252, 272)
(273, 251, 274, 250)
(274, 282, 275, 281)
(282, 276, 283, 275)
(301, 276, 302, 277)
(299, 303, 300, 302)
(303, 248, 304, 249)
(289, 304, 290, 305)
(305, 290, 306, 291)
(252, 291, 253, 292)
(292, 253, 293, 254)
(288, 249, 289, 250)
(280, 288, 281, 287)
(286, 284, 287, 283)
(285, 279, 286, 278)
(277, 300, 278, 301)
(279, 285, 280, 284)
(270, 258, 271, 257)
(256, 74, 257, 73)
(74, 269, 75, 270)
(259, 269, 260, 268)
(70, 268, 71, 267)
(233, 267, 234, 266)
(265, 235, 266, 234)
(264, 159, 265, 160)
(160, 263, 161, 264)
(262, 180, 263, 179)
(158, 137, 159, 138)
(138, 174, 139, 173)
(139, 157, 140, 156)
(164, 158, 165, 157)
(204, 163, 205, 164)
(205, 136, 206, 137)
(235, 206, 236, 207)
(207, 91, 208, 90)
(104, 91, 105, 92)
(134, 105, 135, 106)
(127, 107, 128, 106)
(107, 112, 108, 113)
(14, 111, 15, 112)
(13, 116, 14, 117)
(117, 12, 118, 13)
(124, 12, 125, 11)
(226, 124, 227, 123)
(46, 228, 47, 227)
(228, 46, 229, 45)
(258, 75, 259, 76)
(76, 230, 77, 229)
(31, 230, 32, 231)
(69, 32, 70, 33)
(33, 68, 34, 69)
(232, 68, 233, 67)
(35, 67, 36, 66)
(65, 37, 66, 36)
(37, 65, 38, 64)
(38, 90, 39, 89)
(56, 40, 57, 39)
(55, 98, 56, 99)
(208, 100, 209, 99)
(100, 210, 101, 209)
(210, 102, 211, 101)
(102, 93, 103, 94)
(92, 103, 93, 104)
(211, 94, 212, 95)
(219, 213, 220, 212)
(133, 219, 134, 218)
(130, 218, 131, 217)
(128, 132, 129, 131)
(215, 133, 216, 132)
(221, 214, 222, 215)
(220, 223, 221, 224)
(224, 119, 225, 120)
(17, 118, 18, 119)
(16, 116, 17, 115)
(109, 114, 110, 115)
(113, 108, 114, 109)
(110, 15, 111, 16)
(225, 18, 226, 19)
(19, 123, 20, 122)
(121, 21, 122, 20)
(21, 121, 22, 120)
(95, 22, 96, 23)
(23, 96, 24, 97)
(24, 47, 25, 48)
(78, 26, 79, 25)
(44, 78, 45, 77)
(43, 80, 44, 81)
(81, 42, 82, 43)
(30, 42, 31, 41)
(40, 85, 41, 86)
(86, 64, 87, 63)
(87, 60, 88, 61)
(59, 88, 60, 89)
(61, 59, 62, 58)
(57, 63, 58, 62)
(84, 53, 85, 54)
(97, 54, 98, 55)
(52, 83, 53, 84)
(51, 49, 52, 48)
(50, 28, 51, 27)
(26, 80, 27, 79)
(28, 50, 29, 49)
(82, 30, 83, 29)
(213, 222, 214, 223)
(216, 130, 217, 129)
(231, 34, 232, 35)
(140, 165, 141, 166)
(172, 141, 173, 142)
(142, 169, 143, 170)
(168, 155, 169, 156)
(152, 167, 153, 168)
(166, 151, 167, 152)
(150, 148, 151, 147)
(143, 147, 144, 146)
(171, 144, 172, 145)
(145, 170, 146, 171)
(154, 150, 155, 149)
(148, 154, 149, 153)
(3, 0, 4, 1)
