(298, 277, 299, 278)
(276, 297, 277, 298)
(278, 275, 279, 276)
(274, 4, 275, 3)
(2, 0, 3, 299)
(1, 271, 2, 270)
(269, 272, 270, 273)
(273, 268, 274, 269)
(280, 267, 281, 268)
(279, 296, 280, 297)
(266, 295, 267, 296)
(6, 265, 7, 266)
(5, 283, 6, 282)
(281, 5, 282, 4)
(260, 284, 261, 283)
(259, 254, 260, 255)
(255, 258, 256, 259)
(257, 294, 258, 295)
(293, 256, 294, 257)
(292, 10, 293, 9)
(8, 290, 9, 289)
(288, 8, 289, 7)
(262, 287, 263, 288)
(261, 264, 262, 265)
(286, 263, 287, 264)
(285, 105, 286, 104)
(103, 285, 104, 284)
(223, 102, 224, 103)
(222, 225, 223, 226)
(226, 239, 227, 240)
(249, 239, 250, 238)
(253, 250, 254, 251)
(251, 10, 252, 11)
(11, 252, 12, 253)
(65, 76, 66, 77)
(51, 64, 52, 65)
(50, 58, 51, 57)
(56, 46, 57, 45)
(44, 40, 45, 39)
(31, 39, 32, 38)
(291, 32, 292, 33)
(33, 290, 34, 291)
(105, 110, 106, 111)
(109, 98, 110, 99)
(99, 219, 100, 218)
(219, 101, 220, 100)
(101, 224, 102, 225)
(220, 87, 221, 88)
(86, 221, 87, 222)
(88, 86, 89, 85)
(84, 90, 85, 89)
(83, 133, 84, 132)
(131, 83, 132, 82)
(81, 241, 82, 240)
(242, 232, 243, 231)
(227, 233, 228, 232)
(233, 237, 234, 236)
(237, 249, 238, 248)
(234, 248, 235, 247)
(246, 236, 247, 235)
(245, 230, 246, 231)
(229, 244, 230, 245)
(243, 228, 244, 229)
(12, 79, 13, 80)
(77, 42, 78, 43)
(74, 42, 75, 41)
(75, 66, 76, 67)
(67, 72, 68, 73)
(71, 68, 72, 69)
(69, 63, 70, 62)
(63, 52, 64, 53)
(53, 49, 54, 48)
(58, 50, 59, 49)
(59, 55, 60, 54)
(46, 56, 47, 55)
(60, 47, 61, 48)
(61, 71, 62, 70)
(40, 74, 41, 73)
(43, 78, 44, 79)
(13, 35, 14, 34)
(35, 21, 36, 20)
(21, 31, 22, 30)
(22, 38, 23, 37)
(28, 24, 29, 23)
(16, 28, 17, 27)
(26, 18, 27, 17)
(25, 15, 26, 14)
(19, 25, 20, 24)
(18, 15, 19, 16)
(36, 30, 37, 29)
(241, 81, 242, 80)
(130, 150, 131, 149)
(190, 130, 191, 129)
(140, 191, 141, 192)
(141, 149, 142, 148)
(142, 114, 143, 113)
(114, 111, 115, 112)
(163, 161, 164, 160)
(159, 208, 160, 209)
(206, 210, 207, 209)
(212, 206, 213, 205)
(106, 214, 107, 213)
(214, 108, 215, 107)
(97, 108, 98, 109)
(96, 217, 97, 218)
(92, 95, 93, 96)
(133, 135, 134, 134)
(150, 136, 151, 135)
(189, 136, 190, 137)
(128, 137, 129, 138)
(138, 127, 139, 128)
(126, 139, 127, 140)
(125, 193, 126, 192)
(187, 124, 188, 125)
(183, 186, 184, 187)
(182, 118, 183, 117)
(144, 147, 145, 148)
(112, 144, 113, 143)
(115, 146, 116, 147)
(145, 116, 146, 117)
(122, 182, 123, 181)
(164, 124, 165, 123)
(178, 165, 179, 166)
(166, 179, 167, 180)
(167, 176, 168, 177)
(184, 175, 185, 176)
(174, 185, 175, 186)
(173, 170, 174, 171)
(118, 172, 119, 171)
(172, 120, 173, 119)
(120, 169, 121, 170)
(168, 121, 169, 122)
(177, 181, 178, 180)
(193, 188, 194, 189)
(151, 194, 152, 195)
(195, 152, 196, 153)
(155, 196, 156, 197)
(161, 157, 162, 156)
(157, 163, 158, 162)
(207, 158, 208, 159)
(197, 94, 198, 95)
(93, 198, 94, 199)
(210, 200, 211, 199)
(200, 212, 201, 211)
(201, 205, 202, 204)
(202, 215, 203, 216)
(216, 203, 217, 204)
(154, 91, 155, 92)
(90, 153, 91, 154)
(271, 1, 272, 0)
