(23, 16, 24, 17)
(15, 22, 16, 23)
(14, 160, 15, 159)
(158, 14, 159, 13)
(12, 7, 13, 8)
(8, 17, 9, 18)
(18, 9, 19, 10)
(19, 106, 20, 107)
(105, 20, 106, 21)
(24, 22, 25, 21)
(25, 35, 26, 34)
(35, 79, 36, 78)
(79, 37, 80, 36)
(162, 38, 163, 37)
(156, 162, 157, 161)
(160, 158, 161, 157)
(155, 38, 156, 39)
(39, 7, 40, 6)
(5, 41, 6, 40)
(51, 5, 52, 4)
(47, 53, 48, 52)
(313, 46, 314, 47)
(175, 313, 176, 312)
(179, 177, 180, 176)
(11, 179, 12, 178)
(177, 11, 178, 10)
(180, 256, 181, 255)
(256, 291, 257, 292)
(107, 290, 108, 291)
(289, 108, 290, 109)
(104, 109, 105, 110)
(110, 103, 111, 104)
(102, 212, 103, 211)
(210, 102, 211, 101)
(100, 87, 101, 88)
(88, 83, 89, 84)
(75, 83, 76, 82)
(29, 77, 30, 76)
(31, 29, 32, 28)
(27, 33, 28, 32)
(33, 27, 34, 26)
(77, 31, 78, 30)
(81, 75, 82, 74)
(73, 81, 74, 80)
(72, 89, 73, 90)
(145, 91, 146, 90)
(144, 67, 145, 68)
(65, 69, 66, 68)
(139, 64, 140, 65)
(153, 139, 154, 138)
(163, 155, 164, 154)
(135, 165, 136, 164)
(165, 135, 166, 134)
(55, 167, 56, 166)
(1, 55, 2, 54)
(2, 41, 3, 42)
(3, 51, 4, 50)
(49, 42, 50, 43)
(43, 48, 44, 49)
(44, 53, 45, 54)
(45, 314, 46, 315)
(315, 172, 0, 173)
(174, 172, 175, 171)
(307, 170, 308, 171)
(311, 307, 312, 306)
(305, 254, 306, 255)
(304, 122, 305, 121)
(120, 304, 121, 303)
(302, 116, 303, 115)
(114, 302, 115, 301)
(300, 190, 301, 189)
(188, 182, 189, 181)
(182, 188, 183, 187)
(194, 183, 195, 184)
(184, 195, 185, 196)
(196, 185, 197, 186)
(197, 298, 198, 299)
(297, 198, 298, 199)
(294, 200, 295, 199)
(286, 294, 287, 293)
(292, 288, 293, 287)
(288, 257, 289, 258)
(285, 259, 286, 258)
(284, 242, 285, 241)
(240, 221, 241, 222)
(225, 223, 226, 222)
(224, 217, 225, 218)
(215, 219, 216, 218)
(214, 234, 215, 233)
(232, 214, 233, 213)
(111, 212, 112, 213)
(209, 112, 210, 113)
(113, 249, 114, 248)
(130, 250, 131, 249)
(129, 62, 130, 63)
(63, 150, 64, 151)
(148, 142, 149, 141)
(70, 148, 71, 147)
(92, 71, 93, 72)
(93, 98, 94, 99)
(97, 94, 98, 95)
(86, 95, 87, 96)
(96, 85, 97, 86)
(99, 85, 100, 84)
(91, 147, 92, 146)
(69, 142, 70, 143)
(66, 143, 67, 144)
(140, 150, 141, 149)
(151, 137, 152, 136)
(137, 153, 138, 152)
(127, 61, 128, 60)
(57, 126, 58, 127)
(133, 57, 134, 56)
(132, 126, 133, 125)
(117, 125, 118, 124)
(253, 118, 254, 119)
(119, 122, 120, 123)
(252, 124, 253, 123)
(251, 117, 252, 116)
(250, 132, 251, 131)
(58, 62, 59, 61)
(59, 129, 60, 128)
(247, 209, 248, 208)
(207, 275, 208, 274)
(273, 265, 274, 264)
(263, 273, 264, 272)
(271, 261, 272, 260)
(202, 259, 203, 260)
(296, 202, 297, 201)
(200, 296, 201, 295)
(206, 203, 207, 204)
(204, 268, 205, 267)
(265, 269, 266, 268)
(269, 263, 270, 262)
(261, 271, 262, 270)
(266, 206, 267, 205)
(280, 276, 281, 275)
(244, 279, 245, 280)
(278, 243, 279, 244)
(242, 277, 243, 278)
(276, 245, 277, 246)
(246, 282, 247, 281)
(231, 283, 232, 282)
(283, 231, 284, 230)
(220, 239, 221, 240)
(226, 219, 227, 220)
(227, 237, 228, 236)
(237, 229, 238, 228)
(234, 230, 235, 229)
(238, 235, 239, 236)
(216, 223, 217, 224)
(192, 300, 193, 299)
(191, 191, 192, 190)
(193, 187, 194, 186)
(167, 310, 168, 311)
(309, 168, 310, 169)
(169, 308, 170, 309)
(173, 0, 174, 1)
