(21, 10, 22, 11)
(304, 12, 305, 11)
(262, 210, 263, 209)
(261, 212, 262, 213)
(240, 214, 241, 213)
(242, 240, 243, 239)
(243, 51, 244, 50)
(51, 112, 52, 113)
(111, 52, 112, 53)
(56, 53, 57, 54)
(57, 19, 58, 18)
(19, 22, 20, 23)
(9, 20, 10, 21)
(8, 1, 9, 2)
(2, 7, 3, 8)
(6, 0, 7, 305)
(24, 6, 25, 5)
(25, 12, 26, 13)
(15, 26, 16, 27)
(16, 32, 17, 31)
(59, 32, 60, 33)
(79, 61, 80, 60)
(273, 208, 274, 209)
(272, 275, 273, 276)
(276, 271, 277, 272)
(270, 267, 271, 268)
(268, 263, 269, 264)
(264, 269, 265, 270)
(204, 266, 205, 265)
(278, 204, 279, 203)
(279, 99, 280, 98)
(118, 122, 119, 121)
(210, 120, 211, 119)
(120, 212, 121, 211)
(250, 118, 251, 117)
(236, 252, 237, 251)
(252, 236, 253, 235)
(234, 254, 235, 253)
(233, 223, 234, 222)
(221, 233, 222, 232)
(231, 229, 232, 228)
(260, 228, 261, 227)
(226, 260, 227, 259)
(215, 258, 216, 259)
(214, 242, 215, 241)
(254, 258, 255, 257)
(238, 255, 239, 256)
(256, 237, 257, 238)
(216, 225, 217, 226)
(219, 225, 220, 224)
(223, 221, 224, 220)
(229, 218, 230, 219)
(217, 230, 218, 231)
(49, 117, 50, 116)
(46, 115, 47, 116)
(114, 45, 115, 46)
(244, 113, 245, 114)
(44, 246, 45, 245)
(43, 110, 44, 111)
(42, 40, 43, 39)
(106, 33, 107, 34)
(34, 107, 35, 108)
(108, 35, 109, 36)
(102, 110, 103, 109)
(248, 102, 249, 101)
(100, 250, 101, 249)
(99, 122, 100, 123)
(123, 84, 124, 85)
(80, 83, 81, 84)
(82, 125, 83, 126)
(293, 127, 294, 126)
(127, 293, 128, 292)
(289, 129, 290, 128)
(129, 289, 130, 288)
(65, 130, 66, 131)
(131, 66, 132, 67)
(132, 63, 133, 64)
(77, 63, 78, 62)
(61, 79, 62, 78)
(76, 303, 77, 304)
(302, 75, 303, 76)
(190, 301, 191, 302)
(189, 177, 190, 176)
(168, 176, 169, 175)
(169, 203, 170, 202)
(170, 199, 171, 200)
(198, 171, 199, 172)
(172, 197, 173, 198)
(297, 196, 298, 197)
(139, 297, 140, 296)
(283, 141, 284, 140)
(97, 283, 98, 282)
(281, 91, 282, 90)
(89, 281, 90, 280)
(93, 88, 94, 89)
(87, 92, 88, 93)
(95, 87, 96, 86)
(85, 97, 86, 96)
(94, 92, 95, 91)
(141, 294, 142, 295)
(147, 143, 148, 142)
(143, 147, 144, 146)
(291, 144, 292, 145)
(145, 290, 146, 291)
(148, 286, 149, 285)
(286, 135, 287, 136)
(134, 287, 135, 288)
(68, 133, 69, 134)
(64, 68, 65, 67)
(69, 75, 70, 74)
(73, 71, 74, 70)
(72, 71, 73, 72)
(300, 191, 301, 192)
(192, 299, 193, 300)
(151, 299, 152, 298)
(167, 153, 168, 152)
(166, 163, 167, 164)
(159, 165, 160, 164)
(158, 180, 159, 179)
(187, 179, 188, 178)
(177, 189, 178, 188)
(157, 186, 158, 187)
(185, 156, 186, 157)
(184, 154, 185, 153)
(154, 184, 155, 183)
(182, 156, 183, 155)
(181, 162, 182, 163)
(161, 180, 162, 181)
(165, 161, 166, 160)
(200, 173, 201, 174)
(174, 201, 175, 202)
(137, 151, 138, 150)
(195, 138, 196, 139)
(194, 150, 195, 149)
(136, 193, 137, 194)
(284, 295, 285, 296)
(124, 81, 125, 82)
(48, 248, 49, 247)
(246, 48, 247, 47)
(40, 104, 41, 103)
(104, 42, 105, 41)
(105, 37, 106, 36)
(54, 37, 55, 38)
(38, 55, 39, 56)
(277, 206, 278, 207)
(207, 274, 208, 275)
(266, 206, 267, 205)
(17, 59, 18, 58)
(27, 31, 28, 30)
(13, 29, 14, 28)
(29, 15, 30, 14)
(4, 24, 5, 23)
(3, 0, 4, 1)
