(37, 276, 38, 277)
(275, 36, 276, 37)
(35, 274, 36, 275)
(271, 35, 272, 34)
(269, 273, 270, 272)
(301, 268, 302, 269)
(300, 280, 301, 279)
(39, 278, 40, 279)
(277, 38, 278, 39)
(40, 291, 41, 292)
(42, 88, 43, 87)
(88, 83, 89, 84)
(63, 83, 64, 82)
(64, 79, 65, 80)
(78, 31, 79, 32)
(273, 32, 274, 33)
(33, 271, 34, 270)
(30, 77, 31, 78)
(26, 30, 27, 29)
(27, 302, 28, 303)
(303, 28, 304, 29)
(304, 25, 305, 26)
(295, 266, 296, 267)
(267, 296, 268, 297)
(297, 284, 298, 285)
(283, 281, 284, 280)
(299, 283, 300, 282)
(281, 299, 282, 298)
(294, 286, 295, 285)
(293, 289, 294, 288)
(287, 293, 288, 292)
(286, 289, 287, 290)
(290, 41, 291, 42)
(265, 15, 266, 14)
(13, 45, 14, 44)
(86, 44, 87, 43)
(90, 85, 91, 86)
(84, 89, 85, 90)
(48, 91, 49, 92)
(49, 61, 50, 60)
(61, 81, 62, 80)
(81, 63, 82, 62)
(50, 57, 51, 58)
(7, 56, 8, 57)
(1, 7, 2, 6)
(5, 3, 6, 2)
(65, 4, 66, 5)
(3, 66, 4, 67)
(67, 77, 68, 76)
(305, 69, 0, 68)
(74, 70, 75, 69)
(73, 10, 74, 11)
(92, 11, 93, 12)
(93, 106, 94, 107)
(24, 257, 25, 258)
(261, 259, 262, 258)
(15, 260, 16, 261)
(259, 16, 260, 17)
(22, 18, 23, 17)
(21, 264, 22, 265)
(20, 104, 21, 103)
(45, 102, 46, 103)
(101, 46, 102, 47)
(47, 13, 48, 12)
(241, 101, 242, 100)
(107, 94, 108, 95)
(253, 108, 254, 109)
(109, 254, 110, 255)
(255, 110, 256, 111)
(256, 106, 257, 105)
(104, 20, 105, 19)
(263, 18, 264, 19)
(23, 263, 24, 262)
(111, 99, 112, 98)
(99, 241, 100, 240)
(144, 240, 145, 239)
(188, 145, 189, 146)
(189, 149, 190, 148)
(149, 242, 150, 243)
(150, 248, 151, 247)
(248, 251, 249, 252)
(250, 96, 251, 95)
(96, 250, 97, 249)
(97, 253, 98, 252)
(112, 152, 113, 151)
(152, 156, 153, 155)
(129, 156, 130, 157)
(157, 130, 158, 131)
(121, 158, 122, 159)
(143, 122, 144, 123)
(194, 123, 195, 124)
(238, 195, 239, 196)
(196, 237, 197, 238)
(187, 237, 188, 236)
(235, 170, 236, 171)
(171, 234, 172, 235)
(166, 233, 167, 234)
(146, 165, 147, 166)
(164, 147, 165, 148)
(192, 163, 193, 164)
(162, 191, 163, 192)
(190, 161, 191, 162)
(160, 125, 161, 126)
(126, 119, 127, 120)
(135, 119, 136, 118)
(117, 137, 118, 136)
(245, 117, 246, 116)
(243, 247, 244, 246)
(115, 245, 116, 244)
(153, 115, 154, 114)
(113, 155, 114, 154)
(134, 138, 135, 137)
(138, 134, 139, 133)
(132, 140, 133, 139)
(131, 128, 132, 129)
(140, 128, 141, 127)
(120, 141, 121, 142)
(142, 159, 143, 160)
(124, 193, 125, 194)
(232, 215, 233, 216)
(213, 217, 214, 216)
(217, 213, 218, 212)
(207, 219, 208, 218)
(206, 178, 207, 177)
(199, 176, 200, 177)
(175, 198, 176, 199)
(197, 174, 198, 175)
(186, 174, 187, 173)
(169, 173, 170, 172)
(168, 184, 169, 183)
(182, 168, 183, 167)
(181, 184, 182, 185)
(185, 180, 186, 181)
(230, 180, 231, 179)
(214, 231, 215, 232)
(178, 226, 179, 225)
(219, 225, 220, 224)
(220, 210, 221, 209)
(210, 222, 211, 221)
(222, 212, 223, 211)
(223, 208, 224, 209)
(226, 202, 227, 201)
(202, 206, 203, 205)
(203, 229, 204, 228)
(200, 230, 201, 229)
(227, 205, 228, 204)
(72, 54, 73, 53)
(52, 59, 53, 60)
(58, 51, 59, 52)
(71, 9, 72, 8)
(70, 55, 71, 56)
(9, 55, 10, 54)
(75, 1, 76, 0)
