(252, 105, 253, 106)
(253, 269, 254, 268)
(269, 130, 270, 131)
(129, 290, 130, 291)
(291, 118, 292, 119)
(295, 293, 296, 292)
(57, 295, 58, 294)
(117, 58, 118, 59)
(59, 42, 60, 43)
(41, 36, 42, 37)
(34, 38, 35, 37)
(64, 34, 65, 33)
(65, 103, 66, 102)
(74, 103, 75, 104)
(104, 75, 105, 76)
(79, 77, 80, 76)
(127, 79, 128, 78)
(109, 129, 110, 128)
(108, 251, 109, 252)
(184, 108, 185, 107)
(106, 186, 107, 185)
(183, 187, 184, 186)
(265, 183, 266, 182)
(266, 177, 267, 178)
(176, 267, 177, 268)
(178, 176, 179, 175)
(160, 180, 161, 179)
(159, 255, 160, 254)
(195, 158, 196, 159)
(194, 134, 195, 133)
(147, 133, 148, 132)
(131, 149, 132, 148)
(149, 146, 150, 147)
(145, 271, 146, 270)
(279, 145, 280, 144)
(280, 241, 281, 242)
(289, 241, 290, 240)
(239, 283, 240, 282)
(208, 281, 209, 282)
(242, 208, 243, 207)
(188, 244, 189, 243)
(187, 250, 188, 251)
(264, 250, 265, 249)
(248, 264, 249, 263)
(201, 262, 202, 263)
(200, 256, 201, 255)
(199, 197, 200, 196)
(157, 199, 158, 198)
(197, 157, 198, 156)
(134, 155, 135, 156)
(193, 155, 194, 154)
(153, 275, 154, 274)
(273, 151, 274, 150)
(272, 277, 273, 278)
(278, 271, 279, 272)
(151, 277, 152, 276)
(275, 153, 276, 152)
(192, 140, 193, 139)
(138, 192, 139, 191)
(190, 143, 191, 144)
(189, 206, 190, 207)
(258, 206, 259, 205)
(204, 260, 205, 259)
(246, 204, 247, 203)
(247, 244, 248, 245)
(202, 246, 203, 245)
(260, 257, 261, 258)
(256, 261, 257, 262)
(142, 138, 143, 137)
(136, 142, 137, 141)
(140, 136, 141, 135)
(288, 209, 289, 210)
(210, 283, 211, 284)
(211, 237, 212, 236)
(237, 229, 238, 228)
(229, 239, 230, 238)
(230, 227, 231, 228)
(226, 287, 227, 288)
(284, 225, 285, 226)
(224, 221, 225, 222)
(233, 222, 234, 223)
(215, 235, 216, 234)
(235, 215, 236, 214)
(216, 214, 217, 213)
(212, 218, 213, 217)
(218, 231, 219, 232)
(286, 219, 287, 220)
(220, 285, 221, 286)
(223, 232, 224, 233)
(180, 167, 181, 168)
(166, 181, 167, 182)
(162, 165, 163, 166)
(173, 172, 174, 173)
(174, 172, 175, 171)
(170, 162, 171, 161)
(169, 165, 170, 164)
(163, 169, 164, 168)
(110, 119, 111, 120)
(111, 46, 112, 47)
(45, 48, 46, 49)
(49, 306, 50, 307)
(305, 50, 306, 51)
(51, 15, 52, 14)
(15, 53, 16, 52)
(53, 296, 54, 297)
(54, 9, 55, 10)
(8, 55, 9, 56)
(293, 57, 294, 56)
(7, 3, 8, 2)
(1, 7, 2, 6)
(5, 24, 6, 25)
(25, 117, 26, 116)
(115, 27, 116, 26)
(27, 115, 28, 114)
(28, 43, 29, 44)
(68, 30, 69, 29)
(67, 98, 68, 99)
(99, 100, 100, 101)
(39, 62, 40, 63)
(35, 40, 36, 41)
(63, 38, 64, 39)
(61, 60, 62, 61)
(101, 33, 102, 32)
(66, 31, 67, 32)
(97, 30, 98, 31)
(123, 97, 124, 96)
(95, 125, 96, 124)
(94, 73, 95, 74)
(84, 88, 85, 87)
(85, 93, 86, 92)
(93, 80, 94, 81)
(90, 82, 91, 81)
(82, 90, 83, 89)
(88, 84, 89, 83)
(91, 87, 92, 86)
(125, 73, 126, 72)
(77, 127, 78, 126)
(122, 71, 123, 72)
(70, 121, 71, 122)
(120, 69, 121, 70)
(113, 45, 114, 44)
(47, 112, 48, 113)
(4, 0, 5, 309)
(303, 308, 304, 309)
(307, 302, 308, 303)
(301, 304, 302, 305)
(21, 300, 22, 301)
(299, 20, 300, 21)
(298, 11, 299, 12)
(17, 13, 18, 12)
(13, 17, 14, 16)
(297, 19, 298, 18)
(10, 20, 11, 19)
(22, 3, 23, 4)
(23, 1, 24, 0)
