(62, 233, 63, 234)
(67, 235, 68, 234)
(235, 67, 236, 66)
(63, 237, 64, 236)
(237, 76, 238, 77)
(232, 76, 233, 75)
(47, 75, 48, 74)
(48, 71, 49, 72)
(61, 71, 62, 70)
(69, 61, 70, 60)
(59, 69, 60, 68)
(58, 53, 59, 54)
(54, 6, 55, 5)
(6, 56, 7, 55)
(56, 8, 57, 7)
(8, 83, 9, 84)
(82, 77, 83, 78)
(78, 81, 79, 82)
(65, 81, 66, 80)
(79, 65, 80, 64)
(9, 229, 10, 228)
(229, 224, 230, 225)
(223, 230, 224, 231)
(231, 238, 232, 239)
(239, 15, 240, 14)
(45, 46, 46, 47)
(44, 283, 45, 284)
(284, 91, 285, 92)
(291, 91, 292, 90)
(292, 300, 293, 299)
(300, 294, 301, 293)
(294, 51, 295, 52)
(50, 73, 51, 74)
(72, 49, 73, 50)
(52, 295, 53, 296)
(296, 306, 297, 305)
(3, 306, 4, 307)
(4, 58, 5, 57)
(84, 308, 85, 307)
(308, 86, 309, 85)
(37, 86, 38, 87)
(38, 35, 39, 36)
(269, 34, 270, 35)
(268, 157, 269, 158)
(263, 159, 264, 158)
(163, 263, 164, 262)
(221, 164, 222, 165)
(222, 13, 223, 14)
(225, 13, 226, 12)
(11, 227, 12, 226)
(227, 11, 228, 10)
(112, 166, 113, 165)
(102, 111, 103, 112)
(248, 101, 249, 102)
(244, 248, 245, 247)
(152, 246, 153, 245)
(151, 241, 152, 240)
(15, 150, 16, 151)
(149, 26, 150, 27)
(27, 274, 28, 275)
(282, 274, 283, 273)
(43, 273, 44, 272)
(271, 93, 272, 92)
(270, 40, 271, 39)
(40, 280, 41, 279)
(280, 96, 281, 95)
(96, 30, 97, 29)
(30, 34, 31, 33)
(98, 31, 99, 32)
(99, 148, 100, 149)
(147, 156, 148, 157)
(146, 118, 147, 117)
(116, 144, 117, 143)
(259, 143, 260, 142)
(260, 268, 261, 267)
(266, 262, 267, 261)
(160, 266, 161, 265)
(264, 162, 265, 161)
(162, 159, 163, 160)
(141, 259, 142, 258)
(257, 220, 258, 221)
(113, 256, 114, 257)
(255, 139, 256, 138)
(192, 137, 193, 138)
(136, 191, 137, 192)
(190, 135, 191, 136)
(176, 189, 177, 190)
(172, 176, 173, 175)
(104, 174, 105, 173)
(103, 167, 104, 166)
(167, 108, 168, 109)
(107, 168, 108, 169)
(169, 111, 170, 110)
(251, 170, 252, 171)
(252, 249, 253, 250)
(120, 254, 121, 253)
(144, 120, 145, 119)
(118, 146, 119, 145)
(254, 218, 255, 217)
(115, 218, 116, 219)
(140, 219, 141, 220)
(139, 115, 140, 114)
(216, 121, 217, 122)
(122, 202, 123, 201)
(202, 195, 203, 196)
(194, 133, 195, 134)
(134, 193, 135, 194)
(203, 133, 204, 132)
(204, 214, 205, 213)
(181, 184, 182, 185)
(180, 180, 181, 179)
(183, 178, 184, 179)
(177, 182, 178, 183)
(188, 215, 189, 216)
(200, 188, 201, 187)
(186, 198, 187, 197)
(123, 196, 124, 197)
(124, 207, 125, 208)
(206, 211, 207, 212)
(212, 132, 213, 131)
(130, 206, 131, 205)
(129, 211, 130, 210)
(209, 126, 210, 127)
(127, 208, 128, 209)
(128, 125, 129, 126)
(185, 215, 186, 214)
(198, 199, 199, 200)
(171, 250, 172, 251)
(106, 109, 107, 110)
(174, 106, 175, 105)
(100, 156, 101, 155)
(243, 155, 244, 154)
(246, 154, 247, 153)
(19, 243, 20, 242)
(241, 21, 242, 20)
(16, 22, 17, 21)
(25, 22, 26, 23)
(18, 23, 19, 24)
(24, 17, 25, 18)
(32, 97, 33, 98)
(275, 28, 276, 29)
(276, 282, 277, 281)
(277, 43, 278, 42)
(93, 279, 94, 278)
(41, 95, 42, 94)
(87, 36, 88, 37)
(287, 89, 288, 88)
(286, 289, 287, 290)
(290, 285, 291, 286)
(89, 289, 90, 288)
(2, 0, 3, 309)
(1, 303, 2, 302)
(301, 298, 302, 299)
(304, 298, 305, 297)
(303, 1, 304, 0)
