(298, 301, 299, 302)
(106, 300, 107, 299)
(300, 106, 301, 105)
(104, 283, 105, 284)
(297, 284, 298, 285)
(285, 293, 286, 292)
(26, 294, 27, 293)
(302, 25, 303, 26)
(24, 102, 25, 101)
(100, 7, 101, 8)
(8, 91, 9, 92)
(90, 9, 91, 10)
(10, 89, 11, 90)
(88, 141, 89, 142)
(142, 87, 143, 88)
(86, 108, 87, 107)
(280, 86, 281, 85)
(281, 38, 282, 39)
(37, 282, 38, 283)
(103, 37, 104, 36)
(291, 297, 292, 296)
(295, 289, 296, 288)
(28, 287, 29, 288)
(286, 27, 287, 28)
(294, 30, 295, 29)
(30, 303, 31, 304)
(310, 32, 311, 31)
(309, 3, 310, 2)
(1, 309, 2, 308)
(4, 308, 5, 307)
(5, 102, 6, 103)
(6, 24, 7, 23)
(99, 23, 100, 22)
(94, 21, 95, 22)
(12, 93, 13, 94)
(92, 11, 93, 12)
(13, 20, 14, 21)
(16, 20, 17, 19)
(138, 18, 139, 17)
(140, 138, 141, 137)
(143, 136, 144, 137)
(135, 82, 136, 83)
(108, 84, 109, 83)
(84, 280, 85, 279)
(201, 279, 202, 278)
(277, 203, 278, 202)
(271, 277, 272, 276)
(97, 272, 98, 273)
(39, 99, 40, 98)
(40, 95, 41, 96)
(148, 42, 149, 41)
(147, 144, 148, 145)
(145, 14, 146, 15)
(15, 146, 16, 147)
(42, 46, 43, 45)
(46, 52, 47, 51)
(52, 222, 53, 221)
(222, 82, 223, 81)
(208, 223, 209, 224)
(128, 210, 129, 209)
(127, 115, 128, 114)
(118, 113, 119, 114)
(112, 117, 113, 118)
(134, 112, 135, 111)
(110, 206, 111, 205)
(204, 110, 205, 109)
(200, 204, 201, 203)
(270, 200, 271, 199)
(198, 154, 199, 153)
(152, 275, 153, 276)
(274, 151, 275, 152)
(273, 96, 274, 97)
(43, 151, 44, 150)
(149, 45, 150, 44)
(197, 243, 198, 242)
(241, 50, 242, 51)
(240, 48, 241, 47)
(239, 191, 240, 190)
(78, 190, 79, 189)
(220, 79, 221, 80)
(53, 81, 54, 80)
(217, 55, 218, 54)
(216, 230, 217, 229)
(225, 228, 226, 229)
(224, 207, 225, 208)
(211, 206, 212, 207)
(210, 130, 211, 129)
(130, 121, 131, 122)
(120, 116, 121, 115)
(119, 126, 120, 127)
(125, 116, 126, 117)
(124, 131, 125, 132)
(132, 123, 133, 124)
(122, 133, 123, 134)
(169, 213, 170, 212)
(265, 168, 266, 169)
(264, 269, 265, 270)
(154, 263, 155, 264)
(262, 161, 263, 162)
(162, 261, 163, 262)
(260, 244, 261, 243)
(244, 260, 245, 259)
(245, 249, 246, 248)
(249, 254, 250, 255)
(192, 254, 193, 253)
(196, 193, 197, 194)
(49, 194, 50, 195)
(195, 48, 196, 49)
(252, 192, 253, 191)
(251, 256, 252, 257)
(246, 257, 247, 258)
(258, 247, 259, 248)
(255, 250, 256, 251)
(158, 164, 159, 163)
(164, 158, 165, 157)
(266, 166, 267, 165)
(166, 268, 167, 267)
(268, 168, 269, 167)
(156, 159, 157, 160)
(160, 155, 161, 156)
(174, 213, 175, 214)
(68, 175, 69, 176)
(238, 69, 239, 70)
(70, 78, 71, 77)
(74, 72, 75, 71)
(73, 186, 74, 187)
(183, 77, 184, 76)
(182, 219, 183, 220)
(218, 181, 219, 182)
(180, 61, 181, 62)
(62, 179, 63, 180)
(178, 60, 179, 59)
(55, 58, 56, 59)
(232, 58, 233, 57)
(233, 230, 234, 231)
(65, 234, 66, 235)
(235, 66, 236, 67)
(67, 236, 68, 237)
(237, 176, 238, 177)
(64, 178, 65, 177)
(60, 64, 61, 63)
(56, 232, 57, 231)
(75, 185, 76, 184)
(185, 72, 186, 73)
(187, 188, 188, 189)
(214, 173, 215, 174)
(172, 215, 173, 216)
(226, 171, 227, 172)
(170, 227, 171, 228)
(18, 140, 19, 139)
(313, 306, 0, 307)
(33, 313, 34, 312)
(34, 290, 35, 289)
(290, 36, 291, 35)
(311, 305, 312, 304)
(32, 306, 33, 305)
(3, 1, 4, 0)
