(27, 33, 28, 32)
(21, 26, 22, 27)
(289, 20, 290, 21)
(299, 289, 300, 288)
(300, 7, 301, 8)
(13, 7, 14, 6)
(14, 32, 15, 31)
(28, 16, 29, 15)
(287, 17, 288, 16)
(286, 203, 287, 204)
(33, 205, 34, 204)
(294, 296, 295, 295)
(22, 293, 23, 294)
(25, 293, 26, 292)
(291, 18, 292, 19)
(19, 290, 20, 291)
(298, 18, 299, 17)
(24, 297, 25, 298)
(296, 23, 297, 24)
(205, 45, 206, 44)
(45, 203, 46, 202)
(173, 46, 174, 47)
(47, 174, 48, 175)
(175, 48, 176, 49)
(281, 176, 282, 177)
(282, 250, 283, 249)
(250, 284, 251, 283)
(35, 285, 36, 284)
(285, 35, 286, 34)
(207, 37, 208, 36)
(43, 207, 44, 206)
(42, 61, 43, 62)
(165, 62, 166, 63)
(171, 166, 172, 167)
(201, 172, 202, 173)
(200, 50, 201, 49)
(280, 200, 281, 199)
(198, 227, 199, 228)
(228, 177, 229, 178)
(264, 229, 265, 230)
(242, 265, 243, 266)
(243, 211, 244, 210)
(211, 246, 212, 247)
(248, 246, 249, 245)
(244, 213, 245, 214)
(209, 215, 210, 214)
(251, 208, 252, 209)
(252, 37, 253, 38)
(38, 253, 39, 254)
(254, 39, 255, 40)
(40, 255, 41, 256)
(60, 41, 61, 42)
(270, 60, 271, 59)
(278, 272, 279, 271)
(277, 98, 278, 99)
(99, 163, 100, 162)
(66, 164, 67, 163)
(164, 66, 165, 65)
(169, 65, 170, 64)
(63, 171, 64, 170)
(168, 67, 169, 68)
(68, 167, 69, 168)
(56, 70, 57, 69)
(70, 56, 71, 55)
(71, 53, 72, 52)
(53, 73, 54, 72)
(73, 50, 74, 51)
(74, 58, 75, 57)
(58, 280, 59, 279)
(75, 97, 76, 96)
(97, 272, 98, 273)
(76, 273, 77, 274)
(274, 77, 275, 78)
(138, 275, 139, 276)
(276, 139, 277, 140)
(140, 133, 141, 134)
(161, 133, 162, 132)
(156, 132, 157, 131)
(157, 128, 158, 129)
(127, 116, 128, 117)
(117, 100, 118, 101)
(118, 82, 119, 81)
(87, 82, 88, 83)
(83, 88, 84, 89)
(89, 84, 90, 85)
(90, 96, 91, 95)
(78, 92, 79, 91)
(92, 104, 93, 103)
(135, 104, 136, 105)
(105, 136, 106, 137)
(137, 106, 138, 107)
(107, 134, 108, 135)
(111, 109, 112, 108)
(141, 110, 142, 111)
(109, 142, 110, 143)
(160, 143, 161, 144)
(155, 144, 156, 145)
(145, 131, 146, 130)
(129, 147, 130, 146)
(147, 158, 148, 159)
(148, 116, 149, 115)
(124, 150, 125, 149)
(123, 126, 124, 127)
(122, 102, 123, 101)
(80, 122, 81, 121)
(120, 85, 121, 86)
(86, 119, 87, 120)
(79, 94, 80, 95)
(102, 94, 103, 93)
(150, 126, 151, 125)
(151, 112, 152, 113)
(113, 152, 114, 153)
(153, 114, 154, 115)
(154, 160, 155, 159)
(54, 51, 55, 52)
(269, 216, 270, 217)
(184, 218, 185, 217)
(189, 180, 190, 181)
(179, 188, 180, 189)
(197, 179, 198, 178)
(191, 197, 192, 196)
(192, 264, 193, 263)
(262, 194, 263, 193)
(230, 261, 231, 262)
(260, 231, 261, 232)
(232, 259, 233, 260)
(241, 259, 242, 258)
(266, 257, 267, 258)
(256, 216, 257, 215)
(236, 267, 237, 268)
(268, 237, 269, 238)
(238, 235, 239, 236)
(234, 239, 235, 240)
(240, 233, 241, 234)
(194, 185, 195, 186)
(186, 195, 187, 196)
(190, 188, 191, 187)
(218, 184, 219, 183)
(219, 225, 220, 224)
(225, 221, 226, 220)
(221, 227, 222, 226)
(222, 181, 223, 182)
(182, 223, 183, 224)
(247, 212, 248, 213)
(29, 307, 30, 306)
(307, 302, 0, 303)
(8, 301, 9, 302)
(9, 3, 10, 2)
(3, 11, 4, 10)
(11, 5, 12, 4)
(5, 13, 6, 12)
(1, 304, 2, 305)
(305, 31, 306, 30)
(303, 0, 304, 1)
