(287, 167, 288, 166)
(53, 287, 54, 286)
(295, 55, 296, 54)
(291, 294, 292, 295)
(165, 291, 166, 290)
(152, 290, 153, 289)
(288, 154, 289, 153)
(147, 154, 148, 155)
(148, 210, 149, 209)
(297, 210, 298, 211)
(298, 167, 299, 168)
(299, 53, 300, 52)
(213, 300, 214, 301)
(265, 215, 266, 214)
(264, 285, 265, 286)
(263, 243, 264, 242)
(172, 242, 173, 241)
(296, 174, 297, 173)
(174, 150, 175, 149)
(161, 150, 162, 151)
(55, 163, 56, 162)
(292, 164, 293, 163)
(164, 294, 165, 293)
(151, 56, 152, 57)
(57, 147, 58, 146)
(155, 59, 156, 58)
(176, 60, 177, 59)
(175, 208, 176, 209)
(207, 60, 208, 61)
(130, 61, 131, 62)
(131, 135, 132, 134)
(135, 188, 136, 189)
(160, 188, 161, 187)
(145, 187, 146, 186)
(185, 157, 186, 156)
(184, 96, 185, 95)
(94, 184, 95, 183)
(182, 94, 183, 93)
(92, 89, 93, 90)
(90, 180, 91, 179)
(177, 181, 178, 180)
(88, 182, 89, 181)
(87, 79, 88, 78)
(120, 77, 121, 78)
(119, 206, 120, 207)
(118, 129, 119, 130)
(117, 200, 118, 201)
(201, 116, 202, 117)
(72, 115, 73, 116)
(190, 71, 191, 72)
(65, 62, 66, 63)
(66, 134, 67, 133)
(132, 68, 133, 67)
(68, 64, 69, 63)
(70, 189, 71, 190)
(64, 70, 65, 69)
(114, 192, 115, 191)
(80, 113, 81, 114)
(112, 79, 113, 80)
(111, 110, 112, 111)
(136, 97, 137, 98)
(139, 97, 140, 96)
(140, 143, 141, 144)
(159, 143, 160, 142)
(141, 159, 142, 158)
(144, 158, 145, 157)
(109, 139, 110, 138)
(137, 109, 138, 108)
(101, 99, 102, 98)
(103, 101, 104, 100)
(104, 105, 105, 106)
(107, 106, 108, 107)
(99, 103, 100, 102)
(126, 82, 127, 81)
(82, 126, 83, 125)
(122, 84, 123, 83)
(121, 86, 122, 87)
(124, 86, 125, 85)
(84, 124, 85, 123)
(127, 77, 128, 76)
(205, 128, 206, 129)
(197, 205, 198, 204)
(203, 199, 204, 198)
(199, 203, 200, 202)
(193, 196, 194, 197)
(192, 74, 193, 73)
(74, 195, 75, 196)
(194, 75, 195, 76)
(178, 92, 179, 91)
(240, 170, 241, 169)
(168, 212, 169, 211)
(51, 212, 52, 213)
(50, 45, 51, 46)
(46, 3, 47, 4)
(2, 222, 3, 221)
(27, 221, 28, 220)
(217, 29, 218, 28)
(301, 216, 302, 217)
(215, 267, 216, 266)
(267, 37, 268, 36)
(270, 37, 271, 38)
(271, 256, 272, 257)
(282, 256, 283, 255)
(283, 249, 284, 248)
(249, 285, 250, 284)
(277, 250, 278, 251)
(251, 278, 252, 279)
(275, 253, 276, 252)
(245, 274, 246, 275)
(261, 245, 262, 244)
(243, 263, 244, 262)
(260, 258, 261, 257)
(272, 259, 273, 260)
(258, 273, 259, 274)
(253, 246, 254, 247)
(254, 282, 255, 281)
(280, 247, 281, 248)
(279, 276, 280, 277)
(41, 38, 42, 39)
(171, 42, 172, 43)
(43, 170, 44, 171)
(239, 44, 240, 45)
(17, 239, 18, 238)
(18, 231, 19, 232)
(230, 8, 231, 7)
(6, 226, 7, 225)
(224, 6, 225, 5)
(4, 49, 5, 50)
(223, 48, 224, 49)
(47, 222, 48, 223)
(307, 226, 308, 227)
(1, 308, 2, 309)
(309, 229, 0, 228)
(229, 306, 230, 307)
(305, 26, 306, 27)
(304, 34, 305, 33)
(29, 33, 30, 32)
(30, 220, 31, 219)
(218, 32, 219, 31)
(34, 304, 35, 303)
(302, 36, 303, 35)
(25, 269, 26, 268)
(269, 25, 270, 24)
(10, 24, 11, 23)
(14, 11, 15, 12)
(15, 233, 16, 232)
(236, 234, 237, 233)
(235, 40, 236, 41)
(39, 234, 40, 235)
(237, 17, 238, 16)
(12, 19, 13, 20)
(20, 13, 21, 14)
(8, 22, 9, 21)
(22, 10, 23, 9)
(227, 1, 228, 0)
