(296, 30, 297, 29)
(297, 197, 298, 196)
(197, 22, 198, 23)
(21, 31, 22, 30)
(31, 21, 32, 20)
(19, 33, 20, 32)
(295, 19, 296, 18)
(17, 295, 18, 294)
(293, 17, 294, 16)
(15, 192, 16, 193)
(28, 193, 29, 194)
(25, 194, 26, 195)
(195, 26, 196, 27)
(24, 28, 25, 27)
(23, 299, 24, 298)
(299, 8, 300, 9)
(7, 300, 8, 301)
(198, 51, 199, 52)
(50, 140, 51, 139)
(135, 138, 136, 139)
(131, 135, 132, 134)
(132, 47, 133, 48)
(46, 38, 47, 37)
(287, 37, 288, 36)
(33, 289, 34, 288)
(289, 254, 290, 255)
(253, 290, 254, 291)
(291, 191, 292, 190)
(191, 293, 192, 292)
(189, 253, 190, 252)
(52, 56, 53, 55)
(56, 242, 57, 241)
(242, 143, 243, 144)
(142, 243, 143, 244)
(244, 141, 245, 142)
(140, 200, 141, 199)
(200, 146, 201, 145)
(146, 153, 147, 154)
(152, 149, 153, 150)
(113, 150, 114, 151)
(114, 111, 115, 112)
(110, 259, 111, 260)
(260, 93, 261, 94)
(121, 93, 122, 92)
(122, 266, 123, 265)
(125, 266, 126, 267)
(126, 50, 127, 49)
(130, 128, 131, 127)
(136, 129, 137, 130)
(128, 137, 129, 138)
(48, 133, 49, 134)
(267, 124, 268, 125)
(123, 268, 124, 269)
(272, 269, 273, 270)
(273, 281, 274, 280)
(281, 44, 282, 45)
(43, 40, 44, 41)
(284, 41, 285, 42)
(285, 38, 286, 39)
(286, 46, 287, 45)
(39, 282, 40, 283)
(42, 283, 43, 284)
(274, 36, 275, 35)
(34, 276, 35, 275)
(89, 276, 90, 277)
(90, 87, 91, 88)
(86, 264, 87, 263)
(262, 86, 263, 85)
(84, 256, 85, 255)
(188, 84, 189, 83)
(251, 83, 252, 82)
(81, 251, 82, 250)
(249, 238, 250, 239)
(239, 55, 240, 54)
(53, 241, 54, 240)
(223, 248, 224, 249)
(247, 222, 248, 223)
(246, 58, 247, 57)
(144, 245, 145, 246)
(207, 59, 208, 58)
(206, 202, 207, 201)
(73, 154, 74, 155)
(155, 74, 156, 75)
(75, 156, 76, 157)
(161, 76, 162, 77)
(162, 147, 163, 148)
(148, 163, 149, 164)
(101, 164, 102, 165)
(115, 103, 116, 102)
(96, 104, 97, 103)
(108, 96, 109, 95)
(258, 109, 259, 110)
(94, 257, 95, 258)
(256, 119, 257, 120)
(120, 261, 121, 262)
(107, 118, 108, 119)
(181, 107, 182, 106)
(182, 186, 183, 185)
(79, 186, 80, 187)
(187, 80, 188, 81)
(230, 237, 231, 238)
(229, 212, 230, 213)
(226, 213, 227, 214)
(214, 227, 215, 228)
(224, 216, 225, 215)
(235, 217, 236, 216)
(217, 235, 218, 234)
(218, 222, 219, 221)
(219, 208, 220, 209)
(209, 220, 210, 221)
(233, 211, 234, 210)
(159, 233, 160, 232)
(160, 157, 161, 158)
(231, 159, 232, 158)
(236, 211, 237, 212)
(228, 225, 229, 226)
(173, 78, 174, 79)
(77, 172, 78, 173)
(100, 172, 101, 171)
(170, 100, 171, 99)
(165, 98, 166, 99)
(116, 97, 117, 98)
(117, 104, 118, 105)
(105, 181, 106, 180)
(183, 178, 184, 179)
(174, 177, 175, 178)
(176, 168, 177, 167)
(169, 167, 170, 166)
(168, 176, 169, 175)
(179, 184, 180, 185)
(202, 60, 203, 59)
(204, 205, 205, 206)
(66, 204, 67, 203)
(67, 73, 68, 72)
(71, 69, 72, 68)
(69, 71, 70, 70)
(62, 65, 63, 66)
(64, 61, 65, 62)
(60, 63, 61, 64)
(264, 92, 265, 91)
(277, 88, 278, 89)
(271, 278, 272, 279)
(279, 270, 280, 271)
(151, 112, 152, 113)
(301, 6, 302, 7)
(14, 6, 15, 5)
(4, 14, 5, 13)
(303, 13, 0, 12)
(1, 11, 2, 10)
(9, 3, 10, 2)
(3, 302, 4, 303)
(11, 1, 12, 0)
