(227, 144, 228, 145)
(143, 228, 144, 229)
(229, 137, 230, 136)
(234, 137, 235, 138)
(235, 166, 236, 167)
(165, 242, 166, 243)
(243, 177, 244, 176)
(177, 182, 178, 183)
(181, 184, 182, 185)
(128, 185, 129, 186)
(129, 225, 130, 224)
(225, 131, 226, 130)
(131, 227, 132, 226)
(132, 142, 133, 141)
(142, 145, 143, 146)
(146, 134, 147, 133)
(134, 232, 135, 231)
(232, 136, 233, 135)
(230, 234, 231, 233)
(150, 147, 151, 148)
(151, 138, 152, 139)
(152, 167, 153, 168)
(158, 153, 159, 154)
(240, 159, 241, 160)
(241, 236, 242, 237)
(164, 237, 165, 238)
(238, 158, 239, 157)
(239, 154, 240, 155)
(162, 155, 163, 156)
(160, 164, 161, 163)
(156, 161, 157, 162)
(215, 169, 216, 168)
(175, 215, 176, 214)
(213, 247, 214, 246)
(245, 213, 246, 212)
(211, 245, 212, 244)
(251, 211, 252, 210)
(252, 55, 253, 56)
(54, 180, 55, 179)
(183, 178, 184, 179)
(180, 54, 181, 53)
(127, 53, 128, 52)
(122, 51, 123, 52)
(121, 197, 122, 196)
(223, 195, 224, 194)
(219, 140, 220, 141)
(149, 219, 150, 218)
(217, 149, 218, 148)
(139, 216, 140, 217)
(220, 187, 221, 188)
(195, 187, 196, 186)
(190, 221, 191, 222)
(222, 191, 223, 192)
(192, 189, 193, 190)
(188, 193, 189, 194)
(117, 121, 118, 120)
(171, 118, 172, 119)
(169, 173, 170, 172)
(173, 249, 174, 248)
(249, 175, 250, 174)
(247, 251, 248, 250)
(119, 170, 120, 171)
(209, 117, 210, 116)
(70, 115, 71, 116)
(114, 69, 115, 70)
(68, 113, 69, 114)
(58, 67, 59, 68)
(66, 57, 67, 58)
(56, 65, 57, 66)
(263, 64, 264, 65)
(262, 254, 263, 253)
(254, 262, 255, 261)
(126, 255, 127, 256)
(256, 123, 257, 124)
(257, 269, 258, 268)
(90, 269, 91, 270)
(88, 92, 89, 91)
(276, 88, 277, 87)
(86, 278, 87, 277)
(85, 85, 86, 84)
(83, 77, 84, 76)
(75, 48, 76, 49)
(206, 49, 207, 50)
(50, 207, 51, 208)
(208, 197, 209, 198)
(71, 199, 72, 198)
(204, 200, 205, 199)
(200, 204, 201, 203)
(201, 75, 202, 74)
(73, 203, 74, 202)
(72, 205, 73, 206)
(102, 48, 103, 47)
(103, 272, 104, 273)
(271, 104, 272, 105)
(258, 105, 259, 106)
(266, 260, 267, 259)
(110, 266, 111, 265)
(60, 111, 61, 112)
(112, 61, 113, 62)
(62, 59, 63, 60)
(63, 264, 64, 265)
(260, 110, 261, 109)
(108, 125, 109, 126)
(124, 107, 125, 108)
(267, 107, 268, 106)
(270, 89, 271, 90)
(92, 274, 93, 273)
(45, 275, 46, 274)
(275, 45, 276, 44)
(28, 44, 29, 43)
(29, 33, 30, 32)
(33, 278, 34, 279)
(279, 34, 280, 35)
(280, 283, 281, 284)
(37, 283, 38, 282)
(23, 38, 24, 39)
(24, 290, 25, 289)
(291, 290, 292, 291)
(292, 77, 293, 78)
(78, 293, 79, 294)
(100, 80, 101, 79)
(80, 100, 81, 99)
(98, 82, 99, 81)
(82, 98, 83, 97)
(101, 97, 102, 96)
(2, 96, 3, 95)
(94, 4, 95, 3)
(46, 94, 47, 93)
(4, 299, 5, 0)
(298, 5, 299, 6)
(27, 6, 28, 7)
(7, 43, 8, 42)
(17, 8, 18, 9)
(18, 32, 19, 31)
(30, 20, 31, 19)
(11, 21, 12, 20)
(21, 11, 22, 10)
(285, 23, 286, 22)
(35, 284, 36, 285)
(281, 37, 282, 36)
(39, 287, 40, 286)
(26, 288, 27, 287)
(288, 26, 289, 25)
(40, 15, 41, 16)
(14, 41, 15, 42)
(13, 16, 14, 17)
(9, 12, 10, 13)
(297, 295, 298, 294)
(1, 297, 2, 296)
(295, 1, 296, 0)
