(12, 30, 13, 29)
(13, 26, 14, 27)
(32, 25, 33, 26)
(31, 21, 32, 20)
(19, 31, 20, 30)
(21, 19, 22, 18)
(17, 23, 18, 22)
(297, 16, 298, 17)
(296, 9, 297, 10)
(10, 28, 11, 27)
(28, 12, 29, 11)
(295, 71, 296, 70)
(42, 70, 43, 69)
(43, 195, 44, 194)
(195, 192, 196, 193)
(191, 75, 192, 74)
(73, 303, 74, 302)
(14, 301, 15, 302)
(33, 300, 34, 301)
(24, 300, 25, 299)
(298, 24, 299, 23)
(15, 34, 16, 35)
(72, 36, 73, 35)
(8, 72, 9, 71)
(36, 8, 37, 7)
(37, 53, 38, 52)
(294, 53, 295, 54)
(93, 55, 94, 54)
(41, 93, 42, 92)
(91, 114, 92, 115)
(68, 115, 69, 116)
(47, 117, 48, 116)
(46, 187, 47, 188)
(188, 45, 189, 46)
(193, 45, 194, 44)
(76, 190, 77, 189)
(196, 75, 197, 76)
(190, 197, 191, 198)
(211, 198, 212, 199)
(255, 213, 256, 212)
(219, 254, 220, 255)
(271, 219, 272, 218)
(1, 272, 2, 273)
(273, 2, 274, 3)
(3, 274, 4, 275)
(4, 303, 5, 0)
(276, 5, 277, 6)
(6, 277, 7, 278)
(87, 278, 88, 279)
(51, 88, 52, 89)
(292, 89, 293, 90)
(293, 38, 294, 39)
(66, 40, 67, 39)
(94, 65, 95, 66)
(97, 64, 98, 65)
(55, 96, 56, 97)
(95, 112, 96, 113)
(40, 113, 41, 114)
(98, 111, 99, 112)
(110, 63, 111, 64)
(61, 100, 62, 101)
(56, 99, 57, 100)
(62, 57, 63, 58)
(103, 58, 104, 59)
(104, 110, 105, 109)
(108, 106, 109, 105)
(59, 106, 60, 107)
(107, 60, 108, 61)
(102, 102, 103, 101)
(67, 91, 68, 90)
(291, 125, 292, 124)
(48, 123, 49, 124)
(122, 177, 123, 178)
(178, 121, 179, 122)
(185, 121, 186, 120)
(186, 117, 187, 118)
(181, 119, 182, 118)
(183, 181, 184, 180)
(179, 185, 180, 184)
(119, 183, 120, 182)
(49, 177, 50, 176)
(279, 51, 280, 50)
(280, 129, 281, 130)
(128, 289, 129, 290)
(125, 291, 126, 290)
(169, 127, 170, 126)
(168, 173, 169, 174)
(174, 157, 175, 158)
(156, 175, 157, 176)
(138, 155, 139, 156)
(130, 137, 131, 138)
(281, 136, 282, 137)
(288, 136, 289, 135)
(134, 283, 135, 284)
(284, 131, 285, 132)
(132, 285, 133, 286)
(286, 133, 287, 134)
(282, 288, 283, 287)
(154, 148, 155, 147)
(146, 166, 147, 165)
(164, 146, 165, 145)
(141, 145, 142, 144)
(142, 171, 143, 172)
(127, 171, 128, 170)
(172, 143, 173, 144)
(167, 141, 168, 140)
(158, 139, 159, 140)
(159, 152, 160, 153)
(148, 151, 149, 152)
(150, 161, 151, 162)
(153, 162, 154, 163)
(163, 166, 164, 167)
(160, 149, 161, 150)
(79, 86, 80, 87)
(209, 79, 210, 78)
(77, 211, 78, 210)
(208, 200, 209, 199)
(207, 85, 208, 84)
(83, 81, 84, 80)
(82, 204, 83, 203)
(205, 203, 206, 202)
(201, 207, 202, 206)
(85, 201, 86, 200)
(204, 82, 205, 81)
(213, 257, 214, 256)
(220, 258, 221, 257)
(223, 258, 224, 259)
(259, 224, 260, 225)
(239, 261, 240, 260)
(235, 238, 236, 239)
(253, 235, 254, 234)
(250, 233, 251, 234)
(270, 250, 271, 249)
(248, 264, 249, 263)
(225, 262, 226, 263)
(261, 241, 262, 240)
(241, 233, 242, 232)
(231, 243, 232, 242)
(243, 231, 244, 230)
(244, 265, 245, 266)
(264, 269, 265, 270)
(245, 269, 246, 268)
(246, 227, 247, 228)
(226, 247, 227, 248)
(228, 267, 229, 268)
(266, 229, 267, 230)
(251, 236, 252, 237)
(237, 252, 238, 253)
(217, 223, 218, 222)
(221, 217, 222, 216)
(215, 214, 216, 215)
(275, 0, 276, 1)
