(61, 12, 62, 13)
(11, 175, 12, 174)
(178, 174, 179, 173)
(182, 180, 183, 179)
(60, 182, 61, 181)
(180, 60, 181, 59)
(58, 50, 59, 49)
(67, 48, 68, 49)
(201, 66, 202, 67)
(65, 200, 66, 201)
(64, 14, 65, 13)
(63, 307, 64, 306)
(305, 63, 306, 62)
(304, 307, 305, 308)
(308, 175, 309, 176)
(176, 309, 177, 310)
(177, 11, 178, 10)
(312, 10, 313, 9)
(302, 314, 303, 313)
(301, 206, 302, 207)
(184, 208, 185, 207)
(183, 172, 184, 173)
(166, 171, 167, 172)
(170, 165, 171, 166)
(164, 169, 165, 170)
(274, 164, 275, 163)
(162, 276, 163, 275)
(161, 53, 162, 52)
(51, 119, 52, 118)
(117, 51, 118, 50)
(56, 259, 57, 260)
(258, 57, 259, 58)
(102, 257, 103, 258)
(101, 278, 102, 279)
(46, 279, 47, 280)
(47, 68, 48, 69)
(280, 69, 281, 70)
(281, 32, 282, 33)
(288, 31, 289, 32)
(296, 288, 297, 287)
(297, 194, 298, 195)
(190, 194, 191, 193)
(202, 192, 203, 191)
(192, 204, 193, 203)
(199, 204, 200, 205)
(205, 14, 206, 15)
(15, 301, 16, 300)
(16, 187, 17, 188)
(186, 17, 187, 18)
(18, 185, 19, 186)
(19, 217, 20, 216)
(217, 21, 218, 20)
(21, 219, 22, 218)
(214, 220, 215, 219)
(210, 213, 211, 214)
(209, 169, 210, 168)
(167, 209, 168, 208)
(212, 272, 213, 271)
(270, 273, 271, 274)
(220, 270, 221, 269)
(276, 222, 277, 221)
(222, 265, 223, 266)
(264, 223, 265, 224)
(224, 53, 225, 54)
(240, 226, 241, 225)
(152, 240, 153, 239)
(128, 153, 129, 154)
(160, 129, 161, 130)
(109, 111, 110, 110)
(108, 111, 109, 112)
(119, 113, 120, 112)
(113, 114, 114, 115)
(106, 55, 107, 56)
(260, 105, 261, 106)
(249, 104, 250, 105)
(103, 248, 104, 249)
(244, 248, 245, 247)
(252, 245, 253, 246)
(253, 257, 254, 256)
(263, 254, 264, 255)
(255, 262, 256, 263)
(242, 261, 243, 262)
(241, 55, 242, 54)
(243, 250, 244, 251)
(246, 251, 247, 252)
(107, 123, 108, 122)
(123, 229, 124, 228)
(226, 230, 227, 229)
(131, 230, 132, 231)
(132, 143, 133, 144)
(142, 133, 143, 134)
(137, 134, 138, 135)
(149, 234, 150, 235)
(237, 151, 238, 150)
(151, 237, 152, 236)
(238, 236, 239, 235)
(148, 156, 149, 155)
(154, 127, 155, 128)
(159, 127, 160, 126)
(125, 131, 126, 130)
(227, 125, 228, 124)
(158, 148, 159, 147)
(146, 158, 147, 157)
(156, 146, 157, 145)
(144, 232, 145, 231)
(140, 136, 141, 135)
(136, 142, 137, 141)
(139, 232, 140, 233)
(233, 138, 234, 139)
(116, 121, 117, 122)
(120, 115, 121, 116)
(277, 266, 278, 267)
(267, 86, 268, 87)
(85, 100, 86, 101)
(35, 85, 36, 84)
(36, 44, 37, 43)
(44, 75, 45, 76)
(74, 45, 75, 46)
(73, 71, 74, 70)
(72, 79, 73, 80)
(41, 80, 42, 81)
(42, 84, 43, 83)
(39, 82, 40, 83)
(77, 38, 78, 39)
(37, 76, 38, 77)
(78, 71, 79, 72)
(81, 40, 82, 41)
(91, 35, 92, 34)
(33, 93, 34, 92)
(93, 27, 94, 26)
(27, 284, 28, 285)
(290, 283, 291, 284)
(282, 289, 283, 290)
(294, 292, 295, 291)
(30, 294, 31, 293)
(292, 30, 293, 29)
(28, 295, 29, 296)
(285, 95, 286, 94)
(95, 287, 96, 286)
(195, 97, 196, 96)
(97, 197, 98, 196)
(298, 198, 299, 197)
(198, 190, 199, 189)
(188, 299, 189, 300)
(98, 23, 99, 24)
(215, 23, 216, 22)
(99, 88, 100, 89)
(87, 268, 88, 269)
(24, 89, 25, 90)
(90, 25, 91, 26)
(272, 212, 273, 211)
(314, 304, 315, 303)
(315, 6, 0, 7)
(2, 6, 3, 5)
(3, 310, 4, 311)
(311, 4, 312, 5)
(1, 8, 2, 9)
(7, 0, 8, 1)
