(294, 268, 295, 267)
(268, 296, 269, 295)
(296, 272, 297, 271)
(272, 298, 273, 297)
(284, 294, 285, 293)
(285, 262, 286, 263)
(261, 266, 262, 267)
(260, 270, 261, 269)
(270, 260, 271, 259)
(255, 259, 256, 258)
(301, 257, 0, 256)
(300, 1, 301, 2)
(273, 3, 274, 2)
(126, 4, 127, 3)
(128, 126, 129, 125)
(108, 130, 109, 129)
(107, 33, 108, 32)
(31, 107, 32, 106)
(105, 27, 106, 26)
(16, 25, 17, 26)
(15, 250, 16, 251)
(251, 298, 252, 299)
(283, 252, 284, 253)
(253, 288, 254, 289)
(287, 265, 288, 264)
(292, 264, 293, 263)
(291, 287, 292, 286)
(265, 291, 266, 290)
(289, 254, 290, 255)
(282, 299, 283, 300)
(6, 281, 7, 282)
(5, 275, 6, 274)
(4, 128, 5, 127)
(278, 275, 279, 276)
(48, 280, 49, 279)
(38, 47, 39, 48)
(46, 37, 47, 38)
(45, 116, 46, 117)
(117, 125, 118, 124)
(241, 119, 242, 118)
(243, 241, 244, 240)
(244, 193, 245, 194)
(192, 114, 193, 113)
(109, 112, 110, 113)
(132, 112, 133, 111)
(133, 130, 134, 131)
(134, 33, 135, 34)
(135, 190, 136, 191)
(98, 190, 99, 189)
(99, 103, 100, 102)
(103, 31, 104, 30)
(27, 105, 28, 104)
(17, 29, 18, 28)
(29, 19, 30, 18)
(24, 19, 25, 20)
(20, 23, 21, 24)
(22, 64, 23, 63)
(249, 63, 250, 62)
(52, 62, 53, 61)
(60, 54, 61, 53)
(59, 9, 60, 8)
(7, 14, 8, 15)
(13, 55, 14, 54)
(55, 13, 56, 12)
(9, 57, 10, 56)
(57, 11, 58, 10)
(11, 59, 12, 58)
(280, 52, 281, 51)
(277, 51, 278, 50)
(49, 277, 50, 276)
(39, 248, 40, 249)
(36, 248, 37, 247)
(43, 247, 44, 246)
(115, 44, 116, 45)
(114, 246, 115, 245)
(42, 36, 43, 35)
(34, 191, 35, 192)
(41, 89, 42, 88)
(87, 90, 88, 91)
(91, 86, 92, 87)
(85, 72, 86, 73)
(73, 136, 74, 137)
(97, 74, 98, 75)
(168, 75, 169, 76)
(169, 78, 170, 79)
(77, 170, 78, 171)
(150, 172, 151, 171)
(149, 82, 150, 83)
(83, 189, 84, 188)
(84, 95, 85, 96)
(94, 69, 95, 70)
(70, 93, 71, 94)
(67, 92, 68, 93)
(66, 101, 67, 102)
(100, 65, 101, 66)
(64, 22, 65, 21)
(71, 68, 72, 69)
(96, 137, 97, 138)
(167, 138, 168, 139)
(139, 166, 140, 167)
(165, 155, 166, 154)
(153, 158, 154, 159)
(159, 152, 160, 153)
(151, 81, 152, 80)
(76, 79, 77, 80)
(172, 82, 173, 81)
(148, 173, 149, 174)
(174, 147, 175, 148)
(146, 187, 147, 188)
(140, 145, 141, 146)
(144, 184, 145, 183)
(182, 161, 183, 162)
(155, 163, 156, 162)
(163, 157, 164, 156)
(157, 165, 158, 164)
(160, 181, 161, 182)
(180, 176, 181, 175)
(179, 186, 180, 187)
(178, 142, 179, 141)
(142, 178, 143, 177)
(184, 144, 185, 143)
(185, 176, 186, 177)
(89, 41, 90, 40)
(110, 132, 111, 131)
(215, 194, 216, 195)
(216, 198, 217, 197)
(123, 198, 124, 199)
(199, 225, 200, 224)
(225, 201, 226, 200)
(206, 201, 207, 202)
(207, 239, 208, 238)
(120, 240, 121, 239)
(119, 243, 120, 242)
(214, 121, 215, 122)
(219, 123, 220, 122)
(218, 196, 219, 195)
(196, 218, 197, 217)
(211, 221, 212, 220)
(221, 211, 222, 210)
(227, 223, 228, 222)
(223, 227, 224, 226)
(228, 231, 229, 232)
(235, 230, 236, 231)
(232, 237, 233, 238)
(229, 236, 230, 237)
(204, 234, 205, 233)
(234, 204, 235, 203)
(202, 205, 203, 206)
(209, 212, 210, 213)
(213, 208, 214, 209)
(257, 1, 258, 0)
