(77, 303, 78, 302)
(303, 29, 304, 28)
(16, 30, 17, 29)
(30, 16, 31, 15)
(74, 31, 75, 32)
(80, 76, 81, 75)
(76, 80, 77, 79)
(301, 79, 302, 78)
(300, 268, 301, 267)
(266, 191, 267, 192)
(229, 193, 230, 192)
(239, 228, 240, 229)
(27, 239, 28, 238)
(237, 27, 238, 26)
(25, 97, 26, 96)
(95, 93, 96, 92)
(22, 91, 23, 92)
(304, 21, 305, 22)
(11, 21, 12, 20)
(12, 17, 13, 18)
(72, 13, 73, 14)
(14, 73, 15, 74)
(18, 72, 19, 71)
(70, 20, 71, 19)
(69, 58, 70, 59)
(59, 32, 60, 33)
(65, 61, 66, 60)
(83, 306, 84, 307)
(85, 83, 86, 82)
(81, 87, 82, 86)
(294, 87, 295, 88)
(88, 295, 89, 296)
(296, 89, 297, 90)
(268, 298, 269, 297)
(189, 298, 190, 299)
(299, 190, 300, 191)
(265, 189, 266, 188)
(187, 265, 188, 264)
(182, 263, 183, 264)
(181, 231, 182, 230)
(231, 181, 232, 180)
(193, 233, 194, 232)
(233, 251, 234, 250)
(251, 235, 252, 234)
(235, 240, 236, 241)
(227, 236, 228, 237)
(226, 276, 227, 275)
(217, 274, 218, 275)
(273, 216, 274, 217)
(97, 272, 98, 273)
(271, 288, 272, 289)
(24, 289, 25, 290)
(93, 291, 94, 290)
(291, 95, 292, 94)
(292, 23, 293, 24)
(293, 91, 294, 90)
(169, 271, 170, 270)
(269, 171, 270, 170)
(258, 171, 259, 172)
(172, 259, 173, 260)
(173, 185, 174, 184)
(185, 175, 186, 174)
(175, 187, 176, 186)
(176, 183, 177, 184)
(177, 261, 178, 260)
(261, 179, 262, 178)
(179, 263, 180, 262)
(257, 100, 258, 101)
(158, 101, 159, 102)
(159, 194, 160, 195)
(201, 160, 202, 161)
(202, 250, 203, 249)
(248, 204, 249, 203)
(247, 255, 248, 254)
(253, 247, 254, 246)
(245, 253, 246, 252)
(244, 280, 245, 279)
(278, 244, 279, 243)
(241, 242, 242, 243)
(206, 278, 207, 277)
(276, 208, 277, 207)
(281, 208, 282, 209)
(219, 283, 220, 282)
(225, 219, 226, 218)
(224, 215, 225, 216)
(223, 286, 224, 287)
(98, 288, 99, 287)
(99, 169, 100, 168)
(256, 168, 257, 167)
(117, 166, 118, 167)
(116, 139, 117, 140)
(140, 128, 141, 127)
(103, 129, 104, 128)
(102, 157, 103, 158)
(151, 157, 152, 156)
(107, 152, 108, 153)
(108, 113, 109, 114)
(112, 109, 113, 110)
(121, 110, 122, 111)
(122, 119, 123, 120)
(165, 118, 166, 119)
(164, 197, 165, 198)
(198, 163, 199, 164)
(162, 199, 163, 200)
(200, 195, 201, 196)
(196, 161, 197, 162)
(204, 255, 205, 256)
(205, 280, 206, 281)
(114, 123, 115, 124)
(138, 115, 139, 116)
(146, 137, 147, 138)
(145, 126, 146, 127)
(131, 144, 132, 145)
(141, 130, 142, 131)
(129, 105, 130, 104)
(105, 155, 106, 154)
(155, 151, 156, 150)
(149, 106, 150, 107)
(153, 148, 154, 149)
(124, 147, 125, 148)
(136, 125, 137, 126)
(132, 135, 133, 136)
(134, 143, 135, 144)
(142, 133, 143, 134)
(111, 120, 112, 121)
(213, 222, 214, 223)
(221, 212, 222, 213)
(209, 220, 210, 221)
(210, 283, 211, 284)
(284, 211, 285, 212)
(285, 215, 286, 214)
(305, 84, 306, 85)
(1, 11, 2, 10)
(2, 37, 3, 38)
(36, 57, 37, 58)
(35, 68, 36, 69)
(67, 34, 68, 35)
(33, 66, 34, 67)
(56, 39, 57, 40)
(40, 10, 41, 9)
(50, 42, 51, 41)
(42, 50, 43, 49)
(48, 44, 49, 43)
(6, 48, 7, 47)
(4, 8, 5, 7)
(38, 3, 39, 4)
(8, 56, 9, 55)
(54, 52, 55, 51)
(44, 53, 45, 54)
(52, 45, 53, 46)
(46, 6, 47, 5)
(61, 65, 62, 64)
(307, 63, 0, 62)
(63, 1, 64, 0)
