(271, 245, 272, 244)
(243, 241, 244, 240)
(276, 240, 277, 239)
(262, 278, 263, 277)
(252, 262, 253, 261)
(253, 250, 254, 251)
(249, 296, 250, 297)
(246, 298, 247, 297)
(245, 273, 246, 272)
(273, 271, 274, 270)
(274, 241, 275, 242)
(242, 275, 243, 276)
(304, 270, 305, 269)
(268, 0, 269, 305)
(4, 268, 5, 267)
(5, 264, 6, 265)
(238, 264, 239, 263)
(237, 6, 238, 7)
(7, 28, 8, 29)
(27, 8, 28, 9)
(44, 9, 45, 10)
(10, 45, 11, 46)
(280, 12, 281, 11)
(12, 280, 13, 279)
(278, 14, 279, 13)
(14, 20, 15, 19)
(20, 16, 21, 15)
(259, 16, 260, 17)
(260, 252, 261, 251)
(17, 258, 18, 259)
(257, 290, 258, 291)
(254, 292, 255, 291)
(295, 292, 296, 293)
(266, 293, 267, 294)
(294, 265, 295, 266)
(220, 256, 221, 255)
(219, 234, 220, 235)
(30, 235, 31, 236)
(236, 31, 237, 32)
(32, 29, 33, 30)
(218, 34, 219, 33)
(36, 218, 37, 217)
(37, 102, 38, 103)
(40, 102, 41, 101)
(41, 84, 42, 85)
(83, 42, 84, 43)
(26, 43, 27, 44)
(283, 24, 284, 25)
(23, 282, 24, 283)
(281, 22, 282, 23)
(21, 18, 22, 19)
(284, 229, 285, 230)
(228, 285, 229, 286)
(286, 224, 287, 223)
(289, 224, 290, 225)
(225, 288, 226, 289)
(287, 226, 288, 227)
(222, 228, 223, 227)
(256, 222, 257, 221)
(230, 234, 231, 233)
(232, 232, 233, 231)
(173, 146, 174, 147)
(145, 35, 146, 34)
(35, 145, 36, 144)
(143, 195, 144, 194)
(214, 194, 215, 193)
(215, 210, 216, 211)
(209, 216, 210, 217)
(208, 67, 209, 68)
(113, 69, 114, 68)
(112, 106, 113, 105)
(104, 98, 105, 97)
(96, 104, 97, 103)
(95, 92, 96, 93)
(93, 38, 94, 39)
(39, 94, 40, 95)
(91, 100, 92, 101)
(81, 91, 82, 90)
(85, 83, 86, 82)
(79, 87, 80, 86)
(78, 129, 79, 130)
(130, 170, 131, 169)
(170, 47, 171, 48)
(25, 47, 26, 46)
(172, 172, 173, 171)
(48, 132, 49, 131)
(132, 50, 133, 49)
(50, 136, 51, 135)
(155, 137, 156, 136)
(151, 154, 152, 155)
(150, 148, 151, 147)
(176, 150, 177, 149)
(174, 178, 175, 177)
(153, 179, 154, 178)
(179, 153, 180, 152)
(180, 138, 181, 137)
(138, 200, 139, 199)
(200, 140, 201, 139)
(195, 141, 196, 140)
(141, 213, 142, 212)
(213, 143, 214, 142)
(211, 192, 212, 193)
(202, 192, 203, 191)
(203, 161, 204, 160)
(206, 161, 207, 162)
(66, 207, 67, 208)
(162, 66, 163, 65)
(163, 167, 164, 166)
(70, 168, 71, 167)
(69, 115, 70, 114)
(128, 116, 129, 115)
(106, 127, 107, 128)
(126, 107, 127, 108)
(108, 125, 109, 126)
(124, 121, 125, 122)
(117, 123, 118, 122)
(111, 117, 112, 116)
(110, 119, 111, 120)
(120, 109, 121, 110)
(123, 119, 124, 118)
(168, 78, 169, 77)
(157, 76, 158, 77)
(53, 156, 54, 157)
(52, 134, 53, 133)
(134, 52, 135, 51)
(54, 160, 55, 159)
(55, 204, 56, 205)
(205, 56, 206, 57)
(62, 57, 63, 58)
(164, 63, 165, 64)
(64, 165, 65, 166)
(58, 71, 59, 72)
(72, 59, 73, 60)
(60, 73, 61, 74)
(74, 61, 75, 62)
(75, 158, 76, 159)
(190, 184, 191, 183)
(182, 190, 183, 189)
(188, 182, 189, 181)
(187, 198, 188, 199)
(197, 186, 198, 187)
(201, 196, 202, 197)
(185, 185, 186, 184)
(148, 176, 149, 175)
(98, 88, 99, 87)
(88, 100, 89, 99)
(89, 81, 90, 80)
(3, 301, 4, 300)
(248, 300, 249, 299)
(298, 248, 299, 247)
(303, 3, 304, 2)
(1, 303, 2, 302)
(301, 1, 302, 0)
