(137, 188, 138, 189)
(192, 190, 193, 189)
(138, 191, 139, 192)
(190, 139, 191, 140)
(9, 140, 10, 141)
(151, 10, 152, 11)
(175, 153, 176, 152)
(174, 237, 175, 238)
(238, 186, 239, 185)
(219, 187, 220, 186)
(187, 219, 188, 218)
(217, 23, 218, 22)
(21, 217, 22, 216)
(210, 216, 211, 215)
(136, 5, 137, 6)
(197, 7, 198, 6)
(193, 196, 194, 197)
(195, 8, 196, 9)
(7, 194, 8, 195)
(198, 135, 199, 136)
(134, 142, 135, 141)
(142, 134, 143, 133)
(132, 144, 133, 143)
(150, 132, 151, 131)
(325, 130, 326, 131)
(324, 81, 325, 82)
(82, 323, 83, 324)
(322, 101, 323, 102)
(102, 11, 103, 12)
(12, 103, 13, 104)
(13, 179, 14, 178)
(176, 180, 177, 179)
(223, 180, 224, 181)
(229, 224, 230, 225)
(161, 230, 162, 231)
(162, 153, 163, 154)
(154, 163, 155, 164)
(155, 237, 156, 236)
(167, 156, 168, 157)
(168, 160, 169, 159)
(173, 160, 174, 161)
(231, 172, 232, 173)
(171, 232, 172, 233)
(166, 234, 167, 233)
(234, 166, 235, 165)
(164, 236, 165, 235)
(170, 158, 171, 157)
(158, 170, 159, 169)
(184, 225, 185, 226)
(226, 183, 227, 184)
(182, 227, 183, 228)
(228, 181, 229, 182)
(15, 223, 16, 222)
(221, 17, 222, 16)
(239, 220, 240, 221)
(240, 18, 241, 17)
(18, 23, 19, 24)
(24, 19, 25, 20)
(20, 25, 21, 26)
(251, 26, 252, 27)
(252, 284, 253, 283)
(284, 210, 285, 209)
(208, 286, 209, 285)
(207, 2, 208, 3)
(214, 213, 215, 214)
(3, 213, 4, 212)
(211, 5, 212, 4)
(201, 207, 202, 206)
(202, 147, 203, 148)
(146, 203, 147, 204)
(204, 145, 205, 146)
(199, 144, 200, 145)
(149, 200, 150, 201)
(205, 149, 206, 148)
(1, 289, 2, 288)
(287, 327, 288, 326)
(286, 291, 287, 292)
(292, 256, 293, 255)
(256, 130, 257, 129)
(300, 258, 301, 257)
(258, 300, 259, 299)
(259, 73, 260, 72)
(78, 73, 79, 74)
(88, 80, 89, 79)
(80, 88, 81, 87)
(86, 75, 87, 76)
(76, 83, 77, 84)
(98, 77, 99, 78)
(320, 100, 321, 99)
(100, 320, 101, 319)
(318, 321, 319, 322)
(317, 105, 318, 104)
(316, 70, 317, 69)
(177, 15, 178, 14)
(63, 68, 64, 69)
(67, 62, 68, 63)
(66, 47, 67, 48)
(241, 49, 242, 48)
(49, 57, 50, 56)
(57, 51, 58, 50)
(51, 59, 52, 58)
(250, 59, 251, 60)
(38, 28, 39, 27)
(28, 38, 29, 37)
(36, 30, 37, 29)
(280, 36, 281, 35)
(281, 264, 282, 265)
(263, 282, 264, 283)
(262, 107, 263, 108)
(307, 109, 308, 108)
(109, 307, 110, 306)
(115, 110, 116, 111)
(123, 117, 124, 116)
(122, 119, 123, 120)
(120, 253, 121, 254)
(254, 121, 255, 122)
(118, 113, 119, 114)
(125, 114, 126, 115)
(293, 127, 294, 126)
(127, 296, 128, 297)
(295, 128, 296, 129)
(297, 295, 298, 294)
(301, 299, 302, 298)
(302, 314, 303, 313)
(314, 261, 315, 262)
(71, 261, 72, 260)
(105, 70, 106, 71)
(315, 106, 316, 107)
(303, 311, 304, 310)
(311, 308, 312, 309)
(312, 306, 313, 305)
(309, 305, 310, 304)
(124, 112, 125, 111)
(112, 117, 113, 118)
(265, 34, 266, 35)
(278, 33, 279, 34)
(277, 268, 278, 269)
(272, 269, 273, 270)
(30, 274, 31, 273)
(274, 32, 275, 31)
(267, 33, 268, 32)
(266, 279, 267, 280)
(275, 271, 276, 270)
(271, 277, 272, 276)
(60, 39, 61, 40)
(64, 62, 65, 61)
(46, 65, 47, 66)
(40, 46, 41, 45)
(44, 42, 45, 41)
(43, 243, 44, 242)
(243, 43, 244, 42)
(244, 56, 245, 55)
(245, 248, 246, 249)
(52, 247, 53, 248)
(246, 53, 247, 54)
(54, 250, 55, 249)
(97, 92, 98, 93)
(93, 90, 94, 91)
(74, 89, 75, 90)
(94, 86, 95, 85)
(84, 96, 85, 95)
(91, 96, 92, 97)
(327, 291, 0, 290)
(289, 1, 290, 0)
