(145, 206, 146, 207)
(207, 144, 208, 145)
(146, 143, 147, 144)
(142, 275, 143, 276)
(99, 277, 100, 276)
(98, 72, 99, 71)
(129, 70, 130, 71)
(128, 125, 129, 126)
(126, 206, 127, 205)
(204, 128, 205, 127)
(208, 203, 209, 204)
(211, 202, 212, 203)
(201, 210, 202, 211)
(200, 148, 201, 147)
(199, 159, 200, 158)
(157, 274, 158, 275)
(212, 210, 213, 209)
(213, 156, 214, 157)
(155, 218, 156, 219)
(219, 232, 220, 233)
(231, 224, 232, 225)
(258, 225, 259, 226)
(148, 260, 149, 259)
(255, 261, 256, 260)
(247, 254, 248, 255)
(243, 246, 244, 247)
(242, 197, 243, 198)
(159, 199, 160, 198)
(239, 161, 240, 160)
(238, 273, 239, 274)
(216, 238, 217, 237)
(214, 218, 215, 217)
(236, 216, 237, 215)
(235, 154, 236, 155)
(221, 234, 222, 235)
(233, 220, 234, 221)
(229, 223, 230, 222)
(223, 229, 224, 228)
(230, 228, 231, 227)
(226, 257, 227, 258)
(149, 256, 150, 257)
(261, 151, 262, 150)
(264, 151, 265, 152)
(265, 191, 266, 190)
(194, 191, 195, 192)
(195, 186, 196, 187)
(185, 179, 186, 178)
(172, 178, 173, 177)
(176, 174, 177, 173)
(175, 249, 176, 248)
(249, 175, 250, 174)
(168, 179, 169, 180)
(167, 245, 168, 244)
(245, 167, 246, 166)
(196, 166, 197, 165)
(164, 161, 165, 162)
(162, 242, 163, 241)
(240, 164, 241, 163)
(169, 183, 170, 182)
(183, 171, 184, 170)
(171, 185, 172, 184)
(252, 182, 253, 181)
(250, 254, 251, 253)
(180, 252, 181, 251)
(187, 193, 188, 192)
(193, 189, 194, 188)
(189, 267, 190, 266)
(267, 153, 268, 152)
(272, 153, 273, 154)
(268, 272, 269, 271)
(262, 270, 263, 269)
(270, 264, 271, 263)
(124, 94, 125, 93)
(137, 93, 138, 92)
(138, 142, 139, 141)
(139, 100, 140, 101)
(101, 140, 102, 141)
(91, 103, 92, 102)
(90, 120, 91, 119)
(118, 90, 119, 89)
(88, 281, 89, 282)
(282, 83, 283, 84)
(82, 74, 83, 73)
(72, 278, 73, 277)
(278, 98, 279, 97)
(96, 280, 97, 279)
(64, 96, 65, 95)
(65, 132, 66, 133)
(131, 69, 132, 68)
(67, 131, 68, 130)
(69, 67, 70, 66)
(94, 134, 95, 133)
(134, 57, 135, 58)
(56, 135, 57, 136)
(123, 136, 124, 137)
(122, 104, 123, 103)
(116, 122, 117, 121)
(120, 118, 121, 117)
(108, 116, 109, 115)
(316, 110, 317, 109)
(110, 316, 111, 315)
(314, 112, 315, 111)
(280, 314, 281, 313)
(81, 312, 82, 313)
(87, 81, 88, 80)
(79, 87, 80, 86)
(85, 309, 86, 308)
(307, 85, 308, 84)
(303, 75, 304, 74)
(311, 303, 312, 302)
(301, 311, 302, 310)
(309, 78, 310, 79)
(77, 286, 78, 287)
(294, 288, 295, 287)
(306, 294, 307, 293)
(292, 306, 293, 305)
(304, 284, 305, 283)
(299, 284, 300, 285)
(300, 75, 301, 76)
(285, 76, 286, 77)
(298, 292, 299, 291)
(290, 298, 291, 297)
(296, 290, 297, 289)
(288, 296, 289, 295)
(112, 336, 113, 335)
(336, 59, 337, 60)
(58, 63, 59, 64)
(55, 2, 56, 3)
(8, 3, 9, 4)
(4, 9, 5, 10)
(106, 5, 107, 6)
(104, 108, 105, 107)
(6, 105, 7, 106)
(7, 11, 8, 10)
(11, 31, 12, 30)
(44, 31, 45, 32)
(32, 45, 33, 46)
(33, 36, 34, 37)
(35, 319, 36, 318)
(114, 318, 115, 317)
(334, 114, 335, 113)
(322, 334, 323, 333)
(323, 25, 324, 24)
(25, 60, 26, 61)
(337, 27, 0, 26)
(62, 1, 63, 2)
(61, 28, 62, 29)
(54, 29, 55, 30)
(53, 324, 54, 325)
(325, 14, 326, 15)
(13, 326, 14, 327)
(327, 12, 328, 13)
(328, 16, 329, 15)
(16, 330, 17, 329)
(330, 18, 331, 17)
(18, 44, 19, 43)
(42, 20, 43, 19)
(48, 41, 49, 42)
(47, 39, 48, 38)
(37, 47, 38, 46)
(320, 40, 321, 39)
(319, 35, 320, 34)
(40, 322, 41, 321)
(20, 49, 21, 50)
(50, 21, 51, 22)
(332, 51, 333, 52)
(23, 52, 24, 53)
(22, 332, 23, 331)
(27, 1, 28, 0)
