(293, 165, 294, 164)
(165, 293, 166, 292)
(95, 166, 96, 167)
(96, 170, 97, 169)
(170, 232, 171, 231)
(235, 232, 236, 233)
(259, 237, 260, 236)
(239, 259, 240, 258)
(163, 240, 164, 241)
(244, 242, 245, 241)
(243, 252, 244, 253)
(290, 253, 291, 254)
(294, 292, 295, 291)
(295, 123, 296, 122)
(106, 124, 107, 123)
(94, 106, 95, 105)
(104, 94, 105, 93)
(92, 104, 93, 103)
(167, 102, 168, 103)
(101, 168, 102, 169)
(97, 100, 98, 101)
(99, 126, 100, 127)
(6, 128, 7, 127)
(5, 331, 6, 330)
(329, 326, 330, 327)
(222, 327, 223, 328)
(280, 224, 281, 223)
(230, 280, 231, 279)
(278, 230, 279, 229)
(228, 266, 229, 265)
(264, 172, 265, 171)
(234, 264, 235, 263)
(262, 234, 263, 233)
(261, 239, 262, 238)
(237, 261, 238, 260)
(172, 176, 173, 175)
(176, 285, 177, 286)
(284, 287, 285, 288)
(288, 258, 289, 257)
(156, 289, 157, 290)
(157, 163, 158, 162)
(158, 250, 159, 249)
(250, 245, 251, 246)
(251, 242, 252, 243)
(159, 246, 160, 247)
(247, 160, 248, 161)
(161, 248, 162, 249)
(297, 255, 298, 254)
(121, 297, 122, 296)
(87, 121, 88, 120)
(88, 107, 89, 108)
(89, 8, 90, 9)
(7, 90, 8, 91)
(91, 124, 92, 125)
(125, 98, 126, 99)
(22, 10, 23, 9)
(21, 211, 22, 210)
(209, 129, 210, 128)
(208, 31, 209, 32)
(331, 33, 0, 32)
(33, 5, 34, 4)
(34, 203, 35, 204)
(202, 325, 203, 326)
(201, 220, 202, 221)
(328, 221, 329, 222)
(281, 200, 282, 201)
(192, 200, 193, 199)
(224, 194, 225, 193)
(271, 194, 272, 195)
(272, 278, 273, 277)
(276, 274, 277, 273)
(268, 276, 269, 275)
(269, 266, 270, 267)
(195, 270, 196, 271)
(196, 228, 197, 227)
(226, 198, 227, 197)
(198, 226, 199, 225)
(274, 268, 275, 267)
(188, 192, 189, 191)
(174, 189, 175, 190)
(190, 173, 191, 174)
(180, 182, 181, 181)
(179, 184, 180, 185)
(185, 178, 186, 179)
(286, 177, 287, 178)
(186, 183, 187, 184)
(182, 187, 183, 188)
(39, 282, 40, 283)
(283, 40, 284, 41)
(41, 151, 42, 150)
(151, 302, 152, 303)
(301, 152, 302, 153)
(256, 153, 257, 154)
(154, 299, 155, 300)
(298, 155, 299, 156)
(255, 301, 256, 300)
(303, 47, 304, 46)
(50, 47, 51, 48)
(51, 55, 52, 54)
(55, 81, 56, 80)
(81, 59, 82, 58)
(84, 60, 85, 59)
(60, 84, 61, 83)
(86, 61, 87, 62)
(62, 114, 63, 113)
(114, 120, 115, 119)
(115, 110, 116, 111)
(109, 116, 110, 117)
(117, 108, 118, 109)
(111, 118, 112, 119)
(112, 64, 113, 63)
(64, 57, 65, 58)
(56, 65, 57, 66)
(69, 67, 70, 66)
(77, 68, 78, 69)
(76, 14, 77, 13)
(12, 76, 13, 75)
(74, 12, 75, 11)
(10, 24, 11, 23)
(211, 25, 212, 24)
(25, 142, 26, 143)
(138, 142, 139, 141)
(139, 130, 140, 131)
(20, 130, 21, 129)
(30, 20, 31, 19)
(215, 19, 216, 18)
(323, 216, 324, 217)
(35, 325, 36, 324)
(217, 36, 218, 37)
(321, 219, 322, 218)
(219, 321, 220, 320)
(319, 38, 320, 39)
(149, 319, 150, 318)
(314, 317, 315, 318)
(313, 307, 314, 306)
(42, 305, 43, 306)
(45, 305, 46, 304)
(311, 45, 312, 44)
(312, 309, 313, 310)
(49, 309, 50, 308)
(307, 49, 308, 48)
(43, 311, 44, 310)
(316, 53, 317, 54)
(52, 315, 53, 316)
(71, 148, 72, 149)
(70, 79, 71, 80)
(67, 78, 68, 79)
(14, 147, 15, 148)
(73, 147, 74, 146)
(212, 145, 213, 146)
(27, 144, 28, 145)
(143, 26, 144, 27)
(28, 136, 29, 135)
(133, 137, 134, 136)
(137, 133, 138, 132)
(131, 140, 132, 141)
(134, 30, 135, 29)
(213, 17, 214, 16)
(17, 215, 18, 214)
(72, 15, 73, 16)
(322, 38, 323, 37)
(82, 85, 83, 86)
(3, 205, 4, 204)
(207, 3, 208, 2)
(1, 207, 2, 206)
(205, 1, 206, 0)
