(214, 37, 215, 38)
(36, 213, 37, 214)
(166, 36, 167, 35)
(38, 168, 39, 167)
(290, 196, 291, 195)
(281, 194, 282, 195)
(280, 218, 281, 217)
(216, 212, 217, 211)
(210, 216, 211, 215)
(209, 212, 210, 213)
(163, 209, 164, 208)
(164, 34, 165, 33)
(34, 166, 35, 165)
(39, 32, 40, 33)
(130, 31, 131, 32)
(292, 129, 293, 130)
(291, 171, 292, 170)
(168, 170, 169, 169)
(196, 172, 197, 171)
(172, 290, 173, 289)
(288, 174, 289, 173)
(176, 288, 177, 287)
(177, 220, 178, 221)
(219, 283, 220, 282)
(193, 219, 194, 218)
(192, 223, 193, 224)
(224, 314, 225, 313)
(5, 315, 6, 314)
(159, 4, 160, 5)
(161, 159, 162, 158)
(162, 280, 163, 279)
(278, 134, 279, 133)
(207, 133, 208, 132)
(131, 41, 132, 40)
(30, 41, 31, 42)
(42, 271, 43, 272)
(293, 270, 294, 271)
(128, 270, 129, 269)
(268, 260, 269, 259)
(199, 258, 200, 259)
(189, 199, 190, 198)
(197, 191, 198, 190)
(191, 180, 192, 181)
(284, 180, 285, 179)
(174, 286, 175, 285)
(286, 176, 287, 175)
(221, 178, 222, 179)
(222, 283, 223, 284)
(181, 313, 182, 312)
(182, 185, 183, 186)
(184, 310, 185, 309)
(308, 244, 309, 243)
(242, 17, 243, 18)
(18, 241, 19, 242)
(240, 147, 241, 148)
(148, 239, 149, 240)
(9, 239, 10, 238)
(10, 225, 11, 226)
(11, 6, 12, 7)
(145, 13, 146, 12)
(315, 144, 316, 145)
(142, 143, 143, 144)
(141, 322, 142, 323)
(323, 3, 324, 2)
(3, 160, 4, 161)
(135, 325, 136, 324)
(134, 157, 135, 158)
(321, 156, 322, 157)
(320, 276, 321, 275)
(277, 275, 278, 274)
(273, 28, 274, 29)
(206, 29, 207, 30)
(205, 273, 206, 272)
(204, 202, 205, 201)
(200, 304, 201, 303)
(267, 302, 268, 303)
(261, 267, 262, 266)
(295, 263, 296, 262)
(294, 44, 295, 43)
(297, 44, 298, 45)
(47, 298, 48, 299)
(48, 128, 49, 127)
(64, 49, 65, 50)
(65, 301, 66, 300)
(260, 302, 261, 301)
(299, 67, 300, 66)
(120, 68, 121, 67)
(119, 54, 120, 55)
(55, 127, 56, 126)
(125, 57, 126, 56)
(63, 125, 64, 124)
(88, 123, 89, 124)
(122, 87, 123, 88)
(121, 51, 122, 50)
(90, 51, 91, 52)
(52, 91, 53, 92)
(68, 54, 69, 53)
(118, 69, 119, 70)
(70, 94, 71, 93)
(101, 95, 102, 94)
(100, 58, 101, 57)
(99, 60, 100, 61)
(108, 62, 109, 61)
(62, 108, 63, 107)
(85, 107, 86, 106)
(86, 89, 87, 90)
(105, 116, 106, 117)
(117, 92, 118, 93)
(104, 81, 105, 82)
(82, 103, 83, 104)
(102, 72, 103, 71)
(72, 76, 73, 75)
(76, 95, 77, 96)
(96, 77, 97, 78)
(97, 58, 98, 59)
(59, 98, 60, 99)
(78, 109, 79, 110)
(79, 115, 80, 114)
(115, 85, 116, 84)
(80, 84, 81, 83)
(113, 110, 114, 111)
(111, 75, 112, 74)
(73, 113, 74, 112)
(265, 47, 266, 46)
(45, 265, 46, 264)
(263, 297, 264, 296)
(203, 305, 204, 304)
(305, 203, 306, 202)
(251, 306, 252, 307)
(257, 252, 258, 253)
(253, 256, 254, 257)
(255, 188, 256, 189)
(187, 254, 188, 255)
(186, 311, 187, 312)
(310, 184, 311, 183)
(244, 308, 245, 307)
(24, 246, 25, 245)
(16, 24, 17, 23)
(22, 16, 23, 15)
(14, 20, 15, 19)
(13, 153, 14, 152)
(146, 152, 147, 151)
(150, 7, 151, 8)
(8, 149, 9, 150)
(230, 238, 231, 237)
(236, 232, 237, 231)
(232, 236, 233, 235)
(233, 226, 234, 227)
(227, 234, 228, 235)
(229, 228, 230, 229)
(153, 21, 154, 20)
(21, 155, 22, 154)
(155, 316, 156, 317)
(248, 317, 249, 318)
(318, 249, 319, 250)
(276, 320, 277, 319)
(250, 28, 251, 27)
(26, 248, 27, 247)
(246, 26, 247, 25)
(325, 138, 0, 139)
(140, 138, 141, 137)
(136, 1, 137, 2)
(139, 0, 140, 1)
