(42, 302, 43, 301)
(40, 43, 41, 44)
(302, 42, 303, 41)
(50, 304, 51, 303)
(34, 50, 35, 49)
(178, 36, 179, 35)
(177, 47, 178, 46)
(45, 38, 46, 39)
(39, 301, 40, 300)
(299, 45, 300, 44)
(205, 298, 206, 299)
(204, 306, 205, 305)
(304, 52, 305, 51)
(52, 291, 53, 292)
(287, 290, 288, 291)
(286, 33, 287, 34)
(32, 285, 33, 286)
(31, 29, 32, 28)
(27, 181, 28, 180)
(48, 180, 49, 179)
(36, 47, 37, 48)
(176, 37, 177, 38)
(175, 207, 176, 206)
(207, 175, 208, 174)
(208, 12, 209, 11)
(12, 210, 13, 209)
(210, 167, 211, 168)
(166, 133, 167, 134)
(134, 165, 135, 166)
(164, 297, 165, 298)
(296, 163, 297, 164)
(306, 295, 307, 296)
(313, 295, 314, 294)
(293, 315, 294, 314)
(203, 293, 204, 292)
(55, 203, 56, 202)
(53, 57, 54, 56)
(57, 283, 58, 282)
(288, 284, 289, 283)
(284, 290, 285, 289)
(58, 271, 59, 272)
(73, 271, 74, 270)
(7, 74, 8, 75)
(23, 8, 24, 9)
(24, 29, 25, 30)
(30, 25, 31, 26)
(181, 27, 182, 26)
(9, 182, 10, 183)
(173, 10, 174, 11)
(172, 14, 173, 13)
(168, 171, 169, 172)
(219, 171, 220, 170)
(220, 215, 221, 216)
(211, 214, 212, 215)
(188, 213, 189, 214)
(187, 230, 188, 231)
(226, 232, 227, 231)
(232, 226, 233, 225)
(138, 234, 139, 233)
(137, 111, 138, 110)
(109, 137, 110, 136)
(132, 136, 133, 135)
(252, 132, 253, 131)
(253, 157, 254, 156)
(312, 158, 313, 157)
(311, 160, 312, 161)
(161, 310, 162, 311)
(309, 162, 310, 163)
(159, 308, 160, 309)
(307, 158, 308, 159)
(263, 254, 264, 255)
(317, 265, 318, 264)
(199, 317, 200, 316)
(315, 201, 316, 200)
(201, 55, 202, 54)
(265, 199, 266, 198)
(281, 266, 282, 267)
(267, 280, 268, 281)
(279, 275, 280, 274)
(273, 279, 274, 278)
(277, 273, 278, 272)
(276, 66, 277, 65)
(59, 64, 60, 65)
(70, 64, 71, 63)
(62, 72, 63, 71)
(72, 62, 73, 61)
(60, 70, 61, 69)
(68, 269, 69, 270)
(268, 67, 269, 68)
(66, 276, 67, 275)
(6, 198, 7, 197)
(196, 1, 197, 2)
(2, 195, 3, 196)
(75, 194, 76, 195)
(193, 22, 194, 23)
(183, 20, 184, 21)
(19, 15, 20, 14)
(15, 19, 16, 18)
(16, 218, 17, 217)
(169, 219, 170, 218)
(216, 18, 217, 17)
(221, 185, 222, 184)
(185, 190, 186, 191)
(212, 189, 213, 190)
(229, 186, 230, 187)
(228, 223, 229, 224)
(224, 227, 225, 228)
(222, 191, 223, 192)
(21, 192, 22, 193)
(3, 76, 4, 77)
(79, 4, 80, 5)
(80, 88, 81, 87)
(88, 139, 89, 140)
(89, 129, 90, 128)
(129, 91, 130, 90)
(112, 92, 113, 91)
(111, 235, 112, 234)
(235, 93, 236, 92)
(93, 237, 94, 236)
(237, 243, 238, 242)
(108, 243, 109, 244)
(105, 245, 106, 244)
(104, 115, 105, 116)
(116, 252, 117, 251)
(248, 118, 249, 117)
(118, 248, 119, 247)
(100, 120, 101, 119)
(120, 100, 121, 99)
(127, 123, 128, 122)
(126, 141, 127, 142)
(142, 262, 143, 261)
(155, 262, 156, 263)
(145, 154, 146, 155)
(153, 144, 154, 145)
(152, 147, 153, 148)
(148, 259, 149, 260)
(258, 81, 259, 82)
(82, 86, 83, 85)
(255, 87, 256, 86)
(83, 256, 84, 257)
(257, 84, 258, 85)
(124, 150, 125, 149)
(123, 141, 124, 140)
(150, 126, 151, 125)
(260, 151, 261, 152)
(143, 146, 144, 147)
(121, 131, 122, 130)
(113, 98, 114, 99)
(106, 98, 107, 97)
(96, 108, 97, 107)
(95, 241, 96, 240)
(239, 95, 240, 94)
(241, 239, 242, 238)
(245, 115, 246, 114)
(101, 246, 102, 247)
(249, 102, 250, 103)
(103, 250, 104, 251)
(318, 6, 319, 5)
(319, 78, 0, 79)
(77, 0, 78, 1)
