(257, 66, 258, 67)
(67, 256, 68, 257)
(262, 255, 263, 256)
(261, 253, 262, 252)
(251, 261, 252, 260)
(259, 251, 260, 250)
(249, 259, 250, 258)
(65, 249, 66, 248)
(247, 65, 248, 64)
(63, 164, 64, 165)
(124, 166, 125, 165)
(123, 19, 124, 18)
(17, 265, 18, 264)
(263, 69, 264, 68)
(69, 100, 70, 101)
(99, 70, 100, 71)
(71, 74, 72, 75)
(73, 254, 74, 255)
(253, 72, 254, 73)
(98, 76, 99, 75)
(312, 97, 313, 98)
(180, 311, 181, 312)
(179, 179, 180, 178)
(177, 246, 178, 247)
(185, 177, 186, 176)
(293, 187, 294, 186)
(157, 292, 158, 293)
(156, 163, 157, 164)
(56, 155, 57, 156)
(62, 56, 63, 55)
(54, 150, 55, 149)
(143, 148, 144, 149)
(125, 142, 126, 143)
(141, 139, 142, 138)
(34, 137, 35, 138)
(166, 33, 167, 34)
(32, 280, 33, 279)
(278, 22, 279, 21)
(121, 21, 122, 20)
(19, 123, 20, 122)
(265, 120, 266, 121)
(119, 103, 120, 102)
(16, 102, 17, 101)
(118, 15, 119, 16)
(104, 118, 105, 117)
(4, 106, 5, 105)
(30, 4, 31, 3)
(314, 32, 315, 31)
(76, 313, 77, 314)
(280, 77, 281, 78)
(242, 281, 243, 282)
(243, 97, 244, 96)
(244, 181, 245, 182)
(245, 311, 246, 310)
(309, 182, 310, 183)
(183, 308, 184, 309)
(307, 184, 308, 185)
(297, 306, 298, 307)
(296, 190, 297, 189)
(188, 296, 189, 295)
(294, 175, 295, 176)
(174, 188, 175, 187)
(190, 174, 191, 173)
(172, 192, 173, 191)
(290, 172, 291, 171)
(291, 158, 292, 159)
(159, 163, 160, 162)
(45, 160, 46, 161)
(46, 39, 47, 40)
(57, 38, 58, 39)
(37, 58, 38, 59)
(59, 152, 60, 153)
(151, 60, 152, 61)
(61, 155, 62, 154)
(150, 153, 151, 154)
(47, 37, 48, 36)
(48, 129, 49, 130)
(128, 49, 129, 50)
(50, 147, 51, 148)
(146, 53, 147, 54)
(52, 145, 53, 146)
(144, 51, 145, 52)
(127, 135, 128, 134)
(133, 127, 134, 126)
(139, 132, 140, 133)
(131, 140, 132, 141)
(135, 131, 136, 130)
(136, 35, 137, 36)
(40, 167, 41, 168)
(240, 41, 241, 42)
(241, 78, 242, 79)
(282, 80, 283, 79)
(301, 81, 302, 80)
(300, 89, 301, 90)
(90, 299, 91, 300)
(95, 299, 96, 298)
(94, 305, 95, 306)
(304, 93, 305, 94)
(303, 87, 304, 86)
(85, 216, 86, 217)
(206, 217, 207, 218)
(222, 208, 223, 207)
(221, 193, 222, 192)
(229, 221, 230, 220)
(287, 230, 288, 231)
(231, 288, 232, 289)
(289, 232, 290, 233)
(286, 234, 287, 233)
(234, 286, 235, 285)
(284, 236, 285, 235)
(236, 284, 237, 283)
(42, 237, 43, 238)
(43, 171, 44, 170)
(161, 44, 162, 45)
(238, 170, 239, 169)
(168, 240, 169, 239)
(219, 202, 220, 203)
(82, 204, 83, 203)
(81, 303, 82, 302)
(215, 204, 216, 205)
(84, 205, 85, 206)
(214, 83, 215, 84)
(213, 219, 214, 218)
(227, 212, 228, 213)
(223, 226, 224, 227)
(225, 195, 226, 194)
(208, 193, 209, 194)
(198, 210, 199, 209)
(200, 198, 201, 197)
(228, 201, 229, 202)
(211, 197, 212, 196)
(195, 225, 196, 224)
(210, 200, 211, 199)
(87, 92, 88, 93)
(91, 88, 92, 89)
(315, 22, 316, 23)
(316, 324, 317, 323)
(27, 324, 28, 325)
(9, 28, 10, 29)
(7, 11, 8, 10)
(6, 107, 7, 108)
(113, 108, 114, 109)
(267, 115, 268, 114)
(277, 267, 278, 266)
(276, 115, 277, 116)
(13, 116, 14, 117)
(103, 15, 104, 14)
(12, 6, 13, 5)
(106, 11, 107, 12)
(275, 272, 276, 273)
(273, 113, 274, 112)
(111, 275, 112, 274)
(110, 269, 111, 270)
(270, 109, 271, 110)
(268, 272, 269, 271)
(29, 8, 30, 9)
(325, 24, 0, 25)
(2, 24, 3, 23)
(1, 319, 2, 318)
(322, 318, 323, 317)
(26, 322, 27, 321)
(320, 26, 321, 25)
(319, 1, 320, 0)
