(19, 106, 20, 107)
(109, 19, 110, 18)
(107, 111, 108, 110)
(4, 111, 5, 112)
(104, 5, 105, 6)
(105, 20, 106, 21)
(21, 7, 22, 6)
(70, 7, 71, 8)
(8, 71, 9, 72)
(2, 10, 3, 9)
(10, 2, 11, 1)
(16, 11, 17, 12)
(17, 109, 18, 108)
(323, 13, 324, 12)
(322, 3, 323, 4)
(321, 69, 322, 68)
(60, 67, 61, 68)
(112, 59, 113, 60)
(58, 272, 59, 271)
(47, 271, 48, 270)
(45, 49, 46, 48)
(49, 45, 50, 44)
(41, 51, 42, 50)
(40, 24, 41, 23)
(103, 23, 104, 22)
(39, 102, 40, 103)
(38, 98, 39, 97)
(96, 74, 97, 73)
(69, 73, 70, 72)
(310, 96, 311, 95)
(311, 66, 312, 67)
(65, 312, 66, 313)
(313, 321, 314, 320)
(317, 314, 318, 315)
(318, 61, 319, 62)
(64, 319, 65, 320)
(63, 316, 64, 317)
(315, 62, 316, 63)
(307, 94, 308, 95)
(306, 114, 307, 113)
(114, 306, 115, 305)
(115, 275, 116, 274)
(275, 272, 276, 273)
(276, 260, 277, 259)
(260, 297, 261, 298)
(296, 261, 297, 262)
(57, 262, 58, 263)
(263, 54, 264, 55)
(53, 264, 54, 265)
(265, 269, 266, 268)
(269, 47, 270, 46)
(43, 266, 44, 267)
(267, 42, 268, 43)
(52, 288, 53, 287)
(286, 52, 287, 51)
(278, 285, 279, 286)
(277, 300, 278, 301)
(256, 302, 257, 301)
(255, 134, 256, 135)
(135, 254, 136, 255)
(24, 253, 25, 254)
(99, 252, 100, 253)
(101, 99, 102, 98)
(251, 100, 252, 101)
(201, 250, 202, 251)
(249, 200, 250, 201)
(248, 152, 249, 151)
(235, 150, 236, 151)
(234, 31, 235, 32)
(32, 89, 33, 90)
(83, 88, 84, 89)
(82, 35, 83, 36)
(36, 81, 37, 82)
(80, 37, 81, 38)
(79, 75, 80, 74)
(309, 79, 310, 78)
(77, 309, 78, 308)
(93, 77, 94, 76)
(75, 93, 76, 92)
(86, 91, 87, 92)
(90, 85, 91, 86)
(84, 34, 85, 33)
(87, 34, 88, 35)
(304, 234, 305, 233)
(232, 304, 233, 303)
(133, 302, 134, 303)
(117, 132, 118, 133)
(273, 117, 274, 116)
(131, 129, 132, 128)
(127, 120, 128, 121)
(121, 126, 122, 127)
(258, 126, 259, 125)
(124, 258, 125, 257)
(123, 122, 124, 123)
(130, 119, 131, 120)
(118, 129, 119, 130)
(30, 231, 31, 232)
(29, 137, 30, 136)
(28, 140, 29, 139)
(138, 28, 139, 27)
(141, 27, 142, 26)
(25, 143, 26, 142)
(226, 143, 227, 144)
(220, 228, 221, 227)
(240, 220, 241, 219)
(241, 215, 242, 214)
(215, 206, 216, 207)
(202, 205, 203, 206)
(204, 198, 205, 197)
(199, 197, 200, 196)
(195, 153, 196, 152)
(191, 195, 192, 194)
(192, 212, 193, 211)
(212, 218, 213, 217)
(218, 244, 219, 243)
(239, 245, 240, 244)
(238, 247, 239, 248)
(237, 148, 238, 149)
(149, 236, 150, 237)
(147, 230, 148, 231)
(146, 224, 147, 223)
(222, 146, 223, 145)
(144, 225, 145, 226)
(224, 222, 225, 221)
(246, 229, 247, 230)
(228, 245, 229, 246)
(213, 243, 214, 242)
(207, 216, 208, 217)
(208, 181, 209, 182)
(171, 181, 172, 180)
(179, 173, 180, 172)
(153, 178, 154, 179)
(177, 175, 178, 174)
(173, 166, 174, 167)
(167, 191, 168, 190)
(185, 169, 186, 168)
(184, 187, 185, 188)
(188, 183, 189, 184)
(182, 209, 183, 210)
(210, 194, 211, 193)
(189, 171, 190, 170)
(169, 187, 170, 186)
(154, 165, 155, 166)
(164, 155, 165, 156)
(161, 156, 162, 157)
(157, 162, 158, 163)
(158, 175, 159, 176)
(176, 159, 177, 160)
(163, 160, 164, 161)
(198, 204, 199, 203)
(137, 140, 138, 141)
(299, 294, 300, 295)
(295, 298, 296, 299)
(293, 56, 294, 57)
(55, 292, 56, 293)
(280, 292, 281, 291)
(290, 282, 291, 281)
(282, 290, 283, 289)
(288, 284, 289, 283)
(284, 279, 285, 280)
(13, 325, 14, 324)
(325, 15, 0, 14)
(15, 1, 16, 0)
