(298, 309, 299, 310)
(308, 51, 309, 52)
(52, 93, 53, 94)
(92, 297, 93, 298)
(294, 91, 295, 92)
(293, 11, 294, 10)
(2, 10, 3, 9)
(3, 316, 4, 317)
(315, 318, 316, 319)
(319, 290, 320, 291)
(289, 320, 290, 321)
(321, 288, 0, 289)
(287, 311, 288, 310)
(299, 286, 300, 287)
(285, 50, 286, 51)
(284, 307, 285, 308)
(46, 283, 47, 284)
(274, 45, 275, 46)
(273, 41, 274, 40)
(39, 271, 40, 270)
(269, 39, 270, 38)
(37, 269, 38, 268)
(267, 263, 268, 262)
(94, 261, 95, 262)
(265, 260, 266, 261)
(259, 264, 260, 265)
(255, 259, 256, 258)
(256, 170, 257, 169)
(167, 171, 168, 170)
(77, 167, 78, 166)
(78, 149, 79, 150)
(57, 148, 58, 149)
(56, 84, 57, 83)
(82, 56, 83, 55)
(295, 55, 296, 54)
(53, 297, 54, 296)
(81, 84, 82, 85)
(85, 146, 86, 147)
(145, 90, 146, 91)
(89, 144, 90, 145)
(235, 88, 236, 89)
(234, 34, 235, 33)
(32, 219, 33, 220)
(220, 209, 221, 210)
(25, 208, 26, 209)
(24, 35, 25, 36)
(11, 37, 12, 36)
(249, 12, 250, 13)
(250, 199, 251, 200)
(198, 253, 199, 254)
(97, 255, 98, 254)
(96, 264, 97, 263)
(95, 266, 96, 267)
(107, 99, 108, 98)
(106, 172, 107, 171)
(194, 105, 195, 106)
(193, 124, 194, 125)
(125, 188, 126, 189)
(187, 126, 188, 127)
(127, 186, 128, 187)
(185, 128, 186, 129)
(129, 137, 130, 136)
(137, 71, 138, 70)
(71, 77, 72, 76)
(75, 73, 76, 72)
(159, 74, 160, 75)
(155, 158, 156, 159)
(165, 155, 166, 154)
(150, 153, 151, 154)
(65, 153, 66, 152)
(61, 67, 62, 66)
(67, 61, 68, 60)
(59, 69, 60, 68)
(58, 80, 59, 79)
(80, 148, 81, 147)
(69, 139, 70, 138)
(139, 240, 140, 241)
(239, 140, 240, 141)
(141, 86, 142, 87)
(237, 143, 238, 142)
(143, 237, 144, 236)
(238, 88, 239, 87)
(241, 131, 242, 130)
(131, 243, 132, 242)
(206, 243, 207, 244)
(207, 34, 208, 35)
(23, 244, 24, 245)
(248, 245, 249, 246)
(246, 16, 247, 15)
(13, 17, 14, 16)
(22, 18, 23, 17)
(204, 21, 205, 22)
(20, 203, 21, 204)
(202, 19, 203, 20)
(201, 132, 202, 133)
(133, 200, 134, 201)
(134, 111, 135, 112)
(110, 252, 111, 251)
(252, 110, 253, 109)
(108, 197, 109, 198)
(173, 196, 174, 197)
(172, 100, 173, 99)
(100, 195, 101, 196)
(101, 123, 102, 122)
(123, 105, 124, 104)
(103, 181, 104, 180)
(190, 179, 191, 180)
(192, 190, 193, 189)
(178, 191, 179, 192)
(182, 178, 183, 177)
(183, 115, 184, 114)
(115, 185, 116, 184)
(116, 113, 117, 114)
(112, 135, 113, 136)
(176, 118, 177, 117)
(175, 121, 176, 120)
(119, 175, 120, 174)
(118, 121, 119, 122)
(181, 103, 182, 102)
(18, 205, 19, 206)
(14, 248, 15, 247)
(161, 63, 162, 62)
(73, 160, 74, 161)
(63, 163, 64, 162)
(156, 164, 157, 163)
(164, 158, 165, 157)
(151, 65, 152, 64)
(26, 218, 27, 217)
(233, 218, 234, 219)
(232, 31, 233, 32)
(231, 28, 232, 29)
(29, 230, 30, 231)
(226, 230, 227, 229)
(210, 228, 211, 227)
(228, 212, 229, 211)
(221, 213, 222, 212)
(213, 225, 214, 224)
(216, 225, 217, 226)
(215, 223, 216, 222)
(223, 215, 224, 214)
(30, 27, 31, 28)
(168, 258, 169, 257)
(300, 272, 301, 271)
(272, 302, 273, 301)
(277, 303, 278, 302)
(305, 277, 306, 276)
(306, 50, 307, 49)
(48, 281, 49, 282)
(282, 47, 283, 48)
(275, 280, 276, 281)
(44, 280, 45, 279)
(278, 42, 279, 41)
(42, 303, 43, 304)
(304, 43, 305, 44)
(311, 293, 312, 292)
(1, 312, 2, 313)
(313, 6, 314, 7)
(8, 6, 9, 5)
(317, 4, 318, 5)
(7, 314, 8, 315)
(291, 0, 292, 1)
