(65, 5, 66, 4)
(8, 5, 9, 6)
(9, 65, 10, 64)
(10, 60, 11, 59)
(60, 12, 61, 11)
(293, 12, 294, 13)
(294, 285, 295, 286)
(284, 3, 285, 4)
(283, 139, 284, 138)
(66, 137, 67, 138)
(113, 137, 114, 136)
(135, 115, 136, 114)
(131, 135, 132, 134)
(132, 8, 133, 7)
(6, 134, 7, 133)
(130, 57, 131, 58)
(58, 64, 59, 63)
(49, 62, 50, 63)
(61, 48, 62, 49)
(47, 241, 48, 240)
(239, 47, 240, 46)
(45, 123, 46, 122)
(121, 45, 122, 44)
(100, 44, 101, 43)
(42, 102, 43, 101)
(292, 42, 293, 41)
(25, 40, 26, 41)
(13, 24, 14, 25)
(20, 23, 21, 24)
(16, 20, 17, 19)
(36, 18, 37, 17)
(35, 287, 36, 286)
(287, 35, 288, 34)
(288, 292, 289, 291)
(26, 290, 27, 289)
(290, 28, 291, 27)
(39, 28, 40, 29)
(14, 30, 15, 29)
(30, 21, 31, 22)
(22, 31, 23, 32)
(15, 32, 16, 33)
(38, 34, 39, 33)
(18, 38, 19, 37)
(301, 103, 302, 102)
(300, 297, 301, 298)
(319, 299, 0, 298)
(318, 296, 319, 295)
(2, 318, 3, 317)
(281, 97, 282, 96)
(139, 283, 140, 282)
(219, 141, 220, 140)
(141, 219, 142, 218)
(149, 142, 150, 143)
(165, 151, 166, 150)
(215, 164, 216, 165)
(214, 162, 215, 161)
(160, 68, 161, 67)
(196, 159, 197, 160)
(174, 196, 175, 195)
(175, 113, 176, 112)
(111, 177, 112, 176)
(233, 111, 234, 110)
(115, 235, 116, 234)
(56, 235, 57, 236)
(236, 130, 237, 129)
(50, 238, 51, 237)
(238, 241, 239, 242)
(117, 242, 118, 243)
(243, 118, 244, 119)
(119, 244, 120, 245)
(123, 121, 124, 120)
(245, 124, 246, 125)
(246, 109, 247, 110)
(108, 279, 109, 280)
(280, 107, 281, 108)
(106, 99, 107, 100)
(105, 317, 106, 316)
(302, 315, 303, 316)
(309, 314, 310, 315)
(308, 104, 309, 103)
(104, 308, 105, 307)
(311, 306, 312, 307)
(310, 304, 311, 303)
(313, 304, 314, 305)
(305, 312, 306, 313)
(98, 97, 99, 98)
(251, 278, 252, 279)
(277, 250, 278, 251)
(271, 277, 272, 276)
(275, 273, 276, 272)
(93, 275, 94, 274)
(91, 95, 92, 94)
(95, 91, 96, 90)
(220, 89, 221, 90)
(153, 88, 154, 89)
(152, 217, 153, 218)
(168, 151, 169, 152)
(146, 168, 147, 167)
(147, 144, 148, 145)
(143, 148, 144, 149)
(166, 146, 167, 145)
(169, 216, 170, 217)
(87, 171, 88, 170)
(86, 201, 87, 202)
(202, 85, 203, 86)
(84, 71, 85, 72)
(72, 83, 73, 84)
(211, 83, 212, 82)
(212, 164, 213, 163)
(162, 214, 163, 213)
(68, 81, 69, 82)
(207, 80, 208, 81)
(79, 206, 80, 207)
(205, 78, 206, 79)
(77, 204, 78, 205)
(203, 76, 204, 77)
(75, 70, 76, 71)
(74, 209, 75, 210)
(210, 73, 211, 74)
(69, 208, 70, 209)
(197, 200, 198, 201)
(158, 200, 159, 199)
(198, 158, 199, 157)
(156, 171, 157, 172)
(172, 155, 173, 156)
(154, 173, 155, 174)
(221, 226, 222, 227)
(225, 194, 226, 195)
(193, 224, 194, 225)
(192, 178, 193, 177)
(182, 191, 183, 192)
(190, 181, 191, 182)
(222, 189, 223, 190)
(188, 223, 189, 224)
(187, 181, 188, 180)
(179, 184, 180, 185)
(185, 178, 186, 179)
(183, 187, 184, 186)
(270, 257, 271, 258)
(256, 253, 257, 254)
(248, 255, 249, 256)
(252, 250, 253, 249)
(254, 247, 255, 248)
(258, 267, 259, 268)
(229, 267, 230, 266)
(230, 227, 231, 228)
(262, 259, 263, 260)
(260, 270, 261, 269)
(268, 262, 269, 261)
(265, 229, 266, 228)
(231, 264, 232, 265)
(263, 232, 264, 233)
(273, 93, 274, 92)
(125, 116, 126, 117)
(126, 53, 127, 54)
(55, 53, 56, 52)
(51, 128, 52, 129)
(54, 127, 55, 128)
(296, 2, 297, 1)
(299, 1, 300, 0)
