(318, 28, 319, 27)
(314, 318, 315, 317)
(315, 180, 316, 181)
(188, 180, 189, 179)
(176, 190, 177, 189)
(175, 26, 176, 27)
(11, 174, 12, 175)
(1, 11, 2, 10)
(9, 3, 10, 2)
(319, 8, 0, 9)
(7, 4, 8, 5)
(172, 6, 173, 5)
(32, 172, 33, 171)
(33, 28, 34, 29)
(245, 35, 246, 34)
(37, 244, 38, 245)
(36, 242, 37, 241)
(240, 45, 241, 46)
(46, 314, 47, 313)
(52, 47, 53, 48)
(212, 54, 213, 53)
(211, 183, 212, 182)
(181, 316, 182, 317)
(183, 211, 184, 210)
(184, 188, 185, 187)
(140, 185, 141, 186)
(138, 142, 139, 141)
(208, 137, 209, 138)
(196, 208, 197, 207)
(202, 198, 203, 197)
(198, 202, 199, 201)
(178, 199, 179, 200)
(200, 177, 201, 178)
(192, 204, 193, 203)
(24, 192, 25, 191)
(190, 26, 191, 25)
(12, 23, 13, 24)
(163, 23, 164, 22)
(29, 164, 30, 165)
(167, 30, 168, 31)
(31, 168, 32, 169)
(166, 170, 167, 169)
(170, 166, 171, 165)
(21, 19, 22, 18)
(66, 18, 67, 17)
(64, 68, 65, 67)
(63, 265, 64, 264)
(263, 63, 264, 62)
(61, 248, 62, 249)
(246, 250, 247, 249)
(301, 250, 302, 251)
(302, 308, 303, 307)
(308, 236, 309, 235)
(43, 237, 44, 236)
(42, 36, 43, 35)
(38, 41, 39, 42)
(40, 243, 41, 244)
(242, 39, 243, 40)
(237, 45, 238, 44)
(238, 312, 239, 311)
(312, 240, 313, 239)
(310, 223, 311, 224)
(51, 224, 52, 225)
(225, 50, 226, 51)
(49, 230, 50, 231)
(231, 48, 232, 49)
(232, 217, 233, 218)
(216, 305, 217, 306)
(306, 215, 307, 216)
(214, 296, 215, 295)
(294, 214, 295, 213)
(293, 291, 294, 290)
(252, 290, 253, 289)
(288, 254, 289, 253)
(287, 55, 288, 54)
(286, 258, 287, 257)
(256, 286, 257, 285)
(284, 74, 285, 73)
(72, 284, 73, 283)
(143, 282, 144, 283)
(142, 209, 143, 210)
(136, 282, 137, 281)
(280, 126, 281, 125)
(124, 114, 125, 113)
(112, 124, 113, 123)
(122, 112, 123, 111)
(110, 120, 111, 119)
(118, 108, 119, 107)
(99, 106, 100, 107)
(98, 14, 99, 13)
(14, 98, 15, 97)
(160, 15, 161, 16)
(20, 162, 21, 161)
(162, 20, 163, 19)
(16, 66, 17, 65)
(102, 159, 103, 160)
(76, 101, 77, 102)
(68, 75, 69, 76)
(265, 74, 266, 75)
(71, 266, 72, 267)
(267, 146, 268, 147)
(145, 273, 146, 272)
(271, 145, 272, 144)
(273, 271, 274, 270)
(274, 151, 275, 152)
(150, 275, 151, 276)
(135, 276, 136, 277)
(128, 277, 129, 278)
(278, 129, 279, 130)
(126, 280, 127, 279)
(130, 127, 131, 128)
(131, 116, 132, 117)
(115, 120, 116, 121)
(121, 114, 122, 115)
(109, 132, 110, 133)
(133, 108, 134, 109)
(134, 118, 135, 117)
(154, 150, 155, 149)
(100, 156, 101, 155)
(78, 79, 79, 80)
(93, 81, 94, 80)
(83, 93, 84, 92)
(84, 106, 85, 105)
(104, 86, 105, 85)
(96, 104, 97, 103)
(95, 86, 96, 87)
(87, 159, 88, 158)
(157, 89, 158, 88)
(156, 78, 157, 77)
(89, 94, 90, 95)
(81, 91, 82, 90)
(91, 83, 92, 82)
(148, 70, 149, 69)
(70, 148, 71, 147)
(153, 269, 154, 268)
(269, 153, 270, 152)
(262, 256, 263, 255)
(59, 255, 60, 254)
(247, 60, 248, 61)
(58, 260, 59, 259)
(258, 56, 259, 55)
(56, 262, 57, 261)
(260, 58, 261, 57)
(251, 300, 252, 301)
(299, 297, 300, 296)
(298, 292, 299, 291)
(292, 298, 293, 297)
(303, 304, 304, 305)
(234, 233, 235, 234)
(229, 219, 230, 218)
(228, 221, 229, 222)
(222, 309, 223, 310)
(220, 227, 221, 228)
(226, 219, 227, 220)
(204, 194, 205, 193)
(194, 206, 195, 205)
(206, 196, 207, 195)
(186, 139, 187, 140)
(6, 174, 7, 173)
(3, 0, 4, 1)
