(154, 281, 155, 282)
(282, 284, 283, 283)
(284, 6, 285, 5)
(6, 184, 7, 183)
(184, 187, 185, 188)
(271, 186, 272, 187)
(270, 156, 271, 155)
(276, 270, 277, 269)
(277, 281, 278, 280)
(278, 154, 279, 153)
(152, 280, 153, 279)
(268, 151, 269, 152)
(318, 268, 319, 267)
(319, 148, 320, 149)
(147, 2, 148, 3)
(3, 177, 4, 176)
(177, 5, 178, 4)
(179, 178, 180, 179)
(181, 180, 182, 181)
(285, 183, 286, 182)
(291, 286, 292, 287)
(7, 293, 8, 292)
(293, 9, 294, 8)
(162, 10, 163, 9)
(161, 336, 162, 337)
(337, 160, 338, 161)
(159, 189, 160, 188)
(273, 158, 274, 159)
(185, 272, 186, 273)
(157, 274, 158, 275)
(275, 156, 276, 157)
(316, 189, 317, 190)
(150, 317, 151, 318)
(266, 150, 267, 149)
(265, 262, 266, 263)
(263, 193, 264, 192)
(193, 312, 194, 313)
(320, 311, 321, 312)
(143, 311, 144, 310)
(1, 144, 2, 145)
(12, 146, 13, 145)
(146, 12, 147, 11)
(10, 308, 11, 307)
(306, 300, 307, 299)
(298, 169, 299, 170)
(170, 297, 171, 298)
(175, 297, 176, 296)
(288, 295, 289, 296)
(287, 290, 288, 291)
(294, 289, 295, 290)
(174, 166, 175, 165)
(164, 304, 165, 303)
(302, 164, 303, 163)
(304, 302, 305, 301)
(300, 306, 301, 305)
(166, 174, 167, 173)
(172, 168, 173, 167)
(168, 172, 169, 171)
(308, 347, 309, 0)
(346, 15, 347, 16)
(16, 339, 17, 340)
(338, 335, 339, 336)
(259, 335, 260, 334)
(315, 260, 316, 261)
(261, 190, 262, 191)
(191, 265, 192, 264)
(217, 315, 218, 314)
(313, 219, 314, 218)
(194, 220, 195, 219)
(220, 325, 221, 326)
(324, 322, 325, 321)
(222, 324, 223, 323)
(223, 197, 224, 196)
(200, 197, 201, 198)
(214, 202, 215, 201)
(213, 29, 214, 28)
(27, 206, 28, 207)
(207, 26, 208, 27)
(25, 208, 26, 209)
(209, 24, 210, 25)
(23, 248, 24, 249)
(140, 249, 141, 250)
(342, 141, 343, 142)
(142, 343, 143, 344)
(341, 345, 342, 344)
(345, 341, 346, 340)
(250, 17, 251, 18)
(251, 242, 252, 243)
(256, 242, 257, 241)
(257, 54, 258, 55)
(53, 258, 54, 259)
(52, 333, 53, 334)
(332, 51, 333, 52)
(228, 331, 229, 332)
(328, 227, 329, 228)
(327, 216, 328, 217)
(195, 326, 196, 327)
(226, 215, 227, 216)
(198, 226, 199, 225)
(224, 200, 225, 199)
(230, 329, 231, 330)
(231, 122, 232, 123)
(121, 232, 122, 233)
(233, 236, 234, 237)
(30, 235, 31, 236)
(29, 203, 30, 202)
(203, 134, 204, 135)
(133, 204, 134, 205)
(212, 205, 213, 206)
(211, 210, 212, 211)
(132, 135, 133, 136)
(253, 137, 254, 136)
(137, 253, 138, 252)
(21, 138, 22, 139)
(247, 22, 248, 23)
(246, 139, 247, 140)
(245, 19, 246, 18)
(19, 245, 20, 244)
(243, 21, 244, 20)
(254, 129, 255, 130)
(128, 255, 129, 256)
(130, 128, 131, 127)
(126, 132, 127, 131)
(60, 125, 61, 126)
(46, 60, 47, 59)
(47, 241, 48, 240)
(48, 57, 49, 58)
(56, 49, 57, 50)
(50, 55, 51, 56)
(58, 239, 59, 240)
(238, 124, 239, 123)
(237, 120, 238, 121)
(96, 120, 97, 119)
(34, 97, 35, 98)
(98, 35, 99, 36)
(32, 100, 33, 99)
(234, 31, 235, 32)
(81, 101, 82, 100)
(101, 81, 102, 80)
(105, 103, 106, 102)
(104, 68, 105, 67)
(75, 66, 76, 67)
(65, 74, 66, 75)
(64, 62, 65, 61)
(63, 91, 64, 90)
(94, 90, 95, 89)
(44, 95, 45, 96)
(45, 125, 46, 124)
(43, 85, 44, 84)
(118, 84, 119, 83)
(82, 38, 83, 37)
(36, 33, 37, 34)
(107, 39, 108, 38)
(79, 107, 80, 106)
(85, 79, 86, 78)
(69, 87, 70, 86)
(68, 104, 69, 103)
(87, 76, 88, 77)
(71, 88, 72, 89)
(72, 93, 73, 94)
(92, 73, 93, 74)
(91, 63, 92, 62)
(70, 77, 71, 78)
(114, 40, 115, 39)
(40, 114, 41, 113)
(41, 110, 42, 111)
(109, 42, 110, 43)
(108, 117, 109, 118)
(111, 117, 112, 116)
(115, 113, 116, 112)
(330, 229, 331, 230)
(322, 222, 323, 221)
(309, 15, 310, 14)
(13, 0, 14, 1)
