(279, 273, 280, 272)
(271, 281, 272, 280)
(275, 271, 276, 270)
(325, 276, 326, 277)
(277, 326, 278, 327)
(273, 279, 274, 278)
(281, 275, 282, 274)
(282, 329, 283, 330)
(328, 331, 329, 332)
(332, 180, 333, 179)
(15, 181, 16, 180)
(259, 15, 260, 14)
(260, 147, 261, 148)
(146, 261, 147, 262)
(11, 263, 12, 262)
(10, 269, 11, 270)
(9, 324, 10, 325)
(323, 8, 324, 9)
(7, 322, 8, 323)
(117, 6, 118, 7)
(5, 116, 6, 117)
(4, 82, 5, 81)
(1, 81, 2, 80)
(79, 3, 80, 2)
(78, 0, 79, 339)
(338, 78, 339, 77)
(287, 76, 288, 77)
(285, 286, 286, 287)
(284, 328, 285, 327)
(330, 283, 331, 284)
(74, 335, 75, 336)
(334, 73, 335, 74)
(178, 334, 179, 333)
(229, 17, 230, 16)
(231, 229, 232, 228)
(255, 232, 256, 233)
(233, 256, 234, 257)
(181, 235, 182, 234)
(235, 259, 236, 258)
(215, 237, 216, 236)
(217, 215, 218, 214)
(218, 166, 219, 165)
(149, 167, 150, 166)
(148, 13, 149, 14)
(12, 145, 13, 146)
(144, 123, 145, 124)
(127, 124, 128, 125)
(128, 268, 129, 267)
(263, 269, 264, 268)
(129, 264, 130, 265)
(130, 322, 131, 321)
(320, 132, 321, 131)
(300, 319, 301, 320)
(296, 300, 297, 299)
(120, 297, 121, 298)
(121, 118, 122, 119)
(122, 291, 123, 292)
(115, 291, 116, 290)
(82, 289, 83, 290)
(288, 337, 289, 338)
(336, 75, 337, 76)
(86, 83, 87, 84)
(28, 87, 29, 88)
(72, 29, 73, 30)
(30, 178, 31, 177)
(40, 31, 41, 32)
(41, 103, 42, 102)
(103, 100, 104, 101)
(108, 100, 109, 99)
(109, 112, 110, 113)
(168, 111, 169, 112)
(167, 19, 168, 18)
(17, 231, 18, 230)
(19, 115, 20, 114)
(171, 20, 172, 21)
(23, 172, 24, 173)
(24, 27, 25, 28)
(85, 27, 86, 26)
(25, 85, 26, 84)
(88, 174, 89, 173)
(71, 174, 72, 175)
(38, 175, 39, 176)
(176, 39, 177, 40)
(58, 38, 59, 37)
(36, 60, 37, 59)
(35, 33, 36, 32)
(34, 49, 35, 50)
(47, 51, 48, 50)
(46, 44, 47, 43)
(101, 43, 102, 42)
(104, 45, 105, 46)
(44, 105, 45, 106)
(67, 106, 68, 107)
(107, 68, 108, 69)
(98, 69, 99, 70)
(70, 97, 71, 98)
(96, 89, 97, 90)
(90, 95, 91, 96)
(94, 91, 95, 92)
(21, 93, 22, 92)
(93, 23, 94, 22)
(55, 66, 56, 67)
(54, 63, 55, 64)
(64, 53, 65, 54)
(52, 62, 53, 61)
(60, 57, 61, 58)
(51, 56, 52, 57)
(62, 66, 63, 65)
(48, 33, 49, 34)
(113, 170, 114, 171)
(110, 169, 111, 170)
(137, 293, 138, 292)
(136, 314, 137, 313)
(312, 134, 313, 133)
(143, 133, 144, 132)
(142, 302, 143, 301)
(318, 142, 319, 141)
(140, 318, 141, 317)
(316, 140, 317, 139)
(295, 139, 296, 138)
(294, 316, 295, 315)
(314, 294, 315, 293)
(302, 309, 303, 310)
(308, 305, 309, 306)
(135, 306, 136, 307)
(307, 134, 308, 135)
(304, 311, 305, 312)
(310, 303, 311, 304)
(298, 119, 299, 120)
(126, 265, 127, 266)
(266, 125, 267, 126)
(150, 220, 151, 219)
(220, 152, 221, 151)
(152, 222, 153, 221)
(225, 222, 226, 223)
(185, 226, 186, 227)
(227, 186, 228, 187)
(254, 187, 255, 188)
(188, 183, 189, 184)
(182, 258, 183, 257)
(189, 248, 190, 249)
(192, 248, 193, 247)
(193, 243, 194, 242)
(243, 195, 244, 194)
(240, 196, 241, 195)
(239, 211, 240, 210)
(209, 239, 210, 238)
(237, 217, 238, 216)
(205, 209, 206, 208)
(213, 206, 214, 207)
(207, 212, 208, 213)
(211, 205, 212, 204)
(203, 157, 204, 156)
(155, 203, 156, 202)
(201, 155, 202, 154)
(164, 154, 165, 153)
(200, 163, 201, 164)
(162, 199, 163, 200)
(161, 224, 162, 225)
(223, 160, 224, 161)
(159, 199, 160, 198)
(197, 159, 198, 158)
(157, 197, 158, 196)
(241, 245, 242, 244)
(245, 253, 246, 252)
(184, 253, 185, 254)
(251, 247, 252, 246)
(191, 250, 192, 251)
(249, 190, 250, 191)
(3, 0, 4, 1)
