(143, 145, 144, 144)
(330, 333, 331, 334)
(142, 331, 143, 332)
(145, 333, 146, 332)
(337, 146, 338, 147)
(335, 339, 336, 338)
(334, 329, 335, 330)
(325, 328, 326, 329)
(324, 152, 325, 151)
(319, 151, 320, 150)
(149, 321, 150, 320)
(148, 141, 149, 142)
(147, 336, 148, 337)
(140, 127, 141, 128)
(17, 129, 18, 128)
(11, 13, 12, 12)
(10, 6, 11, 5)
(339, 4, 0, 5)
(3, 327, 4, 326)
(327, 3, 328, 2)
(1, 9, 2, 8)
(94, 7, 95, 8)
(93, 46, 94, 47)
(38, 48, 39, 47)
(154, 37, 155, 38)
(272, 154, 273, 153)
(152, 274, 153, 273)
(274, 271, 275, 272)
(270, 265, 271, 266)
(266, 269, 267, 270)
(268, 285, 269, 286)
(123, 119, 124, 118)
(315, 124, 316, 125)
(316, 324, 317, 323)
(322, 318, 323, 317)
(318, 322, 319, 321)
(125, 314, 126, 315)
(313, 126, 314, 127)
(312, 132, 313, 131)
(130, 139, 131, 140)
(129, 19, 130, 18)
(19, 17, 20, 16)
(20, 13, 21, 14)
(24, 21, 25, 22)
(310, 26, 311, 25)
(309, 97, 310, 96)
(6, 95, 7, 96)
(308, 216, 309, 215)
(214, 239, 215, 240)
(211, 241, 212, 240)
(45, 211, 46, 210)
(209, 45, 210, 44)
(242, 44, 243, 43)
(243, 93, 244, 92)
(244, 39, 245, 40)
(40, 245, 41, 246)
(41, 90, 42, 91)
(89, 164, 90, 165)
(156, 166, 157, 165)
(48, 155, 49, 156)
(49, 229, 50, 228)
(304, 229, 305, 230)
(302, 306, 303, 305)
(262, 302, 263, 301)
(276, 264, 277, 263)
(36, 276, 37, 275)
(35, 264, 36, 265)
(283, 35, 284, 34)
(284, 267, 285, 268)
(33, 287, 34, 286)
(119, 121, 120, 120)
(121, 32, 122, 33)
(31, 122, 32, 123)
(30, 298, 31, 297)
(296, 117, 297, 118)
(290, 296, 291, 295)
(26, 292, 27, 291)
(113, 293, 114, 292)
(105, 113, 106, 112)
(97, 107, 98, 106)
(100, 107, 101, 108)
(280, 101, 281, 102)
(278, 282, 279, 281)
(300, 278, 301, 277)
(282, 300, 283, 299)
(287, 298, 288, 299)
(288, 30, 289, 29)
(116, 289, 117, 290)
(115, 294, 116, 295)
(114, 28, 115, 27)
(28, 293, 29, 294)
(102, 279, 103, 280)
(108, 103, 109, 104)
(104, 109, 105, 110)
(99, 111, 100, 110)
(111, 99, 112, 98)
(306, 262, 307, 261)
(216, 308, 217, 307)
(260, 218, 261, 217)
(259, 236, 260, 237)
(237, 169, 238, 168)
(169, 239, 170, 238)
(170, 214, 171, 213)
(212, 172, 213, 171)
(253, 173, 254, 172)
(61, 253, 62, 252)
(207, 62, 208, 63)
(208, 241, 209, 242)
(250, 64, 251, 63)
(249, 68, 250, 69)
(69, 248, 70, 249)
(247, 42, 248, 43)
(246, 91, 247, 92)
(70, 196, 71, 195)
(203, 196, 204, 197)
(73, 204, 74, 205)
(74, 164, 75, 163)
(78, 75, 79, 76)
(79, 158, 80, 159)
(88, 158, 89, 157)
(87, 80, 88, 81)
(81, 86, 82, 87)
(57, 254, 58, 255)
(255, 56, 256, 57)
(166, 55, 167, 56)
(221, 54, 222, 55)
(53, 220, 54, 221)
(227, 53, 228, 52)
(51, 227, 52, 226)
(225, 51, 226, 50)
(231, 224, 232, 225)
(230, 303, 231, 304)
(223, 232, 224, 233)
(218, 234, 219, 233)
(257, 234, 258, 235)
(235, 258, 236, 259)
(167, 257, 168, 256)
(219, 222, 220, 223)
(58, 85, 59, 86)
(84, 59, 85, 60)
(60, 173, 61, 174)
(174, 206, 175, 205)
(251, 206, 252, 207)
(72, 176, 73, 175)
(182, 72, 183, 71)
(66, 184, 67, 183)
(186, 66, 187, 65)
(64, 188, 65, 187)
(188, 194, 189, 193)
(67, 194, 68, 195)
(192, 190, 193, 189)
(191, 185, 192, 184)
(185, 191, 186, 190)
(176, 182, 177, 181)
(177, 200, 178, 201)
(199, 178, 200, 179)
(202, 179, 203, 180)
(180, 197, 181, 198)
(198, 201, 199, 202)
(162, 84, 163, 83)
(82, 162, 83, 161)
(160, 77, 161, 78)
(76, 159, 77, 160)
(132, 312, 133, 311)
(133, 137, 134, 136)
(14, 137, 15, 138)
(138, 15, 139, 16)
(134, 24, 135, 23)
(22, 136, 23, 135)
(9, 1, 10, 0)
