(318, 268, 319, 267)
(319, 322, 320, 323)
(321, 326, 322, 327)
(268, 328, 269, 327)
(343, 329, 344, 328)
(329, 343, 330, 342)
(345, 330, 346, 331)
(5, 347, 6, 346)
(4, 132, 5, 131)
(130, 272, 131, 271)
(311, 271, 312, 270)
(312, 318, 313, 317)
(313, 267, 314, 266)
(323, 315, 324, 314)
(315, 325, 316, 324)
(325, 320, 326, 321)
(316, 265, 317, 266)
(264, 270, 265, 269)
(263, 255, 264, 254)
(340, 254, 341, 253)
(341, 344, 342, 345)
(331, 252, 332, 253)
(10, 251, 11, 252)
(6, 9, 7, 10)
(1, 9, 2, 8)
(2, 347, 3, 0)
(132, 4, 133, 3)
(212, 133, 213, 134)
(134, 213, 135, 214)
(135, 272, 136, 273)
(305, 136, 306, 137)
(129, 306, 130, 307)
(307, 75, 308, 74)
(75, 311, 76, 310)
(76, 82, 77, 81)
(93, 83, 94, 82)
(92, 256, 93, 255)
(262, 92, 263, 91)
(90, 336, 91, 335)
(334, 339, 335, 340)
(333, 44, 334, 45)
(45, 332, 46, 333)
(46, 43, 47, 44)
(51, 43, 52, 42)
(52, 11, 53, 12)
(250, 53, 251, 54)
(54, 249, 55, 250)
(211, 249, 212, 248)
(247, 275, 248, 274)
(214, 273, 215, 274)
(215, 277, 216, 276)
(280, 278, 281, 277)
(279, 304, 280, 305)
(303, 278, 304, 279)
(245, 303, 246, 302)
(275, 247, 276, 246)
(301, 299, 302, 298)
(297, 227, 298, 226)
(216, 225, 217, 226)
(219, 224, 220, 225)
(218, 235, 219, 236)
(241, 236, 242, 237)
(242, 281, 243, 282)
(243, 300, 244, 301)
(299, 244, 300, 245)
(293, 283, 294, 282)
(292, 286, 293, 285)
(284, 292, 285, 291)
(295, 291, 296, 290)
(227, 297, 228, 296)
(217, 229, 218, 228)
(232, 229, 233, 230)
(233, 220, 234, 221)
(234, 224, 235, 223)
(222, 231, 223, 232)
(230, 221, 231, 222)
(289, 239, 290, 238)
(237, 240, 238, 241)
(239, 289, 240, 288)
(287, 295, 288, 294)
(283, 286, 284, 287)
(210, 55, 211, 56)
(187, 57, 188, 56)
(186, 19, 187, 20)
(20, 185, 21, 186)
(125, 185, 126, 184)
(183, 127, 184, 126)
(128, 137, 129, 138)
(138, 169, 139, 170)
(168, 73, 169, 74)
(167, 309, 168, 308)
(309, 167, 310, 166)
(36, 165, 37, 166)
(35, 38, 36, 39)
(78, 40, 79, 39)
(80, 78, 81, 77)
(40, 80, 41, 79)
(94, 42, 95, 41)
(32, 95, 33, 96)
(96, 33, 97, 34)
(97, 12, 98, 13)
(189, 99, 190, 98)
(209, 189, 210, 188)
(17, 209, 18, 208)
(57, 19, 58, 18)
(21, 59, 22, 58)
(120, 59, 121, 60)
(121, 177, 122, 176)
(177, 180, 178, 181)
(124, 180, 125, 179)
(178, 124, 179, 123)
(122, 181, 123, 182)
(127, 183, 128, 182)
(156, 176, 157, 175)
(174, 158, 175, 157)
(173, 152, 174, 153)
(153, 172, 154, 173)
(146, 172, 147, 171)
(170, 148, 171, 147)
(148, 143, 149, 144)
(142, 149, 143, 150)
(150, 139, 151, 140)
(151, 155, 152, 154)
(155, 159, 156, 158)
(159, 61, 160, 60)
(61, 161, 62, 160)
(161, 63, 162, 62)
(63, 163, 64, 162)
(163, 73, 164, 72)
(164, 37, 165, 38)
(71, 119, 72, 118)
(117, 115, 118, 114)
(29, 198, 30, 199)
(197, 30, 198, 31)
(31, 35, 32, 34)
(105, 197, 106, 196)
(191, 107, 192, 106)
(190, 14, 191, 13)
(14, 108, 15, 107)
(101, 109, 102, 108)
(109, 101, 110, 100)
(99, 111, 100, 110)
(111, 17, 112, 16)
(203, 112, 204, 113)
(207, 204, 208, 205)
(205, 26, 206, 27)
(68, 25, 69, 26)
(24, 67, 25, 68)
(66, 23, 67, 24)
(22, 65, 23, 66)
(119, 65, 120, 64)
(69, 116, 70, 117)
(115, 70, 116, 71)
(28, 114, 29, 113)
(27, 206, 28, 207)
(202, 103, 203, 104)
(199, 105, 200, 104)
(193, 201, 194, 200)
(192, 195, 193, 196)
(201, 195, 202, 194)
(102, 16, 103, 15)
(145, 140, 146, 141)
(141, 144, 142, 145)
(50, 47, 51, 48)
(83, 49, 84, 48)
(49, 85, 50, 84)
(256, 86, 257, 85)
(86, 337, 87, 338)
(261, 337, 262, 336)
(87, 261, 88, 260)
(259, 89, 260, 88)
(89, 259, 90, 258)
(257, 338, 258, 339)
(7, 1, 8, 0)
