(258, 264, 259, 263)
(262, 260, 263, 259)
(261, 265, 262, 264)
(265, 261, 266, 260)
(266, 108, 267, 107)
(108, 348, 109, 347)
(93, 348, 94, 349)
(94, 76, 95, 75)
(76, 98, 77, 97)
(98, 69, 99, 70)
(49, 68, 50, 69)
(48, 45, 49, 46)
(253, 47, 254, 46)
(47, 255, 48, 254)
(255, 44, 256, 45)
(43, 256, 44, 257)
(257, 253, 258, 252)
(251, 35, 252, 34)
(234, 33, 235, 34)
(32, 233, 33, 234)
(31, 231, 32, 230)
(229, 100, 230, 101)
(224, 102, 225, 101)
(102, 224, 103, 223)
(342, 103, 343, 104)
(104, 343, 105, 344)
(268, 106, 269, 105)
(106, 268, 107, 267)
(340, 270, 341, 269)
(192, 339, 193, 340)
(162, 191, 163, 192)
(176, 162, 177, 161)
(160, 178, 161, 177)
(110, 159, 111, 160)
(346, 110, 347, 109)
(345, 222, 346, 223)
(344, 341, 345, 342)
(270, 221, 271, 222)
(127, 221, 128, 220)
(128, 143, 129, 144)
(139, 143, 140, 142)
(140, 132, 141, 131)
(207, 132, 208, 133)
(208, 135, 209, 136)
(134, 209, 135, 210)
(155, 210, 156, 211)
(156, 193, 157, 194)
(157, 126, 158, 127)
(125, 272, 126, 273)
(273, 124, 274, 125)
(123, 274, 124, 275)
(280, 276, 281, 275)
(188, 280, 189, 279)
(189, 337, 190, 336)
(164, 337, 165, 338)
(338, 165, 339, 166)
(166, 163, 167, 164)
(190, 167, 191, 168)
(179, 169, 180, 168)
(178, 175, 179, 176)
(174, 119, 175, 120)
(113, 121, 114, 120)
(121, 113, 122, 112)
(111, 123, 112, 122)
(173, 115, 174, 114)
(115, 173, 116, 172)
(116, 330, 117, 329)
(285, 331, 286, 330)
(331, 285, 332, 284)
(332, 281, 333, 282)
(182, 334, 183, 333)
(334, 182, 335, 181)
(335, 185, 336, 184)
(185, 278, 186, 279)
(277, 186, 278, 187)
(187, 276, 188, 277)
(183, 181, 184, 180)
(282, 300, 283, 299)
(300, 288, 301, 287)
(288, 302, 289, 301)
(302, 290, 303, 289)
(323, 291, 324, 290)
(317, 322, 318, 323)
(321, 316, 322, 317)
(305, 320, 306, 321)
(325, 305, 326, 304)
(169, 327, 170, 326)
(327, 171, 328, 170)
(171, 119, 172, 118)
(328, 118, 329, 117)
(296, 304, 297, 303)
(286, 298, 287, 297)
(298, 284, 299, 283)
(295, 325, 296, 324)
(291, 294, 292, 295)
(293, 312, 294, 313)
(318, 314, 319, 313)
(314, 308, 315, 307)
(308, 316, 309, 315)
(306, 310, 307, 309)
(310, 320, 311, 319)
(311, 292, 312, 293)
(271, 158, 272, 159)
(215, 195, 216, 194)
(197, 215, 198, 214)
(219, 198, 220, 199)
(202, 200, 203, 199)
(148, 202, 149, 201)
(149, 146, 150, 147)
(204, 146, 205, 145)
(144, 206, 145, 205)
(206, 138, 207, 137)
(138, 129, 139, 130)
(130, 142, 131, 141)
(136, 134, 137, 133)
(150, 204, 151, 203)
(151, 155, 152, 154)
(152, 211, 153, 212)
(212, 153, 213, 154)
(218, 214, 219, 213)
(217, 197, 218, 196)
(195, 217, 196, 216)
(200, 148, 201, 147)
(225, 228, 226, 229)
(92, 228, 93, 227)
(226, 92, 227, 91)
(90, 350, 91, 349)
(74, 90, 75, 89)
(88, 83, 89, 84)
(84, 87, 85, 88)
(86, 96, 87, 95)
(96, 86, 97, 85)
(82, 78, 83, 77)
(81, 71, 82, 70)
(1, 81, 2, 80)
(2, 99, 3, 100)
(3, 58, 4, 59)
(57, 53, 58, 52)
(51, 57, 52, 56)
(55, 51, 56, 50)
(54, 20, 55, 19)
(18, 7, 19, 8)
(25, 8, 26, 9)
(59, 26, 60, 27)
(27, 60, 28, 61)
(61, 28, 62, 29)
(62, 68, 63, 67)
(63, 239, 64, 238)
(248, 239, 249, 240)
(249, 43, 250, 42)
(35, 251, 36, 250)
(247, 36, 248, 37)
(242, 37, 243, 38)
(38, 243, 39, 244)
(244, 39, 245, 40)
(245, 240, 246, 241)
(246, 42, 247, 41)
(241, 41, 242, 40)
(237, 65, 238, 64)
(65, 237, 66, 236)
(235, 67, 236, 66)
(29, 233, 30, 232)
(231, 31, 232, 30)
(9, 24, 10, 25)
(4, 23, 5, 24)
(13, 23, 14, 22)
(21, 15, 22, 14)
(20, 54, 21, 53)
(6, 15, 7, 16)
(11, 17, 12, 16)
(17, 11, 18, 10)
(12, 5, 13, 6)
(79, 72, 80, 73)
(350, 74, 351, 73)
(78, 0, 79, 351)
(71, 1, 72, 0)
