(158, 116, 159, 115)
(114, 297, 115, 298)
(7, 299, 8, 298)
(6, 351, 7, 352)
(352, 34, 353, 33)
(34, 25, 35, 26)
(24, 35, 25, 36)
(36, 270, 37, 269)
(53, 270, 54, 271)
(54, 51, 55, 52)
(50, 55, 51, 56)
(161, 57, 162, 56)
(160, 118, 161, 117)
(116, 160, 117, 159)
(118, 156, 119, 155)
(121, 157, 122, 156)
(157, 121, 158, 120)
(122, 120, 123, 119)
(296, 123, 297, 124)
(113, 124, 114, 125)
(125, 209, 126, 208)
(8, 210, 9, 209)
(210, 335, 211, 336)
(334, 211, 335, 212)
(323, 213, 324, 212)
(299, 322, 300, 323)
(234, 322, 235, 321)
(235, 238, 236, 239)
(346, 238, 347, 237)
(2, 347, 3, 348)
(3, 351, 4, 350)
(31, 4, 32, 5)
(5, 32, 6, 33)
(30, 356, 31, 355)
(27, 354, 28, 355)
(353, 26, 354, 27)
(28, 340, 29, 339)
(340, 337, 341, 338)
(255, 337, 256, 336)
(256, 17, 257, 18)
(16, 23, 17, 24)
(12, 16, 13, 15)
(13, 266, 14, 267)
(265, 268, 266, 269)
(261, 265, 262, 264)
(39, 262, 40, 263)
(37, 41, 38, 40)
(272, 42, 273, 41)
(271, 52, 272, 53)
(42, 180, 43, 179)
(180, 165, 181, 166)
(164, 187, 165, 188)
(188, 163, 189, 164)
(162, 49, 163, 50)
(189, 49, 190, 48)
(47, 191, 48, 190)
(193, 47, 194, 46)
(194, 276, 195, 275)
(276, 154, 277, 153)
(154, 57, 155, 58)
(58, 296, 59, 295)
(62, 60, 63, 59)
(61, 293, 62, 292)
(291, 136, 292, 137)
(137, 290, 138, 291)
(289, 131, 290, 130)
(129, 289, 130, 288)
(287, 129, 288, 128)
(206, 128, 207, 127)
(207, 113, 208, 112)
(111, 127, 112, 126)
(110, 202, 111, 201)
(200, 110, 201, 109)
(105, 109, 106, 108)
(106, 195, 107, 196)
(196, 107, 197, 108)
(104, 198, 105, 197)
(103, 95, 104, 94)
(93, 103, 94, 102)
(101, 93, 102, 92)
(132, 92, 133, 91)
(152, 133, 153, 134)
(277, 135, 278, 134)
(135, 64, 136, 65)
(294, 64, 295, 63)
(293, 61, 294, 60)
(65, 138, 66, 139)
(139, 66, 140, 67)
(279, 140, 280, 141)
(280, 150, 281, 149)
(285, 150, 286, 151)
(286, 131, 287, 132)
(151, 91, 152, 90)
(89, 84, 90, 85)
(142, 86, 143, 85)
(68, 141, 69, 142)
(67, 279, 68, 278)
(148, 69, 149, 70)
(70, 147, 71, 148)
(146, 71, 147, 72)
(72, 79, 73, 80)
(75, 79, 76, 78)
(283, 76, 284, 77)
(281, 285, 282, 284)
(77, 282, 78, 283)
(81, 74, 82, 75)
(83, 81, 84, 80)
(73, 82, 74, 83)
(145, 86, 146, 87)
(87, 144, 88, 145)
(143, 88, 144, 89)
(203, 101, 204, 100)
(99, 205, 100, 204)
(205, 99, 206, 98)
(202, 97, 203, 98)
(199, 97, 200, 96)
(95, 199, 96, 198)
(274, 260, 275, 259)
(258, 10, 259, 9)
(18, 257, 19, 258)
(22, 19, 23, 20)
(11, 20, 12, 21)
(21, 10, 22, 11)
(260, 274, 261, 273)
(45, 193, 46, 192)
(191, 45, 192, 44)
(178, 44, 179, 43)
(177, 167, 178, 166)
(176, 184, 177, 183)
(182, 172, 183, 171)
(170, 182, 171, 181)
(172, 170, 173, 169)
(186, 173, 187, 174)
(174, 185, 175, 186)
(167, 184, 168, 185)
(175, 168, 176, 169)
(263, 38, 264, 39)
(267, 14, 268, 15)
(254, 226, 255, 225)
(224, 332, 225, 331)
(329, 309, 330, 308)
(324, 307, 325, 308)
(306, 214, 307, 213)
(302, 305, 303, 306)
(220, 302, 221, 301)
(300, 222, 301, 221)
(309, 222, 310, 223)
(315, 310, 316, 311)
(316, 320, 317, 319)
(320, 234, 321, 233)
(243, 232, 244, 233)
(242, 230, 243, 229)
(239, 228, 240, 229)
(342, 227, 343, 228)
(344, 342, 345, 341)
(236, 346, 237, 345)
(226, 343, 227, 344)
(240, 232, 241, 231)
(230, 242, 231, 241)
(244, 251, 245, 252)
(253, 251, 254, 250)
(249, 246, 250, 247)
(247, 315, 248, 314)
(313, 249, 314, 248)
(312, 317, 313, 318)
(318, 311, 319, 312)
(252, 245, 253, 246)
(332, 224, 333, 223)
(330, 333, 331, 334)
(219, 216, 220, 217)
(326, 218, 327, 217)
(325, 328, 326, 329)
(218, 328, 219, 327)
(215, 305, 216, 304)
(303, 215, 304, 214)
(338, 30, 339, 29)
(356, 2, 357, 1)
(357, 348, 0, 349)
(349, 0, 350, 1)
