(7, 6, 8, 7)
(5, 305, 6, 304)
(303, 333, 304, 332)
(331, 303, 332, 302)
(325, 9, 326, 8)
(324, 306, 325, 305)
(306, 324, 307, 323)
(310, 307, 311, 308)
(311, 2, 312, 3)
(1, 312, 2, 313)
(313, 5, 314, 4)
(339, 314, 340, 315)
(315, 340, 316, 341)
(316, 333, 317, 334)
(334, 317, 335, 318)
(318, 335, 319, 336)
(319, 121, 320, 120)
(121, 297, 122, 296)
(202, 297, 203, 298)
(298, 203, 299, 204)
(299, 331, 300, 330)
(301, 300, 302, 301)
(329, 207, 330, 206)
(205, 329, 206, 328)
(327, 11, 328, 10)
(9, 327, 10, 326)
(11, 106, 12, 107)
(228, 106, 229, 105)
(232, 230, 233, 229)
(322, 232, 323, 231)
(230, 322, 231, 321)
(119, 321, 120, 320)
(118, 248, 119, 247)
(246, 118, 247, 117)
(116, 235, 117, 236)
(263, 237, 264, 236)
(262, 265, 263, 266)
(295, 266, 296, 267)
(267, 122, 268, 123)
(268, 202, 269, 201)
(284, 270, 285, 269)
(270, 284, 271, 283)
(194, 271, 195, 272)
(195, 25, 196, 24)
(25, 16, 26, 17)
(210, 15, 211, 16)
(14, 209, 15, 210)
(208, 13, 209, 14)
(207, 205, 208, 204)
(107, 12, 108, 13)
(225, 109, 226, 108)
(227, 225, 228, 224)
(113, 105, 114, 104)
(114, 249, 115, 250)
(248, 234, 249, 233)
(234, 246, 235, 245)
(244, 115, 245, 116)
(243, 260, 244, 261)
(238, 262, 239, 261)
(237, 265, 238, 264)
(239, 255, 240, 254)
(255, 241, 256, 240)
(241, 259, 242, 258)
(250, 260, 251, 259)
(251, 243, 252, 242)
(252, 257, 253, 258)
(256, 253, 257, 254)
(28, 104, 29, 103)
(102, 30, 103, 29)
(94, 101, 95, 102)
(93, 294, 94, 295)
(69, 92, 70, 93)
(68, 185, 69, 186)
(123, 187, 124, 186)
(187, 201, 188, 200)
(188, 289, 189, 290)
(279, 289, 280, 288)
(287, 281, 288, 280)
(281, 287, 282, 286)
(285, 283, 286, 282)
(278, 191, 279, 192)
(192, 273, 193, 274)
(272, 193, 273, 194)
(274, 277, 275, 278)
(189, 276, 190, 277)
(275, 190, 276, 191)
(290, 24, 291, 23)
(22, 292, 23, 291)
(98, 21, 99, 22)
(20, 97, 21, 98)
(196, 19, 197, 20)
(27, 18, 28, 19)
(17, 26, 18, 27)
(197, 96, 198, 97)
(30, 95, 31, 96)
(100, 31, 101, 32)
(32, 294, 33, 293)
(33, 174, 34, 175)
(173, 85, 174, 84)
(76, 83, 77, 84)
(75, 71, 76, 70)
(91, 75, 92, 74)
(73, 81, 74, 80)
(79, 89, 80, 88)
(87, 66, 88, 67)
(184, 67, 185, 68)
(183, 63, 184, 62)
(61, 125, 62, 124)
(60, 176, 61, 175)
(42, 60, 43, 59)
(164, 44, 165, 43)
(44, 164, 45, 163)
(168, 45, 169, 46)
(34, 170, 35, 169)
(85, 171, 86, 170)
(171, 78, 172, 79)
(77, 172, 78, 173)
(65, 86, 66, 87)
(64, 136, 65, 135)
(134, 64, 135, 63)
(133, 182, 134, 183)
(181, 132, 182, 133)
(177, 181, 178, 180)
(127, 178, 128, 179)
(128, 125, 129, 126)
(129, 176, 130, 177)
(39, 130, 40, 131)
(40, 58, 41, 57)
(58, 42, 59, 41)
(56, 161, 57, 162)
(165, 163, 166, 162)
(166, 48, 167, 47)
(48, 168, 49, 167)
(49, 46, 50, 47)
(35, 51, 36, 50)
(51, 37, 52, 36)
(136, 38, 137, 37)
(131, 38, 132, 39)
(137, 53, 138, 52)
(160, 53, 161, 54)
(54, 148, 55, 147)
(148, 56, 149, 55)
(138, 150, 139, 149)
(159, 150, 160, 151)
(142, 151, 143, 152)
(143, 157, 144, 156)
(157, 147, 158, 146)
(158, 139, 159, 140)
(140, 153, 141, 154)
(152, 141, 153, 142)
(145, 155, 146, 154)
(155, 145, 156, 144)
(179, 126, 180, 127)
(72, 90, 73, 89)
(71, 82, 72, 83)
(90, 82, 91, 81)
(292, 199, 293, 200)
(99, 198, 100, 199)
(211, 112, 212, 113)
(220, 111, 221, 112)
(110, 219, 111, 220)
(109, 227, 110, 226)
(221, 219, 222, 218)
(215, 223, 216, 222)
(223, 215, 224, 214)
(216, 214, 217, 213)
(212, 218, 213, 217)
(309, 336, 310, 337)
(337, 308, 338, 309)
(338, 0, 339, 341)
(3, 1, 4, 0)
