(172, 264, 173, 263)
(261, 265, 262, 264)
(260, 171, 261, 172)
(259, 183, 260, 182)
(178, 182, 179, 181)
(186, 179, 187, 180)
(187, 270, 188, 271)
(269, 188, 270, 189)
(189, 64, 190, 65)
(266, 63, 267, 64)
(174, 265, 175, 266)
(262, 174, 263, 173)
(170, 175, 171, 176)
(257, 176, 258, 177)
(183, 259, 184, 258)
(177, 184, 178, 185)
(180, 185, 181, 186)
(256, 272, 257, 271)
(255, 148, 256, 149)
(66, 150, 67, 149)
(65, 268, 66, 269)
(267, 191, 268, 190)
(191, 151, 192, 150)
(151, 274, 152, 275)
(62, 274, 63, 273)
(169, 273, 170, 272)
(168, 58, 169, 57)
(165, 56, 166, 57)
(55, 164, 56, 165)
(163, 54, 164, 55)
(53, 162, 54, 163)
(52, 245, 53, 246)
(246, 81, 247, 82)
(83, 81, 84, 80)
(84, 252, 85, 251)
(103, 253, 104, 252)
(147, 103, 148, 102)
(101, 254, 102, 255)
(95, 100, 96, 101)
(107, 94, 108, 95)
(93, 106, 94, 107)
(92, 109, 93, 110)
(110, 113, 111, 114)
(87, 112, 88, 113)
(86, 89, 87, 90)
(90, 85, 91, 86)
(114, 91, 115, 92)
(115, 104, 116, 105)
(145, 116, 146, 117)
(146, 253, 147, 254)
(96, 118, 97, 117)
(118, 144, 119, 143)
(99, 144, 100, 145)
(121, 99, 122, 98)
(97, 123, 98, 122)
(123, 132, 124, 133)
(140, 132, 141, 131)
(126, 142, 127, 141)
(142, 126, 143, 125)
(124, 136, 125, 135)
(119, 134, 120, 135)
(133, 120, 134, 121)
(139, 136, 140, 137)
(128, 138, 129, 137)
(127, 130, 128, 131)
(138, 130, 139, 129)
(105, 108, 106, 109)
(111, 88, 112, 89)
(250, 80, 251, 79)
(71, 78, 72, 79)
(77, 70, 78, 71)
(69, 76, 70, 77)
(68, 194, 69, 193)
(192, 68, 193, 67)
(194, 203, 195, 204)
(202, 231, 203, 232)
(229, 233, 230, 232)
(291, 229, 292, 228)
(301, 292, 302, 293)
(319, 303, 320, 302)
(323, 318, 324, 319)
(317, 322, 318, 323)
(316, 276, 317, 275)
(326, 316, 327, 315)
(330, 327, 331, 328)
(331, 152, 332, 153)
(153, 332, 154, 333)
(333, 154, 334, 155)
(334, 59, 335, 60)
(61, 59, 62, 58)
(60, 335, 61, 336)
(155, 336, 156, 337)
(337, 156, 338, 157)
(167, 338, 168, 339)
(339, 166, 340, 167)
(340, 162, 341, 161)
(10, 342, 11, 341)
(9, 40, 10, 41)
(36, 42, 37, 41)
(44, 36, 45, 35)
(50, 45, 51, 46)
(244, 51, 245, 52)
(216, 244, 217, 243)
(217, 74, 218, 75)
(73, 249, 74, 248)
(82, 247, 83, 248)
(249, 73, 250, 72)
(75, 218, 76, 219)
(240, 220, 241, 219)
(239, 205, 240, 204)
(238, 233, 239, 234)
(199, 234, 200, 235)
(195, 201, 196, 200)
(230, 201, 231, 202)
(196, 236, 197, 235)
(236, 198, 237, 197)
(198, 238, 199, 237)
(205, 221, 206, 220)
(221, 227, 222, 226)
(227, 291, 228, 290)
(300, 290, 301, 289)
(285, 289, 286, 288)
(286, 295, 287, 296)
(305, 294, 306, 295)
(293, 304, 294, 305)
(303, 321, 304, 320)
(321, 324, 322, 325)
(325, 276, 326, 277)
(277, 315, 278, 314)
(278, 19, 279, 20)
(13, 19, 14, 18)
(159, 15, 160, 14)
(329, 159, 330, 158)
(157, 329, 158, 328)
(15, 161, 16, 160)
(343, 17, 0, 16)
(342, 12, 343, 11)
(12, 2, 13, 1)
(2, 280, 3, 279)
(280, 8, 281, 7)
(39, 8, 40, 9)
(38, 44, 39, 43)
(42, 38, 43, 37)
(24, 281, 25, 282)
(224, 25, 225, 26)
(26, 225, 27, 226)
(206, 27, 207, 28)
(207, 33, 208, 32)
(33, 213, 34, 212)
(213, 35, 214, 34)
(214, 50, 215, 49)
(215, 46, 216, 47)
(242, 47, 243, 48)
(48, 241, 49, 242)
(211, 208, 212, 209)
(209, 31, 210, 30)
(31, 28, 32, 29)
(29, 211, 30, 210)
(310, 224, 311, 223)
(222, 312, 223, 311)
(309, 313, 310, 312)
(299, 309, 300, 308)
(307, 299, 308, 298)
(284, 298, 285, 297)
(296, 287, 297, 288)
(283, 307, 284, 306)
(282, 313, 283, 314)
(23, 7, 24, 6)
(5, 21, 6, 20)
(21, 5, 22, 4)
(3, 23, 4, 22)
(17, 1, 18, 0)
