(83, 78, 84, 79)
(77, 82, 78, 83)
(73, 76, 74, 77)
(72, 86, 73, 85)
(79, 84, 80, 85)
(80, 5, 81, 6)
(4, 81, 5, 82)
(3, 125, 4, 124)
(123, 120, 124, 121)
(74, 122, 75, 121)
(122, 76, 123, 75)
(86, 72, 87, 71)
(92, 88, 93, 87)
(88, 92, 89, 91)
(89, 115, 90, 114)
(115, 6, 116, 7)
(116, 125, 117, 126)
(117, 355, 118, 354)
(355, 119, 356, 118)
(119, 3, 120, 2)
(356, 2, 357, 1)
(357, 350, 0, 351)
(352, 350, 353, 349)
(348, 354, 349, 353)
(347, 105, 348, 104)
(103, 163, 104, 162)
(161, 103, 162, 102)
(101, 161, 102, 160)
(336, 160, 337, 159)
(136, 338, 137, 337)
(135, 17, 136, 16)
(10, 15, 11, 16)
(70, 10, 71, 9)
(93, 8, 94, 9)
(7, 112, 8, 113)
(113, 91, 114, 90)
(111, 94, 112, 95)
(126, 96, 127, 95)
(105, 97, 106, 96)
(346, 97, 347, 98)
(163, 99, 164, 98)
(99, 335, 100, 334)
(335, 101, 336, 100)
(158, 334, 159, 333)
(332, 146, 333, 145)
(144, 166, 145, 165)
(164, 144, 165, 143)
(142, 340, 143, 339)
(338, 138, 339, 137)
(138, 17, 139, 18)
(20, 139, 21, 140)
(21, 133, 22, 132)
(342, 133, 343, 134)
(134, 343, 135, 344)
(344, 24, 345, 23)
(29, 25, 30, 24)
(25, 29, 26, 28)
(35, 27, 36, 26)
(34, 37, 35, 38)
(43, 38, 44, 39)
(59, 44, 60, 45)
(60, 11, 61, 12)
(14, 61, 15, 62)
(62, 13, 63, 14)
(12, 63, 13, 64)
(69, 64, 70, 65)
(40, 65, 41, 66)
(32, 41, 33, 42)
(33, 30, 34, 31)
(42, 31, 43, 32)
(66, 39, 67, 40)
(67, 54, 68, 55)
(53, 48, 54, 49)
(49, 59, 50, 58)
(45, 51, 46, 50)
(56, 52, 57, 51)
(55, 68, 56, 69)
(47, 52, 48, 53)
(46, 57, 47, 58)
(27, 37, 28, 36)
(345, 130, 346, 131)
(106, 130, 107, 129)
(107, 111, 108, 110)
(108, 127, 109, 128)
(128, 109, 129, 110)
(340, 132, 341, 131)
(341, 22, 342, 23)
(140, 19, 141, 20)
(18, 141, 19, 142)
(147, 166, 148, 167)
(148, 244, 149, 243)
(247, 244, 248, 245)
(151, 248, 152, 249)
(257, 152, 258, 153)
(258, 158, 259, 157)
(259, 331, 260, 330)
(146, 332, 147, 331)
(329, 261, 330, 260)
(313, 329, 314, 328)
(173, 315, 174, 314)
(167, 250, 168, 251)
(249, 242, 250, 243)
(256, 242, 257, 241)
(240, 275, 241, 276)
(263, 277, 264, 276)
(153, 262, 154, 263)
(156, 262, 157, 261)
(155, 278, 156, 279)
(230, 279, 231, 280)
(192, 232, 193, 231)
(312, 192, 313, 191)
(190, 188, 191, 187)
(183, 187, 184, 186)
(184, 328, 185, 327)
(326, 186, 327, 185)
(174, 325, 175, 326)
(315, 324, 316, 325)
(252, 323, 253, 324)
(172, 252, 173, 251)
(168, 171, 169, 172)
(170, 255, 171, 256)
(254, 169, 255, 170)
(322, 253, 323, 254)
(316, 322, 317, 321)
(320, 318, 321, 317)
(274, 320, 275, 319)
(318, 274, 319, 273)
(227, 273, 228, 272)
(239, 228, 240, 229)
(229, 264, 230, 265)
(282, 266, 283, 265)
(198, 282, 199, 281)
(280, 200, 281, 199)
(200, 193, 201, 194)
(194, 201, 195, 202)
(232, 196, 233, 195)
(196, 208, 197, 207)
(208, 312, 209, 311)
(209, 213, 210, 212)
(308, 214, 309, 213)
(307, 189, 308, 188)
(189, 307, 190, 306)
(214, 306, 215, 305)
(300, 216, 301, 215)
(216, 300, 217, 299)
(217, 225, 218, 224)
(225, 183, 226, 182)
(226, 175, 227, 176)
(181, 177, 182, 176)
(180, 287, 181, 288)
(271, 288, 272, 289)
(289, 284, 290, 285)
(238, 284, 239, 283)
(237, 267, 238, 266)
(197, 237, 198, 236)
(235, 203, 236, 202)
(234, 206, 235, 205)
(204, 234, 205, 233)
(203, 206, 204, 207)
(267, 291, 268, 290)
(291, 299, 292, 298)
(297, 293, 298, 292)
(296, 223, 297, 224)
(220, 296, 221, 295)
(221, 218, 222, 219)
(293, 223, 294, 222)
(294, 220, 295, 219)
(285, 268, 286, 269)
(286, 177, 287, 178)
(269, 178, 270, 179)
(179, 270, 180, 271)
(310, 301, 311, 302)
(302, 212, 303, 211)
(210, 304, 211, 303)
(304, 309, 305, 310)
(277, 154, 278, 155)
(245, 151, 246, 150)
(149, 247, 150, 246)
(351, 0, 352, 1)
