(28, 353, 29, 354)
(35, 355, 36, 354)
(39, 34, 40, 35)
(33, 38, 34, 39)
(32, 363, 33, 364)
(1, 364, 2, 365)
(2, 29, 3, 30)
(3, 353, 4, 352)
(27, 4, 28, 5)
(5, 356, 6, 357)
(355, 37, 356, 36)
(40, 38, 41, 37)
(41, 7, 42, 6)
(350, 7, 351, 8)
(362, 351, 363, 352)
(361, 26, 362, 27)
(347, 361, 348, 360)
(359, 349, 360, 348)
(43, 358, 44, 359)
(357, 42, 358, 43)
(44, 350, 45, 349)
(45, 310, 46, 311)
(309, 9, 310, 8)
(25, 309, 26, 308)
(202, 308, 203, 307)
(126, 204, 127, 203)
(346, 126, 347, 125)
(124, 346, 125, 345)
(344, 312, 345, 311)
(343, 335, 344, 334)
(336, 334, 337, 333)
(337, 321, 338, 320)
(330, 322, 331, 321)
(329, 114, 330, 115)
(208, 115, 209, 116)
(46, 210, 47, 209)
(215, 211, 216, 210)
(214, 222, 215, 221)
(223, 221, 224, 220)
(229, 225, 230, 224)
(228, 17, 229, 18)
(23, 19, 24, 18)
(22, 10, 23, 9)
(10, 22, 11, 21)
(20, 12, 21, 11)
(12, 20, 13, 19)
(13, 25, 14, 24)
(14, 249, 15, 250)
(275, 248, 276, 249)
(274, 197, 275, 198)
(198, 245, 199, 246)
(244, 199, 245, 200)
(241, 200, 242, 201)
(201, 242, 202, 243)
(240, 244, 241, 243)
(239, 161, 240, 160)
(159, 299, 160, 298)
(128, 297, 129, 298)
(127, 306, 128, 307)
(305, 96, 306, 97)
(204, 98, 205, 97)
(98, 206, 99, 205)
(206, 100, 207, 99)
(103, 101, 104, 100)
(123, 103, 124, 102)
(101, 123, 102, 122)
(121, 325, 122, 324)
(323, 316, 324, 317)
(317, 341, 318, 340)
(312, 342, 313, 341)
(335, 343, 336, 342)
(313, 319, 314, 318)
(332, 319, 333, 320)
(331, 339, 332, 338)
(314, 339, 315, 340)
(315, 322, 316, 323)
(113, 121, 114, 120)
(119, 113, 120, 112)
(111, 119, 112, 118)
(117, 328, 118, 329)
(116, 207, 117, 208)
(106, 327, 107, 328)
(108, 106, 109, 105)
(104, 110, 105, 109)
(110, 325, 111, 326)
(326, 107, 327, 108)
(95, 304, 96, 305)
(94, 66, 95, 65)
(64, 58, 65, 57)
(61, 57, 62, 56)
(55, 63, 56, 62)
(237, 54, 238, 55)
(236, 234, 237, 233)
(232, 50, 233, 49)
(48, 220, 49, 219)
(218, 48, 219, 47)
(217, 213, 218, 212)
(211, 217, 212, 216)
(222, 214, 223, 213)
(254, 231, 255, 232)
(230, 253, 231, 254)
(225, 252, 226, 253)
(251, 16, 252, 17)
(250, 227, 251, 228)
(15, 226, 16, 227)
(276, 256, 277, 255)
(256, 284, 257, 283)
(284, 172, 285, 171)
(247, 172, 248, 173)
(173, 197, 174, 196)
(174, 194, 175, 193)
(194, 176, 195, 175)
(176, 179, 177, 180)
(178, 267, 179, 268)
(268, 186, 269, 185)
(186, 274, 187, 273)
(270, 187, 271, 188)
(188, 271, 189, 272)
(182, 190, 183, 189)
(190, 182, 191, 181)
(262, 192, 263, 191)
(261, 247, 262, 246)
(260, 162, 261, 161)
(162, 260, 163, 259)
(286, 163, 287, 164)
(287, 239, 288, 238)
(288, 301, 289, 302)
(300, 147, 301, 148)
(148, 299, 149, 300)
(142, 150, 143, 149)
(141, 158, 142, 159)
(140, 77, 141, 78)
(78, 294, 79, 293)
(129, 295, 130, 294)
(295, 132, 296, 133)
(131, 296, 132, 297)
(133, 131, 134, 130)
(81, 135, 82, 134)
(135, 81, 136, 80)
(89, 136, 90, 137)
(303, 90, 304, 91)
(91, 66, 92, 67)
(92, 59, 93, 60)
(58, 93, 59, 94)
(60, 64, 61, 63)
(67, 302, 68, 303)
(137, 68, 138, 69)
(75, 138, 76, 139)
(76, 291, 77, 292)
(290, 158, 291, 157)
(156, 290, 157, 289)
(155, 153, 156, 152)
(146, 152, 147, 151)
(150, 144, 151, 143)
(144, 153, 145, 154)
(154, 145, 155, 146)
(139, 292, 140, 293)
(74, 72, 75, 71)
(87, 71, 88, 70)
(88, 83, 89, 84)
(79, 82, 80, 83)
(69, 85, 70, 84)
(85, 72, 86, 73)
(73, 86, 74, 87)
(164, 277, 165, 278)
(278, 165, 279, 166)
(279, 169, 280, 168)
(169, 283, 170, 282)
(257, 171, 258, 170)
(258, 285, 259, 286)
(281, 167, 282, 166)
(167, 281, 168, 280)
(195, 192, 196, 193)
(263, 180, 264, 181)
(264, 184, 265, 183)
(184, 266, 185, 265)
(266, 177, 267, 178)
(269, 273, 270, 272)
(50, 54, 51, 53)
(234, 52, 235, 51)
(52, 236, 53, 235)
(365, 30, 0, 31)
(31, 0, 32, 1)
