(6, 3, 7, 4)
(4, 370, 5, 369)
(69, 370, 70, 371)
(371, 70, 372, 71)
(209, 372, 210, 373)
(1, 210, 2, 211)
(2, 7, 3, 8)
(8, 214, 9, 213)
(214, 10, 215, 9)
(199, 11, 200, 10)
(198, 183, 199, 184)
(184, 365, 185, 366)
(367, 365, 368, 364)
(368, 6, 369, 5)
(68, 364, 69, 363)
(362, 72, 363, 71)
(216, 361, 217, 362)
(215, 208, 216, 209)
(207, 343, 208, 342)
(200, 341, 201, 342)
(297, 340, 298, 341)
(11, 296, 12, 297)
(18, 296, 19, 295)
(19, 285, 20, 284)
(285, 21, 286, 20)
(21, 183, 22, 182)
(181, 23, 182, 22)
(180, 170, 181, 169)
(168, 163, 169, 164)
(164, 167, 165, 168)
(166, 48, 167, 47)
(46, 51, 47, 52)
(52, 198, 53, 197)
(186, 54, 187, 53)
(366, 185, 367, 186)
(54, 58, 55, 57)
(67, 58, 68, 59)
(72, 60, 73, 59)
(217, 61, 218, 60)
(354, 61, 355, 62)
(112, 356, 113, 355)
(111, 349, 112, 348)
(347, 360, 348, 361)
(257, 346, 258, 347)
(256, 344, 257, 343)
(310, 256, 311, 255)
(306, 312, 307, 311)
(305, 202, 306, 203)
(203, 303, 204, 302)
(303, 300, 304, 301)
(299, 206, 300, 207)
(201, 298, 202, 299)
(205, 304, 206, 305)
(301, 205, 302, 204)
(312, 308, 313, 307)
(308, 314, 309, 313)
(97, 315, 98, 314)
(315, 97, 316, 96)
(316, 282, 317, 281)
(329, 282, 330, 283)
(339, 330, 340, 331)
(331, 338, 332, 339)
(337, 13, 338, 12)
(336, 17, 337, 18)
(335, 15, 336, 14)
(332, 13, 333, 14)
(333, 17, 334, 16)
(15, 335, 16, 334)
(283, 295, 284, 294)
(293, 287, 294, 286)
(161, 293, 162, 292)
(37, 163, 38, 162)
(179, 36, 180, 37)
(35, 178, 36, 179)
(34, 24, 35, 23)
(174, 33, 175, 34)
(32, 173, 33, 174)
(172, 31, 173, 32)
(30, 171, 31, 172)
(170, 29, 171, 30)
(28, 26, 29, 25)
(177, 25, 178, 24)
(27, 176, 28, 177)
(175, 26, 176, 27)
(49, 39, 50, 38)
(48, 166, 49, 165)
(39, 51, 40, 50)
(45, 40, 46, 41)
(192, 41, 193, 42)
(196, 193, 197, 194)
(194, 187, 195, 188)
(188, 195, 189, 196)
(189, 57, 190, 56)
(55, 191, 56, 190)
(42, 191, 43, 192)
(290, 44, 291, 43)
(289, 161, 290, 160)
(159, 66, 160, 67)
(65, 158, 66, 159)
(64, 74, 65, 73)
(220, 63, 221, 64)
(352, 220, 353, 219)
(218, 354, 219, 353)
(351, 63, 352, 62)
(113, 350, 114, 351)
(349, 357, 350, 356)
(260, 358, 261, 357)
(358, 260, 359, 259)
(110, 359, 111, 360)
(258, 109, 259, 110)
(108, 261, 109, 262)
(262, 346, 263, 345)
(344, 264, 345, 263)
(107, 265, 108, 264)
(106, 104, 107, 103)
(99, 102, 100, 103)
(98, 253, 99, 254)
(254, 310, 255, 309)
(252, 250, 253, 249)
(248, 279, 249, 280)
(280, 96, 281, 95)
(147, 94, 148, 95)
(91, 146, 92, 147)
(141, 90, 142, 91)
(89, 140, 90, 141)
(77, 89, 78, 88)
(78, 317, 79, 318)
(79, 85, 80, 84)
(85, 327, 86, 326)
(322, 328, 323, 327)
(328, 322, 329, 321)
(287, 320, 288, 321)
(319, 288, 320, 289)
(87, 319, 88, 318)
(86, 323, 87, 324)
(81, 325, 82, 324)
(83, 81, 84, 80)
(325, 83, 326, 82)
(243, 76, 244, 77)
(242, 157, 243, 158)
(241, 75, 242, 74)
(225, 240, 226, 241)
(221, 224, 222, 225)
(230, 224, 231, 223)
(233, 115, 234, 114)
(115, 233, 116, 232)
(116, 134, 117, 133)
(247, 134, 248, 135)
(148, 136, 149, 135)
(136, 94, 137, 93)
(92, 138, 93, 137)
(145, 138, 146, 139)
(139, 142, 140, 143)
(143, 244, 144, 245)
(245, 144, 246, 145)
(149, 246, 150, 247)
(150, 123, 151, 124)
(122, 151, 123, 152)
(152, 156, 153, 155)
(156, 76, 157, 75)
(126, 153, 127, 154)
(127, 237, 128, 236)
(237, 228, 238, 229)
(227, 238, 228, 239)
(239, 226, 240, 227)
(222, 230, 223, 229)
(235, 129, 236, 128)
(234, 232, 235, 231)
(120, 130, 121, 129)
(130, 120, 131, 119)
(118, 132, 119, 131)
(132, 118, 133, 117)
(121, 124, 122, 125)
(154, 125, 155, 126)
(265, 278, 266, 279)
(277, 270, 278, 271)
(104, 272, 105, 271)
(272, 106, 273, 105)
(273, 266, 274, 267)
(267, 274, 268, 275)
(275, 268, 276, 269)
(269, 276, 270, 277)
(100, 251, 101, 252)
(250, 101, 251, 102)
(44, 292, 45, 291)
(373, 212, 0, 213)
(211, 0, 212, 1)
