(3, 5, 4, 4)
(11, 60, 12, 61)
(59, 10, 60, 11)
(58, 1, 59, 2)
(8, 57, 9, 58)
(6, 8, 7, 7)
(5, 3, 6, 2)
(61, 56, 0, 57)
(46, 50, 47, 49)
(14, 48, 15, 47)
(13, 45, 14, 44)
(43, 13, 44, 12)
(42, 52, 43, 51)
(55, 51, 56, 50)
(54, 40, 55, 39)
(17, 38, 18, 39)
(16, 45, 17, 46)
(48, 16, 49, 15)
(32, 38, 33, 37)
(36, 34, 37, 33)
(35, 27, 36, 26)
(52, 25, 53, 26)
(24, 41, 25, 42)
(40, 23, 41, 24)
(53, 23, 54, 22)
(21, 28, 22, 29)
(29, 20, 30, 21)
(19, 30, 20, 31)
(31, 18, 32, 19)
(27, 35, 28, 34)
(9, 0, 10, 1)
