(13, 48, 14, 49)
(47, 20, 48, 21)
(12, 21, 13, 22)
(49, 23, 50, 22)
(54, 23, 55, 24)
(55, 43, 56, 42)
(14, 6, 15, 5)
(6, 46, 7, 45)
(19, 46, 20, 47)
(9, 19, 10, 18)
(51, 10, 52, 11)
(11, 52, 12, 53)
(50, 54, 51, 53)
(17, 9, 18, 8)
(7, 17, 8, 16)
(15, 45, 16, 44)
(39, 57, 40, 56)
(38, 35, 39, 36)
(61, 37, 0, 36)
(1, 61, 2, 60)
(27, 3, 28, 2)
(3, 27, 4, 26)
(4, 43, 5, 44)
(32, 26, 33, 25)
(24, 34, 25, 33)
(34, 59, 35, 60)
(41, 59, 42, 58)
(57, 41, 58, 40)
(30, 30, 31, 29)
(31, 28, 32, 29)
(37, 1, 38, 0)
