(7, 39, 8, 38)
(6, 28, 7, 27)
(15, 26, 16, 27)
(37, 15, 38, 14)
(42, 13, 43, 14)
(41, 9, 42, 8)
(40, 3, 41, 4)
(4, 39, 5, 40)
(28, 6, 29, 5)
(16, 30, 17, 29)
(30, 18, 31, 17)
(18, 52, 19, 51)
(52, 26, 53, 25)
(24, 54, 25, 53)
(54, 24, 55, 23)
(46, 56, 47, 55)
(36, 46, 37, 45)
(44, 36, 45, 35)
(34, 44, 35, 43)
(33, 11, 34, 10)
(9, 12, 10, 13)
(11, 33, 12, 32)
(31, 2, 32, 3)
(60, 1, 61, 2)
(59, 50, 60, 51)
(21, 59, 22, 58)
(19, 23, 20, 22)
(57, 21, 58, 20)
(56, 48, 57, 47)
(61, 49, 0, 48)
(49, 1, 50, 0)
