(40, 19, 41, 20)
(20, 41, 21, 42)
(21, 16, 22, 17)
(15, 18, 16, 19)
(47, 15, 48, 14)
(37, 48, 38, 49)
(51, 38, 52, 39)
(39, 52, 40, 53)
(44, 54, 45, 53)
(43, 57, 44, 56)
(55, 43, 56, 42)
(54, 57, 55, 58)
(58, 10, 59, 9)
(10, 23, 11, 24)
(17, 22, 18, 23)
(32, 11, 33, 12)
(33, 47, 34, 46)
(13, 34, 14, 35)
(35, 50, 36, 51)
(49, 36, 50, 37)
(45, 12, 46, 13)
(31, 24, 32, 25)
(8, 25, 9, 26)
(26, 7, 27, 8)
(61, 6, 0, 7)
(5, 60, 6, 61)
(59, 4, 60, 5)
(3, 30, 4, 31)
(29, 2, 30, 3)
(1, 28, 2, 29)
(27, 0, 28, 1)
