(48, 51, 49, 52)
(49, 51, 50, 50)
(47, 44, 48, 45)
(45, 52, 46, 53)
(53, 46, 54, 47)
(30, 14, 31, 13)
(42, 58, 43, 57)
(58, 44, 59, 43)
(59, 54, 60, 55)
(55, 60, 56, 61)
(61, 56, 0, 57)
(40, 8, 41, 7)
(6, 36, 7, 35)
(37, 35, 38, 34)
(33, 39, 34, 38)
(32, 24, 33, 23)
(22, 32, 23, 31)
(18, 21, 19, 22)
(17, 15, 18, 14)
(16, 27, 17, 28)
(3, 10, 4, 11)
(9, 2, 10, 3)
(1, 8, 2, 9)
(39, 4, 40, 5)
(36, 6, 37, 5)
(24, 19, 25, 20)
(20, 25, 21, 26)
(26, 15, 27, 16)
(28, 30, 29, 29)
(11, 12, 12, 13)
(41, 1, 42, 0)
