(32, 16, 33, 15)
(26, 31, 27, 32)
(30, 25, 31, 26)
(24, 29, 25, 30)
(46, 23, 47, 24)
(22, 45, 23, 46)
(34, 21, 35, 22)
(14, 34, 15, 33)
(13, 49, 14, 48)
(18, 47, 19, 48)
(17, 29, 18, 28)
(27, 17, 28, 16)
(19, 12, 20, 13)
(11, 44, 12, 45)
(43, 10, 44, 11)
(7, 42, 8, 43)
(6, 52, 7, 51)
(50, 36, 51, 35)
(20, 50, 21, 49)
(36, 10, 37, 9)
(8, 38, 9, 37)
(59, 38, 60, 39)
(41, 60, 42, 61)
(61, 40, 62, 41)
(39, 62, 40, 63)
(63, 54, 0, 55)
(4, 54, 5, 53)
(52, 6, 53, 5)
(3, 56, 4, 57)
(57, 2, 58, 3)
(1, 58, 2, 59)
(55, 0, 56, 1)
