(58, 60, 59, 59)
(33, 36, 34, 37)
(62, 38, 63, 37)
(26, 61, 27, 62)
(60, 25, 61, 26)
(24, 55, 25, 56)
(32, 4, 33, 3)
(2, 0, 3, 63)
(1, 31, 2, 30)
(29, 17, 30, 16)
(15, 29, 16, 28)
(27, 39, 28, 38)
(39, 14, 40, 15)
(50, 14, 51, 13)
(54, 10, 55, 9)
(8, 45, 9, 46)
(46, 7, 47, 8)
(23, 7, 24, 6)
(56, 5, 57, 6)
(4, 57, 5, 58)
(35, 34, 36, 35)
(18, 22, 19, 21)
(20, 18, 21, 17)
(22, 20, 23, 19)
(47, 40, 48, 41)
(43, 49, 44, 48)
(49, 43, 50, 42)
(12, 52, 13, 51)
(52, 12, 53, 11)
(10, 54, 11, 53)
(41, 44, 42, 45)
(31, 1, 32, 0)
