(59, 28, 60, 29)
(29, 31, 30, 30)
(16, 32, 17, 31)
(15, 10, 16, 11)
(11, 2, 12, 3)
(1, 41, 2, 40)
(39, 42, 40, 43)
(62, 44, 63, 43)
(20, 62, 21, 61)
(60, 22, 61, 21)
(22, 28, 23, 27)
(26, 24, 27, 23)
(50, 26, 51, 25)
(51, 59, 52, 58)
(47, 53, 48, 52)
(53, 47, 54, 46)
(45, 55, 46, 54)
(17, 44, 18, 45)
(55, 18, 56, 19)
(19, 56, 20, 57)
(57, 49, 58, 48)
(24, 50, 25, 49)
(63, 38, 0, 39)
(12, 38, 13, 37)
(36, 14, 37, 13)
(6, 36, 7, 35)
(7, 32, 8, 33)
(9, 8, 10, 9)
(3, 14, 4, 15)
(4, 34, 5, 33)
(34, 6, 35, 5)
(41, 1, 42, 0)
