(34, 3, 35, 4)
(39, 2, 40, 3)
(36, 5, 37, 6)
(4, 35, 5, 36)
(40, 8, 41, 7)
(8, 27, 9, 28)
(26, 18, 27, 17)
(16, 26, 17, 25)
(24, 60, 25, 59)
(58, 61, 59, 62)
(1, 62, 2, 63)
(63, 56, 0, 57)
(42, 55, 43, 56)
(28, 42, 29, 41)
(38, 29, 39, 30)
(33, 30, 34, 31)
(31, 32, 32, 33)
(6, 37, 7, 38)
(9, 54, 10, 55)
(20, 53, 21, 54)
(19, 19, 20, 18)
(15, 53, 16, 52)
(51, 22, 52, 23)
(60, 24, 61, 23)
(50, 45, 51, 46)
(46, 49, 47, 50)
(11, 48, 12, 49)
(43, 10, 44, 11)
(13, 44, 14, 45)
(21, 15, 22, 14)
(47, 12, 48, 13)
(57, 0, 58, 1)
