(5, 37, 6, 36)
(7, 5, 8, 4)
(3, 9, 4, 8)
(9, 3, 10, 2)
(10, 23, 11, 24)
(22, 25, 23, 26)
(34, 51, 35, 52)
(50, 35, 51, 36)
(52, 50, 53, 49)
(40, 43, 41, 44)
(39, 39, 40, 38)
(37, 7, 38, 6)
(14, 47, 15, 48)
(12, 16, 13, 15)
(24, 11, 25, 12)
(16, 30, 17, 29)
(30, 27, 31, 28)
(26, 21, 27, 22)
(33, 19, 34, 18)
(28, 18, 29, 17)
(19, 33, 20, 32)
(31, 21, 32, 20)
(48, 13, 49, 14)
(53, 46, 54, 47)
(45, 54, 46, 55)
(55, 44, 56, 45)
(57, 57, 58, 56)
(63, 42, 0, 43)
(1, 63, 2, 62)
(61, 60, 62, 61)
(58, 60, 59, 59)
(41, 0, 42, 1)
