(46, 28, 47, 27)
(26, 48, 27, 47)
(48, 26, 49, 25)
(33, 25, 34, 24)
(34, 16, 35, 15)
(51, 17, 52, 16)
(50, 53, 51, 54)
(54, 49, 55, 50)
(36, 55, 37, 56)
(58, 37, 59, 38)
(38, 59, 39, 60)
(44, 40, 45, 39)
(28, 43, 29, 44)
(32, 46, 33, 45)
(31, 43, 32, 42)
(41, 31, 42, 30)
(29, 41, 30, 40)
(60, 57, 61, 58)
(56, 61, 57, 62)
(7, 63, 8, 62)
(6, 22, 7, 21)
(20, 23, 21, 24)
(19, 14, 20, 15)
(18, 36, 19, 35)
(17, 53, 18, 52)
(13, 9, 14, 8)
(12, 0, 13, 63)
(2, 11, 3, 12)
(10, 1, 11, 2)
(4, 10, 5, 9)
(22, 6, 23, 5)
(3, 1, 4, 0)
