(32, 49, 33, 50)
(33, 57, 34, 56)
(57, 35, 58, 34)
(35, 27, 36, 26)
(29, 48, 30, 49)
(31, 29, 32, 28)
(46, 27, 47, 28)
(50, 59, 51, 60)
(58, 55, 59, 56)
(63, 36, 64, 37)
(37, 64, 38, 65)
(41, 38, 42, 39)
(39, 42, 40, 43)
(47, 30, 48, 31)
(44, 45, 45, 46)
(43, 40, 44, 41)
(62, 0, 63, 65)
(61, 16, 62, 17)
(17, 60, 18, 61)
(51, 19, 52, 18)
(19, 55, 20, 54)
(23, 20, 24, 21)
(24, 26, 25, 25)
(52, 22, 53, 21)
(22, 54, 23, 53)
(14, 16, 15, 15)
(12, 9, 13, 10)
(5, 3, 6, 2)
(3, 5, 4, 4)
(13, 7, 14, 6)
(7, 9, 8, 8)
(10, 11, 11, 12)
(1, 0, 2, 1)
