(64, 0, 65, 65)
(60, 63, 61, 64)
(1, 63, 2, 62)
(59, 20, 60, 21)
(21, 44, 22, 45)
(10, 14, 11, 13)
(9, 18, 10, 19)
(19, 2, 20, 3)
(58, 46, 59, 45)
(43, 22, 44, 23)
(23, 33, 24, 32)
(33, 25, 34, 24)
(25, 46, 26, 47)
(51, 26, 52, 27)
(29, 52, 30, 53)
(53, 30, 54, 31)
(54, 38, 55, 37)
(38, 56, 39, 55)
(41, 56, 42, 57)
(57, 42, 58, 43)
(35, 40, 36, 41)
(31, 35, 32, 34)
(39, 36, 40, 37)
(49, 29, 50, 28)
(50, 47, 51, 48)
(27, 49, 28, 48)
(12, 12, 13, 11)
(14, 4, 15, 3)
(4, 7, 5, 8)
(17, 7, 18, 6)
(5, 17, 6, 16)
(8, 16, 9, 15)
(61, 1, 62, 0)
