(18, 35, 19, 36)
(9, 56, 10, 57)
(42, 47, 43, 48)
(46, 51, 47, 52)
(41, 52, 42, 53)
(36, 54, 37, 53)
(39, 55, 40, 54)
(55, 39, 56, 38)
(37, 40, 38, 41)
(43, 51, 44, 50)
(45, 44, 46, 45)
(49, 48, 50, 49)
(19, 11, 20, 10)
(26, 12, 27, 11)
(32, 26, 33, 25)
(60, 33, 61, 34)
(34, 61, 35, 62)
(1, 4, 2, 5)
(17, 8, 18, 9)
(16, 60, 17, 59)
(58, 21, 59, 22)
(22, 57, 23, 58)
(20, 24, 21, 23)
(15, 25, 16, 24)
(14, 32, 15, 31)
(27, 30, 28, 31)
(29, 13, 30, 12)
(13, 29, 14, 28)
(62, 7, 63, 8)
(6, 5, 7, 6)
(2, 64, 3, 63)
(64, 4, 65, 3)
(65, 1, 0, 0)
