(37, 62, 38, 63)
(58, 62, 59, 61)
(60, 60, 61, 59)
(33, 37, 34, 36)
(34, 35, 35, 36)
(32, 64, 33, 63)
(38, 58, 39, 57)
(39, 51, 40, 50)
(51, 64, 52, 65)
(52, 56, 53, 55)
(56, 32, 57, 31)
(27, 31, 28, 30)
(45, 29, 46, 28)
(41, 44, 42, 45)
(49, 41, 50, 40)
(48, 44, 49, 43)
(42, 48, 43, 47)
(29, 47, 30, 46)
(26, 11, 27, 12)
(15, 13, 16, 12)
(14, 13, 15, 14)
(65, 2, 0, 3)
(1, 4, 2, 5)
(16, 5, 17, 6)
(17, 55, 18, 54)
(53, 19, 54, 18)
(19, 24, 20, 25)
(8, 24, 9, 23)
(22, 10, 23, 9)
(10, 22, 11, 21)
(20, 8, 21, 7)
(25, 7, 26, 6)
(3, 0, 4, 1)
