(22, 62, 23, 61)
(23, 20, 24, 21)
(34, 20, 35, 19)
(8, 36, 9, 35)
(7, 12, 8, 13)
(63, 40, 64, 41)
(41, 62, 42, 63)
(42, 60, 43, 59)
(60, 22, 61, 21)
(48, 44, 49, 43)
(47, 56, 48, 57)
(57, 24, 58, 25)
(33, 58, 34, 59)
(25, 33, 26, 32)
(49, 27, 50, 26)
(27, 51, 28, 50)
(44, 52, 45, 51)
(52, 56, 53, 55)
(53, 31, 54, 30)
(46, 31, 47, 32)
(28, 45, 29, 46)
(29, 55, 30, 54)
(39, 18, 40, 19)
(38, 15, 39, 16)
(16, 37, 17, 38)
(36, 10, 37, 9)
(10, 2, 11, 1)
(2, 12, 3, 11)
(3, 7, 4, 6)
(65, 5, 0, 4)
(64, 14, 65, 13)
(14, 18, 15, 17)
(5, 1, 6, 0)
