(39, 59, 40, 58)
(21, 39, 22, 38)
(22, 6, 23, 5)
(52, 53, 53, 54)
(54, 61, 55, 62)
(57, 61, 58, 60)
(59, 41, 60, 40)
(56, 42, 57, 41)
(42, 56, 43, 55)
(43, 35, 44, 34)
(35, 37, 36, 36)
(37, 21, 38, 20)
(30, 20, 31, 19)
(31, 24, 32, 25)
(4, 24, 5, 23)
(8, 4, 9, 3)
(9, 6, 10, 7)
(10, 65, 11, 0)
(64, 15, 65, 16)
(16, 63, 17, 64)
(51, 63, 52, 62)
(50, 33, 51, 34)
(49, 26, 50, 27)
(27, 44, 28, 45)
(28, 47, 29, 48)
(46, 29, 47, 30)
(45, 48, 46, 49)
(18, 26, 19, 25)
(17, 33, 18, 32)
(11, 15, 12, 14)
(1, 12, 2, 13)
(2, 8, 3, 7)
(13, 0, 14, 1)
