(46, 10, 47, 9)
(10, 22, 11, 21)
(45, 22, 46, 23)
(23, 63, 24, 62)
(66, 64, 67, 63)
(65, 8, 66, 9)
(7, 64, 8, 65)
(6, 29, 7, 30)
(30, 5, 31, 6)
(4, 31, 5, 32)
(17, 32, 18, 33)
(33, 18, 34, 19)
(49, 34, 50, 35)
(47, 51, 48, 50)
(51, 21, 52, 20)
(52, 15, 53, 16)
(14, 12, 15, 11)
(44, 14, 45, 13)
(12, 44, 13, 43)
(42, 55, 43, 56)
(61, 56, 62, 57)
(57, 60, 58, 61)
(26, 60, 27, 59)
(1, 29, 2, 28)
(2, 41, 3, 42)
(40, 3, 41, 4)
(54, 39, 55, 40)
(38, 53, 39, 54)
(16, 38, 17, 37)
(19, 36, 20, 37)
(35, 48, 36, 49)
(24, 28, 25, 27)
(58, 26, 59, 25)
(67, 1, 0, 0)
