(50, 47, 51, 48)
(51, 35, 52, 34)
(62, 36, 63, 35)
(46, 62, 47, 61)
(60, 49, 61, 50)
(48, 59, 49, 60)
(58, 66, 59, 65)
(64, 33, 65, 34)
(52, 63, 53, 64)
(36, 54, 37, 53)
(54, 46, 55, 45)
(66, 56, 67, 55)
(57, 57, 58, 56)
(32, 29, 33, 30)
(30, 31, 31, 32)
(8, 15, 9, 16)
(23, 17, 24, 16)
(22, 19, 23, 20)
(41, 21, 42, 20)
(37, 40, 38, 41)
(39, 44, 40, 45)
(43, 38, 44, 39)
(21, 43, 22, 42)
(1, 19, 2, 18)
(67, 3, 0, 2)
(27, 12, 28, 13)
(11, 28, 12, 29)
(10, 13, 11, 14)
(14, 9, 15, 10)
(4, 7, 5, 8)
(24, 3, 25, 4)
(6, 26, 7, 25)
(26, 6, 27, 5)
(17, 1, 18, 0)
