(17, 9, 18, 8)
(7, 19, 8, 18)
(19, 7, 20, 6)
(9, 21, 10, 20)
(21, 11, 22, 10)
(11, 17, 12, 16)
(22, 38, 23, 37)
(38, 24, 39, 23)
(15, 24, 16, 25)
(25, 14, 26, 15)
(28, 13, 29, 14)
(12, 27, 13, 28)
(39, 36, 40, 37)
(35, 40, 36, 41)
(41, 34, 42, 35)
(64, 33, 65, 34)
(30, 63, 31, 64)
(29, 27, 30, 26)
(1, 63, 2, 62)
(61, 59, 62, 58)
(48, 58, 49, 57)
(49, 54, 50, 55)
(53, 50, 54, 51)
(51, 5, 52, 4)
(5, 2, 6, 3)
(3, 53, 4, 52)
(42, 56, 43, 55)
(66, 31, 67, 32)
(32, 65, 33, 66)
(46, 59, 47, 60)
(60, 47, 61, 48)
(56, 44, 57, 43)
(44, 45, 45, 46)
(67, 1, 0, 0)
