(39, 48, 40, 49)
(33, 40, 34, 41)
(41, 34, 42, 35)
(42, 48, 43, 47)
(28, 43, 29, 44)
(26, 30, 27, 29)
(50, 25, 51, 26)
(49, 38, 50, 39)
(32, 38, 33, 37)
(36, 45, 37, 46)
(46, 35, 47, 36)
(44, 27, 45, 28)
(66, 31, 67, 32)
(30, 65, 31, 66)
(13, 52, 14, 53)
(51, 12, 52, 13)
(20, 12, 21, 11)
(24, 21, 25, 22)
(1, 22, 2, 23)
(67, 3, 0, 2)
(6, 3, 7, 4)
(7, 16, 8, 17)
(18, 16, 19, 15)
(14, 20, 15, 19)
(60, 53, 61, 54)
(58, 55, 59, 56)
(54, 59, 55, 60)
(56, 61, 57, 62)
(62, 64, 63, 63)
(64, 57, 65, 58)
(17, 8, 18, 9)
(9, 5, 10, 4)
(5, 11, 6, 10)
(23, 0, 24, 1)
