(56, 62, 57, 61)
(60, 58, 61, 57)
(59, 10, 60, 11)
(28, 28, 29, 27)
(62, 51, 63, 52)
(53, 51, 54, 50)
(54, 56, 55, 55)
(16, 21, 17, 22)
(9, 58, 10, 59)
(19, 8, 20, 9)
(13, 24, 14, 25)
(26, 24, 27, 23)
(22, 15, 23, 16)
(25, 14, 26, 15)
(17, 12, 18, 13)
(11, 18, 12, 19)
(7, 20, 8, 21)
(29, 64, 30, 65)
(52, 63, 53, 64)
(42, 49, 43, 50)
(4, 42, 5, 41)
(66, 6, 67, 5)
(6, 66, 7, 65)
(32, 0, 33, 67)
(44, 32, 45, 31)
(30, 46, 31, 45)
(46, 43, 47, 44)
(47, 36, 48, 37)
(35, 48, 36, 49)
(3, 35, 4, 34)
(40, 34, 41, 33)
(39, 3, 40, 2)
(1, 39, 2, 38)
(37, 1, 38, 0)
