(3, 2, 4, 3)
(61, 5, 62, 4)
(60, 7, 61, 8)
(38, 19, 39, 20)
(18, 37, 19, 38)
(17, 17, 18, 16)
(12, 16, 13, 15)
(13, 8, 14, 9)
(9, 14, 10, 15)
(10, 11, 11, 12)
(5, 63, 6, 62)
(23, 40, 24, 41)
(59, 23, 60, 22)
(20, 21, 21, 22)
(39, 58, 40, 59)
(34, 58, 35, 57)
(56, 36, 57, 35)
(36, 56, 37, 55)
(41, 45, 42, 44)
(45, 48, 46, 49)
(47, 32, 48, 33)
(33, 24, 34, 25)
(50, 25, 51, 26)
(51, 28, 52, 29)
(27, 52, 28, 53)
(53, 43, 54, 42)
(43, 55, 44, 54)
(26, 29, 27, 30)
(30, 49, 31, 50)
(31, 46, 32, 47)
(65, 64, 66, 65)
(63, 7, 64, 6)
(67, 67, 0, 66)
(1, 0, 2, 1)
