(7, 17, 8, 16)
(8, 4, 9, 3)
(61, 5, 62, 4)
(18, 56, 19, 55)
(54, 18, 55, 17)
(5, 7, 6, 6)
(53, 41, 54, 40)
(39, 49, 40, 48)
(47, 39, 48, 38)
(32, 38, 33, 37)
(36, 34, 37, 33)
(60, 36, 61, 35)
(34, 60, 35, 59)
(31, 58, 32, 59)
(30, 20, 31, 19)
(29, 57, 30, 56)
(25, 28, 26, 29)
(41, 24, 42, 25)
(23, 42, 24, 43)
(52, 43, 53, 44)
(49, 45, 50, 44)
(45, 51, 46, 50)
(51, 47, 52, 46)
(22, 28, 23, 27)
(26, 22, 27, 21)
(57, 21, 58, 20)
(62, 11, 63, 12)
(10, 1, 11, 2)
(2, 16, 3, 15)
(9, 14, 10, 15)
(13, 67, 14, 66)
(65, 13, 66, 12)
(64, 0, 65, 69)
(68, 64, 69, 63)
(67, 0, 68, 1)
