(40, 24, 41, 23)
(26, 42, 27, 41)
(24, 25, 25, 26)
(29, 39, 30, 38)
(39, 29, 40, 28)
(22, 28, 23, 27)
(21, 14, 22, 15)
(15, 20, 16, 21)
(42, 19, 43, 20)
(18, 43, 19, 44)
(63, 45, 64, 44)
(61, 33, 62, 32)
(31, 13, 32, 12)
(11, 31, 12, 30)
(10, 13, 11, 14)
(68, 9, 69, 10)
(8, 67, 9, 68)
(7, 17, 8, 16)
(17, 7, 18, 6)
(66, 5, 67, 6)
(65, 47, 66, 46)
(45, 65, 46, 64)
(47, 4, 48, 5)
(3, 48, 4, 49)
(49, 2, 50, 3)
(1, 59, 2, 58)
(57, 52, 58, 53)
(36, 53, 37, 54)
(37, 63, 38, 62)
(54, 55, 55, 56)
(33, 35, 34, 34)
(35, 57, 36, 56)
(60, 52, 61, 51)
(50, 0, 51, 69)
(59, 1, 60, 0)
