(13, 23, 14, 22)
(21, 13, 22, 12)
(18, 11, 19, 12)
(8, 17, 9, 18)
(28, 7, 29, 8)
(6, 27, 7, 28)
(5, 32, 6, 33)
(33, 2, 34, 3)
(14, 25, 15, 26)
(19, 25, 20, 24)
(23, 21, 24, 20)
(10, 15, 11, 16)
(16, 9, 17, 10)
(29, 27, 30, 26)
(30, 32, 31, 31)
(4, 4, 5, 3)
(69, 35, 0, 34)
(68, 1, 69, 2)
(36, 68, 37, 67)
(58, 60, 59, 59)
(66, 58, 67, 57)
(37, 54, 38, 55)
(53, 38, 54, 39)
(39, 52, 40, 53)
(65, 60, 66, 61)
(61, 57, 62, 56)
(62, 64, 63, 63)
(55, 65, 56, 64)
(45, 41, 46, 40)
(47, 44, 48, 45)
(51, 47, 52, 46)
(43, 50, 44, 51)
(49, 42, 50, 43)
(41, 48, 42, 49)
(35, 1, 36, 0)
