(50, 66, 51, 65)
(53, 65, 54, 64)
(63, 53, 64, 52)
(54, 51, 55, 52)
(58, 56, 59, 55)
(8, 58, 9, 57)
(9, 17, 10, 16)
(17, 11, 18, 10)
(11, 19, 12, 18)
(40, 19, 41, 20)
(44, 41, 45, 42)
(45, 36, 46, 37)
(35, 46, 36, 47)
(2, 48, 3, 47)
(48, 2, 49, 1)
(66, 50, 67, 49)
(60, 68, 61, 67)
(59, 62, 60, 63)
(68, 62, 69, 61)
(69, 4, 0, 5)
(6, 4, 7, 3)
(56, 8, 57, 7)
(31, 29, 32, 28)
(13, 30, 14, 31)
(12, 15, 13, 16)
(29, 14, 30, 15)
(25, 33, 26, 32)
(33, 25, 34, 24)
(21, 35, 22, 34)
(20, 39, 21, 40)
(38, 43, 39, 44)
(42, 37, 43, 38)
(22, 28, 23, 27)
(26, 24, 27, 23)
(5, 0, 6, 1)
