(35, 65, 36, 64)
(65, 9, 66, 8)
(9, 15, 10, 14)
(15, 35, 16, 34)
(33, 17, 34, 16)
(56, 63, 57, 64)
(4, 50, 5, 49)
(5, 38, 6, 39)
(37, 6, 38, 7)
(7, 36, 8, 37)
(2, 40, 3, 39)
(62, 55, 63, 56)
(54, 61, 55, 62)
(50, 53, 51, 54)
(52, 59, 53, 60)
(60, 57, 61, 58)
(58, 51, 59, 52)
(47, 41, 48, 40)
(48, 4, 49, 3)
(45, 43, 46, 42)
(46, 41, 47, 42)
(44, 43, 45, 44)
(24, 1, 25, 2)
(66, 23, 67, 24)
(69, 22, 0, 23)
(21, 68, 22, 69)
(20, 25, 21, 26)
(26, 12, 27, 11)
(12, 28, 13, 27)
(28, 14, 29, 13)
(29, 10, 30, 11)
(19, 31, 20, 30)
(31, 19, 32, 18)
(17, 33, 18, 32)
(67, 0, 68, 1)
