(32, 16, 33, 15)
(16, 34, 17, 33)
(34, 19, 35, 20)
(18, 31, 19, 32)
(17, 14, 18, 15)
(10, 12, 11, 11)
(9, 58, 10, 59)
(42, 60, 43, 59)
(6, 41, 7, 42)
(64, 5, 65, 6)
(2, 63, 3, 64)
(62, 1, 63, 2)
(61, 37, 62, 36)
(20, 35, 21, 36)
(21, 24, 22, 25)
(23, 50, 24, 51)
(30, 51, 31, 52)
(13, 52, 14, 53)
(53, 12, 54, 13)
(29, 55, 30, 54)
(28, 46, 29, 45)
(57, 45, 58, 44)
(43, 8, 44, 9)
(60, 7, 61, 8)
(56, 47, 57, 48)
(25, 49, 26, 48)
(49, 22, 50, 23)
(26, 55, 27, 56)
(46, 28, 47, 27)
(66, 37, 67, 38)
(67, 41, 68, 40)
(39, 69, 40, 68)
(69, 39, 70, 38)
(65, 71, 66, 70)
(71, 5, 0, 4)
(3, 1, 4, 0)
