(46, 45, 47, 46)
(47, 42, 48, 43)
(41, 38, 42, 39)
(44, 39, 45, 40)
(40, 43, 41, 44)
(37, 49, 38, 48)
(32, 63, 33, 64)
(67, 64, 68, 65)
(68, 28, 69, 27)
(49, 29, 50, 28)
(33, 36, 34, 37)
(60, 3, 61, 4)
(61, 8, 62, 9)
(7, 62, 8, 63)
(15, 6, 16, 7)
(14, 19, 15, 20)
(20, 32, 21, 31)
(24, 22, 25, 21)
(66, 24, 67, 23)
(22, 66, 23, 65)
(70, 26, 71, 25)
(26, 70, 27, 69)
(30, 0, 31, 71)
(29, 51, 30, 50)
(51, 55, 52, 54)
(55, 34, 56, 35)
(35, 56, 36, 57)
(57, 3, 58, 2)
(58, 13, 59, 14)
(12, 59, 13, 60)
(11, 5, 12, 4)
(10, 18, 11, 17)
(16, 10, 17, 9)
(5, 18, 6, 19)
(1, 52, 2, 53)
(53, 0, 54, 1)
