(10, 39, 11, 40)
(42, 9, 43, 10)
(12, 41, 13, 42)
(40, 11, 41, 12)
(13, 59, 14, 58)
(32, 59, 33, 60)
(44, 34, 45, 33)
(38, 44, 39, 43)
(37, 21, 38, 20)
(19, 48, 20, 49)
(49, 18, 50, 19)
(52, 18, 53, 17)
(53, 2, 54, 3)
(1, 54, 2, 55)
(55, 7, 56, 6)
(7, 57, 8, 56)
(57, 9, 58, 8)
(14, 5, 15, 6)
(4, 15, 5, 16)
(71, 17, 0, 16)
(67, 70, 68, 71)
(29, 66, 30, 67)
(28, 31, 29, 32)
(64, 27, 65, 28)
(26, 63, 27, 64)
(25, 47, 26, 46)
(60, 45, 61, 46)
(61, 24, 62, 25)
(23, 37, 24, 36)
(35, 23, 36, 22)
(21, 35, 22, 34)
(47, 62, 48, 63)
(65, 30, 66, 31)
(50, 69, 51, 70)
(68, 51, 69, 52)
(3, 1, 4, 0)
