(8, 11, 9, 12)
(3, 11, 4, 10)
(51, 4, 52, 5)
(5, 52, 6, 53)
(6, 57, 7, 58)
(56, 7, 57, 8)
(55, 13, 56, 12)
(43, 55, 44, 54)
(44, 2, 45, 1)
(9, 3, 10, 2)
(45, 51, 46, 50)
(49, 47, 50, 46)
(71, 48, 0, 49)
(70, 54, 71, 53)
(58, 69, 59, 70)
(13, 68, 14, 69)
(67, 16, 68, 17)
(17, 34, 18, 35)
(42, 34, 43, 33)
(32, 42, 33, 41)
(25, 41, 26, 40)
(39, 27, 40, 26)
(38, 60, 39, 59)
(60, 38, 61, 37)
(36, 62, 37, 61)
(35, 64, 36, 65)
(65, 14, 66, 15)
(15, 66, 16, 67)
(28, 64, 29, 63)
(29, 24, 30, 25)
(23, 19, 24, 18)
(19, 23, 20, 22)
(31, 20, 32, 21)
(21, 30, 22, 31)
(62, 28, 63, 27)
(47, 0, 48, 1)
