(26, 64, 27, 63)
(62, 28, 63, 27)
(58, 61, 59, 62)
(52, 58, 53, 57)
(53, 71, 54, 70)
(71, 68, 72, 69)
(67, 16, 68, 17)
(17, 66, 18, 67)
(38, 66, 39, 65)
(64, 40, 65, 39)
(35, 41, 36, 40)
(34, 25, 35, 26)
(33, 30, 34, 31)
(31, 28, 32, 29)
(29, 32, 30, 33)
(24, 41, 25, 42)
(59, 43, 60, 42)
(56, 56, 57, 55)
(69, 55, 70, 54)
(2, 51, 3, 52)
(1, 49, 2, 48)
(72, 47, 73, 48)
(46, 3, 47, 4)
(4, 9, 5, 10)
(8, 5, 9, 6)
(21, 7, 22, 6)
(15, 21, 16, 20)
(19, 36, 20, 37)
(37, 18, 38, 19)
(14, 23, 15, 24)
(44, 13, 45, 14)
(43, 61, 44, 60)
(12, 11, 13, 12)
(45, 11, 46, 10)
(7, 23, 8, 22)
(73, 51, 0, 50)
(49, 1, 50, 0)
