(56, 37, 57, 38)
(38, 57, 39, 58)
(30, 39, 31, 40)
(31, 65, 32, 64)
(36, 65, 37, 66)
(66, 56, 67, 55)
(67, 11, 68, 10)
(52, 12, 53, 11)
(51, 59, 52, 58)
(50, 28, 51, 27)
(29, 27, 30, 26)
(40, 25, 41, 26)
(61, 25, 62, 24)
(33, 63, 34, 62)
(63, 33, 64, 32)
(34, 19, 35, 20)
(18, 35, 19, 36)
(17, 54, 18, 55)
(16, 5, 17, 6)
(73, 7, 0, 6)
(9, 73, 10, 72)
(71, 2, 72, 3)
(3, 68, 4, 69)
(13, 5, 14, 4)
(12, 54, 13, 53)
(47, 20, 48, 21)
(59, 49, 60, 48)
(28, 50, 29, 49)
(41, 61, 42, 60)
(45, 43, 46, 42)
(23, 45, 24, 44)
(43, 23, 44, 22)
(21, 46, 22, 47)
(69, 14, 70, 15)
(15, 70, 16, 71)
(1, 9, 2, 8)
(7, 1, 8, 0)
