(71, 72, 72, 73)
(66, 63, 67, 64)
(70, 67, 71, 68)
(1, 68, 2, 69)
(73, 3, 0, 2)
(3, 10, 4, 11)
(9, 6, 10, 7)
(8, 8, 9, 7)
(62, 55, 63, 56)
(37, 57, 38, 56)
(36, 14, 37, 13)
(65, 13, 66, 12)
(11, 65, 12, 64)
(4, 35, 5, 36)
(34, 5, 35, 6)
(33, 14, 34, 15)
(31, 44, 32, 45)
(54, 45, 55, 46)
(61, 46, 62, 47)
(47, 38, 48, 39)
(57, 49, 58, 48)
(49, 41, 50, 40)
(41, 16, 42, 17)
(15, 32, 16, 33)
(42, 23, 43, 24)
(22, 43, 23, 44)
(21, 30, 22, 31)
(29, 20, 30, 21)
(51, 29, 52, 28)
(52, 60, 53, 59)
(60, 54, 61, 53)
(39, 58, 40, 59)
(27, 51, 28, 50)
(17, 26, 18, 27)
(25, 18, 26, 19)
(19, 24, 20, 25)
(69, 0, 70, 1)
