(70, 67, 71, 68)
(69, 20, 70, 21)
(21, 68, 22, 69)
(71, 23, 72, 22)
(10, 24, 11, 23)
(52, 9, 53, 10)
(46, 52, 47, 51)
(47, 67, 48, 66)
(48, 20, 49, 19)
(18, 50, 19, 49)
(72, 17, 73, 18)
(57, 36, 58, 37)
(11, 56, 12, 57)
(55, 60, 56, 61)
(61, 54, 62, 55)
(53, 25, 54, 24)
(25, 6, 26, 7)
(5, 8, 6, 9)
(4, 45, 5, 46)
(3, 28, 4, 29)
(64, 29, 65, 30)
(65, 51, 66, 50)
(30, 73, 31, 0)
(40, 32, 41, 31)
(38, 40, 39, 39)
(16, 38, 17, 37)
(15, 32, 16, 33)
(33, 14, 34, 15)
(13, 34, 14, 35)
(35, 58, 36, 59)
(12, 60, 13, 59)
(62, 42, 63, 41)
(1, 42, 2, 43)
(43, 2, 44, 3)
(27, 45, 28, 44)
(7, 26, 8, 27)
(63, 1, 64, 0)
