(59, 62, 60, 63)
(72, 71, 73, 72)
(65, 67, 66, 66)
(56, 57, 57, 58)
(55, 59, 56, 58)
(63, 60, 64, 61)
(61, 64, 62, 65)
(68, 67, 69, 68)
(7, 71, 8, 70)
(69, 9, 70, 8)
(9, 6, 10, 7)
(44, 5, 45, 6)
(43, 54, 44, 55)
(1, 43, 2, 42)
(2, 73, 3, 0)
(3, 40, 4, 41)
(12, 39, 13, 40)
(38, 11, 39, 12)
(10, 37, 11, 38)
(25, 36, 26, 37)
(49, 24, 50, 25)
(45, 48, 46, 49)
(47, 52, 48, 53)
(53, 5, 54, 4)
(51, 46, 52, 47)
(23, 50, 24, 51)
(22, 33, 23, 34)
(29, 35, 30, 34)
(17, 28, 18, 29)
(13, 16, 14, 17)
(15, 27, 16, 26)
(27, 15, 28, 14)
(35, 18, 36, 19)
(19, 33, 20, 32)
(31, 21, 32, 20)
(21, 31, 22, 30)
(41, 1, 42, 0)
