(5, 3, 6, 2)
(4, 71, 5, 72)
(13, 25, 14, 24)
(14, 70, 15, 69)
(70, 3, 71, 4)
(7, 73, 8, 72)
(65, 9, 66, 8)
(64, 26, 65, 25)
(63, 35, 64, 34)
(42, 34, 43, 33)
(43, 48, 44, 49)
(47, 50, 48, 51)
(10, 52, 11, 51)
(9, 12, 10, 13)
(52, 12, 53, 11)
(26, 54, 27, 53)
(54, 37, 55, 38)
(57, 37, 58, 36)
(35, 59, 36, 58)
(59, 63, 60, 62)
(60, 55, 61, 56)
(56, 61, 57, 62)
(31, 38, 32, 39)
(32, 42, 33, 41)
(29, 40, 30, 41)
(45, 28, 46, 29)
(49, 44, 50, 45)
(27, 46, 28, 47)
(39, 30, 40, 31)
(66, 16, 67, 15)
(16, 19, 17, 20)
(18, 23, 19, 24)
(22, 17, 23, 18)
(21, 68, 22, 69)
(67, 20, 68, 21)
(73, 7, 0, 6)
(1, 1, 2, 0)
