(10, 17, 11, 18)
(18, 9, 19, 10)
(20, 14, 21, 13)
(12, 15, 13, 16)
(16, 11, 17, 12)
(14, 20, 15, 19)
(8, 8, 9, 7)
(29, 6, 30, 7)
(5, 28, 6, 29)
(27, 30, 28, 31)
(31, 22, 32, 23)
(4, 22, 5, 21)
(3, 41, 4, 40)
(39, 3, 40, 2)
(1, 37, 2, 36)
(26, 36, 27, 35)
(75, 34, 0, 35)
(33, 74, 34, 75)
(23, 32, 24, 33)
(73, 25, 74, 24)
(61, 72, 62, 73)
(60, 50, 61, 49)
(43, 48, 44, 49)
(57, 42, 58, 43)
(41, 56, 42, 57)
(55, 68, 56, 69)
(66, 70, 67, 69)
(38, 66, 39, 65)
(64, 38, 65, 37)
(63, 70, 64, 71)
(71, 62, 72, 63)
(67, 54, 68, 55)
(53, 58, 54, 59)
(50, 60, 51, 59)
(51, 47, 52, 46)
(47, 44, 48, 45)
(45, 53, 46, 52)
(25, 1, 26, 0)
