(35, 33, 36, 32)
(1, 73, 2, 72)
(71, 74, 72, 75)
(75, 70, 0, 71)
(46, 28, 47, 27)
(26, 65, 27, 66)
(66, 70, 67, 69)
(18, 67, 19, 68)
(19, 20, 20, 21)
(36, 15, 37, 16)
(33, 35, 34, 34)
(4, 31, 5, 32)
(30, 3, 31, 4)
(2, 29, 3, 30)
(28, 48, 29, 47)
(5, 48, 6, 49)
(45, 6, 46, 7)
(12, 8, 13, 7)
(40, 12, 41, 11)
(38, 42, 39, 41)
(50, 38, 51, 37)
(60, 52, 61, 51)
(54, 60, 55, 59)
(58, 56, 59, 55)
(57, 24, 58, 25)
(64, 25, 65, 26)
(22, 63, 23, 64)
(16, 22, 17, 21)
(68, 17, 69, 18)
(62, 54, 63, 53)
(52, 62, 53, 61)
(23, 56, 24, 57)
(49, 14, 50, 15)
(13, 44, 14, 45)
(8, 43, 9, 44)
(42, 9, 43, 10)
(10, 40, 11, 39)
(73, 1, 74, 0)
