(12, 58, 13, 57)
(10, 56, 11, 55)
(56, 12, 57, 11)
(20, 29, 21, 30)
(30, 19, 31, 20)
(18, 31, 19, 32)
(39, 33, 40, 32)
(38, 16, 39, 15)
(14, 67, 15, 68)
(68, 13, 69, 14)
(69, 62, 70, 63)
(61, 4, 62, 5)
(58, 6, 59, 5)
(9, 35, 10, 34)
(33, 16, 34, 17)
(40, 17, 41, 18)
(21, 54, 22, 55)
(53, 28, 54, 29)
(46, 43, 47, 44)
(42, 47, 43, 48)
(48, 41, 49, 42)
(26, 51, 27, 52)
(23, 53, 24, 52)
(27, 22, 28, 23)
(24, 25, 25, 26)
(45, 51, 46, 50)
(49, 45, 50, 44)
(8, 0, 9, 75)
(74, 37, 75, 38)
(73, 66, 74, 67)
(63, 72, 64, 73)
(71, 64, 72, 65)
(65, 70, 66, 71)
(7, 36, 8, 37)
(6, 1, 7, 2)
(59, 2, 60, 3)
(3, 60, 4, 61)
(35, 0, 36, 1)
