(63, 32, 64, 33)
(33, 64, 34, 65)
(65, 34, 66, 35)
(31, 66, 32, 67)
(67, 63, 68, 62)
(51, 69, 52, 68)
(29, 51, 30, 50)
(30, 35, 31, 36)
(36, 5, 37, 6)
(4, 54, 5, 53)
(52, 61, 53, 62)
(60, 73, 61, 74)
(74, 59, 75, 60)
(69, 58, 70, 59)
(43, 8, 44, 9)
(7, 44, 8, 45)
(45, 46, 46, 47)
(6, 23, 7, 24)
(9, 23, 10, 22)
(10, 37, 11, 38)
(16, 11, 17, 12)
(42, 17, 43, 18)
(18, 41, 19, 42)
(21, 41, 22, 40)
(39, 39, 40, 38)
(12, 15, 13, 16)
(14, 20, 15, 19)
(20, 14, 21, 13)
(47, 25, 48, 24)
(25, 49, 26, 48)
(49, 27, 50, 26)
(27, 28, 28, 29)
(57, 70, 58, 71)
(54, 72, 55, 71)
(3, 72, 4, 73)
(75, 2, 0, 3)
(1, 56, 2, 57)
(55, 0, 56, 1)
