(64, 67, 65, 68)
(66, 65, 67, 66)
(59, 43, 60, 42)
(35, 16, 36, 17)
(32, 18, 33, 17)
(31, 29, 32, 28)
(10, 34, 11, 33)
(63, 40, 64, 41)
(41, 59, 42, 58)
(57, 63, 58, 62)
(61, 45, 62, 44)
(43, 61, 44, 60)
(15, 36, 16, 37)
(37, 14, 38, 15)
(13, 48, 14, 49)
(49, 12, 50, 13)
(34, 12, 35, 11)
(50, 40, 51, 39)
(51, 57, 52, 56)
(55, 53, 56, 52)
(45, 54, 46, 55)
(53, 46, 54, 47)
(47, 38, 48, 39)
(68, 25, 69, 26)
(29, 27, 30, 26)
(27, 31, 28, 30)
(69, 19, 70, 18)
(77, 22, 0, 23)
(24, 22, 25, 21)
(20, 1, 21, 2)
(7, 2, 8, 3)
(8, 71, 9, 72)
(70, 9, 71, 10)
(72, 4, 73, 3)
(4, 74, 5, 73)
(74, 6, 75, 5)
(6, 76, 7, 75)
(76, 19, 77, 20)
(23, 0, 24, 1)
