(58, 33, 59, 34)
(59, 65, 60, 64)
(65, 61, 66, 60)
(61, 67, 62, 66)
(18, 64, 19, 63)
(62, 20, 63, 19)
(53, 20, 54, 21)
(21, 54, 22, 55)
(22, 67, 23, 68)
(27, 29, 28, 28)
(23, 25, 24, 24)
(26, 25, 27, 26)
(31, 30, 32, 31)
(29, 32, 30, 33)
(57, 68, 58, 69)
(69, 3, 70, 2)
(42, 4, 43, 3)
(16, 42, 17, 41)
(17, 34, 18, 35)
(14, 36, 15, 35)
(36, 14, 37, 13)
(12, 38, 13, 37)
(11, 50, 12, 51)
(51, 56, 52, 57)
(55, 52, 56, 53)
(73, 10, 74, 11)
(1, 73, 2, 72)
(46, 71, 47, 72)
(70, 45, 71, 46)
(5, 45, 6, 44)
(43, 7, 44, 6)
(7, 4, 8, 5)
(8, 77, 9, 0)
(76, 39, 77, 40)
(40, 16, 41, 15)
(38, 75, 39, 76)
(74, 49, 75, 50)
(9, 49, 10, 48)
(47, 0, 48, 1)
