(2, 73, 3, 74)
(72, 5, 73, 6)
(49, 7, 50, 6)
(48, 53, 49, 54)
(54, 23, 55, 24)
(22, 55, 23, 56)
(57, 57, 58, 56)
(1, 77, 2, 76)
(74, 75, 75, 76)
(70, 3, 71, 4)
(4, 71, 5, 72)
(62, 70, 63, 69)
(64, 63, 65, 64)
(68, 66, 69, 65)
(66, 68, 67, 67)
(9, 40, 10, 41)
(41, 8, 42, 9)
(7, 51, 8, 50)
(46, 51, 47, 52)
(52, 47, 53, 48)
(30, 20, 31, 19)
(31, 28, 32, 29)
(27, 25, 28, 24)
(33, 27, 34, 26)
(34, 22, 35, 21)
(35, 14, 36, 15)
(13, 60, 14, 61)
(58, 62, 59, 61)
(59, 12, 60, 13)
(10, 38, 11, 37)
(38, 44, 39, 43)
(44, 40, 45, 39)
(45, 42, 46, 43)
(36, 12, 37, 11)
(17, 17, 18, 16)
(18, 30, 19, 29)
(15, 20, 16, 21)
(25, 33, 26, 32)
(77, 0, 0, 1)
