(61, 19, 62, 18)
(60, 73, 61, 74)
(66, 19, 67, 20)
(20, 67, 21, 68)
(72, 21, 73, 22)
(22, 71, 23, 72)
(75, 16, 76, 17)
(17, 74, 18, 75)
(15, 76, 16, 77)
(1, 7, 2, 6)
(2, 77, 3, 0)
(3, 9, 4, 8)
(50, 53, 51, 54)
(47, 63, 48, 62)
(65, 47, 66, 46)
(45, 65, 46, 64)
(63, 45, 64, 44)
(34, 44, 35, 43)
(35, 68, 36, 69)
(36, 27, 37, 28)
(39, 27, 40, 26)
(23, 41, 24, 40)
(41, 71, 42, 70)
(51, 48, 52, 49)
(52, 56, 53, 55)
(56, 60, 57, 59)
(57, 13, 58, 12)
(10, 14, 11, 13)
(14, 10, 15, 9)
(11, 59, 12, 58)
(54, 49, 55, 50)
(42, 34, 43, 33)
(32, 70, 33, 69)
(24, 32, 25, 31)
(30, 26, 31, 25)
(38, 29, 39, 30)
(28, 37, 29, 38)
(7, 5, 8, 4)
(5, 1, 6, 0)
