(10, 17, 11, 18)
(18, 11, 19, 12)
(19, 29, 20, 28)
(29, 21, 30, 20)
(5, 8, 6, 9)
(6, 8, 7, 7)
(16, 9, 17, 10)
(64, 32, 65, 31)
(26, 25, 27, 26)
(27, 25, 28, 24)
(30, 23, 31, 24)
(55, 22, 56, 23)
(21, 54, 22, 55)
(3, 4, 4, 5)
(75, 3, 76, 2)
(15, 76, 16, 77)
(77, 12, 0, 13)
(74, 73, 75, 74)
(72, 66, 73, 65)
(58, 63, 59, 64)
(57, 42, 58, 43)
(43, 56, 44, 57)
(41, 45, 42, 44)
(49, 48, 50, 49)
(47, 39, 48, 38)
(66, 35, 67, 36)
(34, 67, 35, 68)
(71, 68, 72, 69)
(69, 32, 70, 33)
(36, 37, 37, 38)
(33, 70, 34, 71)
(52, 45, 53, 46)
(40, 53, 41, 54)
(50, 39, 51, 40)
(46, 51, 47, 52)
(62, 59, 63, 60)
(60, 62, 61, 61)
(1, 14, 2, 15)
(13, 0, 14, 1)
