(77, 18, 0, 19)
(17, 15, 18, 14)
(2, 14, 3, 13)
(10, 4, 11, 3)
(9, 21, 10, 20)
(19, 76, 20, 77)
(8, 75, 9, 76)
(7, 31, 8, 30)
(29, 7, 30, 6)
(5, 29, 6, 28)
(27, 12, 28, 13)
(11, 26, 12, 27)
(4, 25, 5, 26)
(24, 74, 25, 73)
(72, 24, 73, 23)
(22, 72, 23, 71)
(45, 70, 46, 71)
(53, 44, 54, 45)
(52, 35, 53, 36)
(33, 37, 34, 36)
(21, 32, 22, 33)
(74, 32, 75, 31)
(46, 38, 47, 37)
(38, 70, 39, 69)
(39, 62, 40, 63)
(61, 40, 62, 41)
(54, 42, 55, 41)
(42, 58, 43, 57)
(58, 44, 59, 43)
(56, 60, 57, 59)
(65, 48, 66, 49)
(50, 48, 51, 47)
(34, 51, 35, 52)
(49, 66, 50, 67)
(64, 68, 65, 67)
(68, 64, 69, 63)
(60, 56, 61, 55)
(1, 17, 2, 16)
(15, 1, 16, 0)
