(74, 70, 75, 69)
(70, 76, 71, 75)
(76, 72, 77, 71)
(72, 68, 73, 67)
(68, 74, 69, 73)
(60, 9, 61, 10)
(3, 8, 4, 9)
(2, 50, 3, 49)
(79, 48, 0, 49)
(78, 46, 79, 45)
(44, 78, 45, 77)
(54, 44, 55, 43)
(55, 67, 56, 66)
(59, 56, 60, 57)
(58, 58, 59, 57)
(65, 11, 66, 10)
(64, 38, 65, 37)
(31, 36, 32, 37)
(30, 62, 31, 61)
(4, 29, 5, 30)
(7, 29, 8, 28)
(27, 7, 28, 6)
(5, 27, 6, 26)
(50, 25, 51, 26)
(24, 51, 25, 52)
(52, 23, 53, 24)
(22, 53, 23, 54)
(21, 62, 22, 63)
(18, 64, 19, 63)
(12, 17, 13, 18)
(11, 42, 12, 43)
(16, 41, 17, 42)
(40, 15, 41, 16)
(14, 39, 15, 40)
(38, 13, 39, 14)
(34, 19, 35, 20)
(35, 32, 36, 33)
(20, 33, 21, 34)
(1, 46, 2, 47)
(47, 0, 48, 1)
