(38, 77, 39, 78)
(6, 37, 7, 38)
(78, 5, 79, 6)
(4, 75, 5, 76)
(76, 39, 77, 40)
(71, 41, 72, 40)
(41, 71, 42, 70)
(69, 43, 70, 42)
(53, 68, 54, 69)
(67, 52, 68, 53)
(45, 66, 46, 67)
(44, 35, 45, 36)
(36, 7, 37, 8)
(8, 43, 9, 44)
(60, 25, 61, 26)
(56, 60, 57, 59)
(48, 58, 49, 57)
(47, 55, 48, 54)
(46, 51, 47, 52)
(50, 55, 51, 56)
(58, 50, 59, 49)
(24, 65, 25, 66)
(20, 23, 21, 24)
(62, 19, 63, 20)
(32, 12, 33, 11)
(10, 30, 11, 29)
(28, 10, 29, 9)
(30, 28, 31, 27)
(26, 32, 27, 31)
(17, 12, 18, 13)
(18, 61, 19, 62)
(15, 34, 16, 35)
(33, 14, 34, 15)
(13, 16, 14, 17)
(63, 22, 64, 23)
(21, 64, 22, 65)
(79, 73, 0, 72)
(2, 74, 3, 73)
(74, 2, 75, 1)
(3, 1, 4, 0)
