(34, 73, 35, 74)
(35, 17, 36, 16)
(20, 18, 21, 17)
(70, 20, 71, 19)
(32, 71, 33, 72)
(72, 33, 73, 34)
(31, 29, 32, 28)
(74, 27, 75, 28)
(26, 15, 27, 16)
(36, 25, 37, 26)
(24, 37, 25, 38)
(38, 23, 39, 24)
(65, 22, 66, 23)
(21, 64, 22, 65)
(66, 64, 67, 63)
(67, 59, 68, 58)
(59, 69, 60, 68)
(18, 70, 19, 69)
(60, 29, 61, 30)
(30, 61, 31, 62)
(62, 57, 63, 58)
(56, 42, 57, 41)
(40, 76, 41, 75)
(39, 14, 40, 15)
(13, 6, 14, 7)
(54, 7, 55, 8)
(42, 56, 43, 55)
(43, 2, 44, 3)
(1, 48, 2, 49)
(49, 46, 50, 47)
(45, 79, 46, 78)
(77, 10, 78, 11)
(11, 76, 12, 77)
(5, 12, 6, 13)
(4, 10, 5, 9)
(8, 53, 9, 54)
(52, 4, 53, 3)
(44, 51, 45, 52)
(79, 51, 0, 50)
(47, 0, 48, 1)
