(57, 58, 58, 59)
(60, 43, 61, 44)
(42, 65, 43, 66)
(66, 41, 67, 42)
(40, 52, 41, 51)
(59, 57, 60, 56)
(62, 45, 63, 46)
(44, 61, 45, 62)
(46, 63, 47, 64)
(64, 47, 65, 48)
(48, 53, 49, 54)
(67, 52, 68, 53)
(68, 23, 69, 24)
(37, 23, 38, 22)
(21, 39, 22, 38)
(39, 21, 40, 20)
(32, 19, 33, 20)
(16, 31, 17, 32)
(50, 55, 51, 56)
(54, 49, 55, 50)
(71, 25, 72, 24)
(70, 73, 71, 74)
(74, 69, 75, 70)
(36, 75, 37, 76)
(76, 35, 77, 36)
(34, 17, 35, 18)
(18, 33, 19, 34)
(30, 77, 31, 78)
(5, 79, 6, 78)
(1, 5, 2, 4)
(2, 16, 3, 15)
(14, 4, 15, 3)
(13, 11, 14, 10)
(7, 28, 8, 29)
(25, 73, 26, 72)
(26, 27, 27, 28)
(29, 8, 30, 9)
(6, 10, 7, 9)
(79, 12, 0, 13)
(11, 0, 12, 1)
