(37, 42, 38, 43)
(43, 36, 44, 37)
(54, 36, 55, 35)
(38, 56, 39, 55)
(56, 42, 57, 41)
(44, 58, 45, 57)
(17, 59, 18, 58)
(53, 17, 54, 16)
(15, 79, 16, 78)
(77, 15, 78, 14)
(34, 14, 35, 13)
(12, 50, 13, 49)
(48, 45, 49, 46)
(39, 47, 40, 46)
(47, 41, 48, 40)
(18, 11, 19, 12)
(10, 19, 11, 20)
(20, 24, 21, 23)
(31, 53, 32, 52)
(79, 33, 0, 32)
(33, 77, 34, 76)
(75, 51, 76, 50)
(74, 1, 75, 2)
(2, 71, 3, 72)
(7, 71, 8, 70)
(21, 8, 22, 9)
(9, 22, 10, 23)
(66, 70, 67, 69)
(60, 62, 61, 61)
(24, 59, 25, 60)
(25, 63, 26, 62)
(63, 28, 64, 29)
(27, 64, 28, 65)
(30, 65, 31, 66)
(4, 5, 5, 6)
(73, 73, 74, 72)
(6, 3, 7, 4)
(29, 27, 30, 26)
(68, 68, 69, 67)
(51, 1, 52, 0)
