(15, 71, 16, 70)
(71, 17, 72, 16)
(62, 18, 63, 17)
(23, 19, 24, 18)
(22, 61, 23, 62)
(58, 21, 59, 22)
(73, 14, 74, 15)
(69, 73, 70, 72)
(68, 66, 69, 65)
(64, 25, 65, 26)
(26, 63, 27, 64)
(24, 28, 25, 27)
(67, 29, 68, 28)
(29, 67, 30, 66)
(19, 55, 20, 54)
(55, 61, 56, 60)
(59, 57, 60, 56)
(20, 57, 21, 58)
(7, 2, 8, 3)
(11, 9, 12, 8)
(13, 11, 14, 10)
(40, 52, 41, 51)
(50, 42, 51, 41)
(49, 31, 50, 30)
(37, 49, 38, 48)
(47, 39, 48, 38)
(39, 47, 40, 46)
(45, 37, 46, 36)
(35, 33, 36, 32)
(42, 31, 43, 32)
(34, 44, 35, 43)
(44, 34, 45, 33)
(75, 53, 76, 52)
(53, 75, 54, 74)
(5, 77, 6, 76)
(77, 5, 78, 4)
(3, 6, 4, 7)
(9, 13, 10, 12)
(1, 79, 2, 78)
(79, 1, 0, 0)
