(78, 13, 79, 14)
(12, 3, 13, 4)
(4, 9, 5, 10)
(1, 9, 2, 8)
(81, 3, 0, 2)
(80, 32, 81, 31)
(77, 31, 78, 30)
(24, 22, 25, 21)
(22, 24, 23, 23)
(25, 20, 26, 21)
(26, 20, 27, 19)
(68, 27, 69, 28)
(16, 70, 17, 69)
(15, 55, 16, 54)
(48, 54, 49, 53)
(49, 45, 50, 44)
(45, 40, 46, 41)
(14, 39, 15, 40)
(33, 38, 34, 39)
(32, 80, 33, 79)
(37, 34, 38, 35)
(35, 73, 36, 72)
(73, 58, 74, 59)
(76, 58, 77, 57)
(65, 57, 66, 56)
(17, 66, 18, 67)
(18, 30, 19, 29)
(28, 67, 29, 68)
(55, 71, 56, 70)
(71, 37, 72, 36)
(64, 60, 65, 59)
(60, 64, 61, 63)
(61, 74, 62, 75)
(75, 62, 76, 63)
(46, 47, 47, 48)
(50, 41, 51, 42)
(42, 51, 43, 52)
(52, 43, 53, 44)
(6, 11, 7, 12)
(10, 5, 11, 6)
(7, 1, 8, 0)
