(68, 65, 69, 66)
(67, 58, 68, 59)
(59, 66, 60, 67)
(69, 61, 70, 60)
(61, 71, 62, 70)
(71, 63, 72, 62)
(54, 64, 55, 63)
(64, 54, 65, 53)
(55, 53, 56, 52)
(13, 57, 14, 56)
(57, 13, 58, 12)
(11, 74, 12, 75)
(42, 75, 43, 76)
(28, 44, 29, 43)
(27, 50, 28, 51)
(72, 52, 73, 51)
(14, 74, 15, 73)
(15, 26, 16, 27)
(25, 16, 26, 17)
(17, 24, 18, 25)
(8, 10, 9, 9)
(10, 8, 11, 7)
(3, 6, 4, 7)
(41, 3, 42, 2)
(1, 35, 2, 34)
(33, 81, 34, 80)
(79, 77, 80, 76)
(31, 78, 32, 79)
(21, 30, 22, 31)
(29, 20, 30, 21)
(46, 19, 47, 20)
(48, 46, 49, 45)
(44, 50, 45, 49)
(18, 47, 19, 48)
(23, 23, 24, 22)
(77, 32, 78, 33)
(81, 38, 0, 39)
(4, 37, 5, 38)
(36, 5, 37, 6)
(40, 36, 41, 35)
(39, 0, 40, 1)
