(11, 15, 12, 14)
(12, 28, 13, 27)
(26, 14, 27, 13)
(25, 55, 26, 54)
(56, 54, 57, 53)
(30, 58, 31, 57)
(58, 30, 59, 29)
(28, 60, 29, 59)
(15, 16, 16, 17)
(10, 9, 11, 10)
(55, 25, 56, 24)
(22, 24, 23, 23)
(21, 7, 22, 6)
(20, 18, 21, 17)
(19, 8, 20, 9)
(7, 18, 8, 19)
(45, 48, 46, 49)
(36, 38, 37, 37)
(52, 36, 53, 35)
(34, 52, 35, 51)
(43, 45, 44, 44)
(38, 47, 39, 48)
(46, 39, 47, 40)
(40, 34, 41, 33)
(50, 41, 51, 42)
(42, 31, 43, 32)
(32, 49, 33, 50)
(74, 70, 75, 69)
(73, 67, 74, 66)
(4, 65, 5, 66)
(64, 3, 65, 4)
(63, 61, 64, 60)
(81, 62, 0, 63)
(80, 1, 81, 2)
(2, 79, 3, 80)
(5, 79, 6, 78)
(77, 73, 78, 72)
(71, 77, 72, 76)
(70, 67, 71, 68)
(68, 76, 69, 75)
(61, 0, 62, 1)
