(8, 63, 9, 64)
(67, 65, 68, 64)
(39, 66, 40, 67)
(9, 38, 10, 39)
(37, 36, 38, 37)
(2, 79, 3, 80)
(6, 3, 7, 4)
(62, 7, 63, 8)
(61, 16, 62, 17)
(68, 18, 69, 17)
(18, 70, 19, 69)
(21, 71, 22, 70)
(71, 21, 72, 20)
(72, 41, 73, 42)
(65, 40, 66, 41)
(34, 73, 35, 74)
(10, 36, 11, 35)
(78, 11, 79, 12)
(12, 2, 13, 1)
(13, 80, 14, 81)
(5, 14, 6, 15)
(15, 4, 16, 5)
(81, 76, 0, 77)
(19, 22, 20, 23)
(42, 31, 43, 32)
(30, 43, 31, 44)
(44, 29, 45, 30)
(28, 33, 29, 34)
(60, 57, 61, 58)
(58, 25, 59, 26)
(24, 54, 25, 53)
(52, 24, 53, 23)
(48, 51, 49, 52)
(46, 48, 47, 47)
(50, 55, 51, 56)
(27, 56, 28, 57)
(26, 59, 27, 60)
(54, 49, 55, 50)
(45, 33, 46, 32)
(75, 75, 76, 74)
(77, 0, 78, 1)
