(34, 62, 35, 61)
(35, 30, 36, 31)
(32, 30, 33, 29)
(62, 34, 63, 33)
(60, 63, 61, 64)
(64, 19, 65, 20)
(77, 19, 78, 18)
(37, 79, 38, 78)
(31, 36, 32, 37)
(79, 29, 80, 28)
(80, 4, 81, 3)
(23, 5, 24, 4)
(59, 23, 60, 22)
(21, 71, 22, 70)
(69, 21, 70, 20)
(73, 69, 74, 68)
(65, 75, 66, 74)
(44, 76, 45, 75)
(76, 44, 77, 43)
(42, 40, 43, 39)
(17, 39, 18, 38)
(27, 17, 28, 16)
(15, 27, 16, 26)
(2, 26, 3, 25)
(81, 24, 82, 25)
(82, 5, 83, 6)
(56, 50, 57, 49)
(48, 72, 49, 71)
(72, 48, 73, 47)
(67, 47, 68, 46)
(45, 67, 46, 66)
(50, 56, 51, 55)
(54, 52, 55, 51)
(53, 52, 54, 53)
(83, 12, 0, 13)
(11, 8, 12, 9)
(40, 10, 41, 9)
(10, 42, 11, 41)
(14, 8, 15, 7)
(6, 1, 7, 2)
(58, 58, 59, 57)
(13, 0, 14, 1)
