(7, 13, 8, 12)
(11, 9, 12, 8)
(10, 53, 11, 54)
(13, 55, 14, 54)
(55, 15, 56, 14)
(15, 59, 16, 58)
(6, 59, 7, 60)
(3, 61, 4, 60)
(21, 3, 22, 2)
(22, 76, 23, 75)
(76, 52, 77, 51)
(52, 9, 53, 10)
(77, 47, 78, 46)
(47, 79, 48, 78)
(82, 80, 83, 79)
(81, 57, 82, 56)
(57, 81, 58, 80)
(83, 66, 0, 67)
(20, 65, 21, 66)
(19, 17, 20, 16)
(18, 64, 19, 63)
(5, 63, 6, 62)
(61, 5, 62, 4)
(64, 18, 65, 17)
(1, 71, 2, 70)
(72, 70, 73, 69)
(73, 26, 74, 27)
(25, 74, 26, 75)
(23, 24, 24, 25)
(68, 28, 69, 27)
(28, 68, 29, 67)
(29, 40, 30, 41)
(39, 42, 40, 43)
(43, 49, 44, 48)
(49, 45, 50, 44)
(45, 51, 46, 50)
(38, 33, 39, 34)
(34, 35, 35, 36)
(36, 31, 37, 32)
(41, 30, 42, 31)
(32, 37, 33, 38)
(71, 1, 72, 0)
