(1, 79, 2, 78)
(74, 77, 75, 78)
(73, 36, 74, 37)
(37, 62, 38, 63)
(61, 42, 62, 43)
(43, 2, 44, 3)
(44, 9, 45, 10)
(13, 9, 14, 8)
(7, 57, 8, 56)
(55, 48, 56, 49)
(49, 67, 50, 66)
(28, 68, 29, 67)
(68, 28, 69, 27)
(30, 69, 31, 70)
(34, 32, 35, 31)
(33, 15, 34, 14)
(15, 33, 16, 32)
(16, 36, 17, 35)
(72, 17, 73, 18)
(21, 19, 22, 18)
(51, 21, 52, 20)
(63, 53, 64, 52)
(53, 65, 54, 64)
(65, 55, 66, 54)
(19, 51, 20, 50)
(25, 22, 26, 23)
(26, 29, 27, 30)
(71, 24, 72, 25)
(23, 70, 24, 71)
(47, 7, 48, 6)
(5, 40, 6, 41)
(38, 42, 39, 41)
(39, 4, 40, 5)
(60, 4, 61, 3)
(59, 11, 60, 10)
(45, 58, 46, 59)
(57, 12, 58, 13)
(11, 46, 12, 47)
(81, 76, 82, 77)
(75, 82, 76, 83)
(83, 81, 0, 80)
(79, 1, 80, 0)
