(32, 16, 33, 15)
(33, 12, 34, 13)
(30, 11, 31, 12)
(17, 10, 18, 11)
(29, 17, 30, 16)
(5, 28, 6, 29)
(27, 4, 28, 5)
(26, 38, 27, 37)
(31, 37, 32, 36)
(35, 14, 36, 15)
(13, 34, 14, 35)
(25, 19, 26, 18)
(51, 25, 52, 24)
(52, 55, 53, 56)
(83, 54, 0, 55)
(1, 83, 2, 82)
(2, 69, 3, 70)
(68, 8, 69, 7)
(9, 7, 10, 6)
(8, 68, 9, 67)
(3, 67, 4, 66)
(70, 66, 71, 65)
(80, 72, 81, 71)
(62, 78, 63, 77)
(63, 60, 64, 61)
(38, 59, 39, 60)
(58, 20, 59, 19)
(57, 50, 58, 51)
(23, 57, 24, 56)
(22, 43, 23, 44)
(39, 45, 40, 44)
(48, 45, 49, 46)
(49, 20, 50, 21)
(42, 21, 43, 22)
(41, 46, 42, 47)
(47, 40, 48, 41)
(81, 64, 82, 65)
(78, 79, 79, 80)
(72, 76, 73, 75)
(76, 62, 77, 61)
(74, 73, 75, 74)
(53, 0, 54, 1)
