(55, 57, 56, 56)
(57, 54, 58, 55)
(42, 54, 43, 53)
(52, 44, 53, 43)
(22, 52, 23, 51)
(60, 49, 61, 50)
(48, 41, 49, 42)
(44, 46, 45, 45)
(21, 46, 22, 47)
(47, 62, 48, 63)
(61, 41, 62, 40)
(50, 40, 51, 39)
(26, 30, 27, 29)
(28, 26, 29, 25)
(33, 24, 34, 25)
(23, 32, 24, 33)
(31, 34, 32, 35)
(58, 36, 59, 35)
(36, 37, 37, 38)
(59, 38, 60, 39)
(30, 28, 31, 27)
(1, 64, 2, 65)
(63, 20, 64, 21)
(19, 66, 20, 67)
(67, 83, 68, 82)
(73, 69, 74, 68)
(4, 15, 5, 16)
(16, 18, 17, 17)
(18, 3, 19, 4)
(65, 2, 66, 3)
(71, 14, 72, 15)
(13, 70, 14, 71)
(12, 79, 13, 80)
(75, 81, 76, 80)
(81, 75, 82, 74)
(11, 77, 12, 76)
(77, 11, 78, 10)
(9, 79, 10, 78)
(69, 8, 70, 9)
(7, 6, 8, 7)
(5, 72, 6, 73)
(83, 1, 0, 0)
