(10, 5, 11, 6)
(11, 77, 12, 76)
(77, 5, 78, 4)
(78, 81, 79, 82)
(80, 13, 81, 14)
(14, 49, 15, 50)
(43, 49, 44, 48)
(67, 45, 68, 44)
(66, 9, 67, 10)
(8, 65, 9, 66)
(64, 7, 65, 8)
(6, 63, 7, 64)
(23, 62, 24, 63)
(75, 23, 76, 22)
(54, 21, 55, 22)
(20, 53, 21, 54)
(16, 20, 17, 19)
(50, 18, 51, 17)
(18, 52, 19, 51)
(52, 15, 53, 16)
(55, 74, 56, 75)
(73, 42, 74, 43)
(47, 73, 48, 72)
(68, 71, 69, 72)
(45, 70, 46, 71)
(69, 46, 70, 47)
(41, 25, 42, 24)
(59, 40, 60, 41)
(61, 59, 62, 58)
(34, 58, 35, 57)
(56, 36, 57, 35)
(29, 37, 30, 36)
(28, 26, 29, 25)
(27, 32, 28, 33)
(38, 33, 39, 34)
(39, 60, 40, 61)
(37, 31, 38, 30)
(31, 26, 32, 27)
(12, 79, 13, 80)
(84, 3, 85, 4)
(2, 83, 3, 84)
(82, 1, 83, 2)
(85, 1, 0, 0)
