(73, 69, 74, 68)
(67, 73, 68, 72)
(71, 67, 72, 66)
(74, 65, 75, 66)
(64, 75, 65, 76)
(70, 63, 71, 64)
(62, 69, 63, 70)
(77, 76, 78, 77)
(19, 82, 20, 83)
(23, 21, 24, 20)
(22, 29, 23, 30)
(33, 30, 34, 31)
(34, 82, 35, 81)
(38, 35, 39, 36)
(39, 48, 40, 49)
(47, 18, 48, 19)
(2, 2, 3, 1)
(10, 3, 11, 4)
(60, 80, 61, 79)
(78, 62, 79, 61)
(56, 60, 57, 59)
(26, 57, 27, 58)
(24, 28, 25, 27)
(28, 21, 29, 22)
(32, 56, 33, 55)
(54, 32, 55, 31)
(80, 54, 81, 53)
(52, 49, 53, 50)
(50, 38, 51, 37)
(36, 52, 37, 51)
(46, 14, 47, 13)
(40, 45, 41, 46)
(44, 17, 45, 18)
(14, 43, 15, 44)
(42, 15, 43, 16)
(16, 41, 17, 42)
(11, 12, 12, 13)
(58, 25, 59, 26)
(4, 5, 5, 6)
(83, 7, 84, 6)
(7, 85, 8, 84)
(85, 9, 0, 8)
(9, 1, 10, 0)
