(50, 63, 51, 64)
(57, 63, 58, 62)
(58, 41, 59, 42)
(40, 43, 41, 44)
(21, 45, 22, 44)
(49, 21, 50, 20)
(19, 65, 20, 64)
(18, 52, 19, 51)
(56, 18, 57, 17)
(16, 56, 17, 55)
(33, 55, 34, 54)
(31, 35, 32, 34)
(35, 31, 36, 30)
(36, 26, 37, 25)
(26, 62, 27, 61)
(60, 28, 61, 27)
(42, 59, 43, 60)
(38, 23, 39, 24)
(22, 39, 23, 40)
(48, 45, 49, 46)
(15, 52, 16, 53)
(53, 33, 54, 32)
(47, 15, 48, 14)
(24, 30, 25, 29)
(37, 28, 38, 29)
(13, 71, 14, 70)
(80, 70, 81, 69)
(81, 85, 82, 84)
(85, 76, 0, 77)
(75, 8, 76, 9)
(46, 65, 47, 66)
(66, 10, 67, 9)
(71, 11, 72, 10)
(11, 73, 12, 72)
(73, 13, 74, 12)
(74, 68, 75, 67)
(68, 80, 69, 79)
(78, 6, 79, 5)
(4, 83, 5, 84)
(82, 3, 83, 4)
(77, 2, 78, 3)
(1, 6, 2, 7)
(7, 0, 8, 1)
