(44, 48, 45, 47)
(48, 46, 49, 45)
(41, 46, 42, 47)
(42, 43, 43, 44)
(50, 39, 51, 40)
(40, 51, 41, 52)
(49, 53, 50, 52)
(54, 53, 55, 54)
(65, 83, 66, 82)
(81, 13, 82, 12)
(11, 81, 12, 80)
(79, 20, 80, 21)
(21, 70, 22, 71)
(69, 36, 70, 37)
(37, 68, 38, 69)
(67, 38, 68, 39)
(55, 66, 56, 67)
(63, 60, 64, 61)
(83, 65, 84, 64)
(84, 2, 85, 1)
(10, 13, 11, 14)
(19, 14, 20, 15)
(15, 18, 16, 19)
(33, 79, 34, 78)
(71, 35, 72, 34)
(35, 22, 36, 23)
(6, 23, 7, 24)
(56, 8, 57, 7)
(8, 58, 9, 57)
(3, 59, 4, 58)
(59, 3, 60, 2)
(4, 10, 5, 9)
(24, 5, 25, 6)
(72, 25, 73, 26)
(73, 16, 74, 17)
(17, 74, 18, 75)
(75, 27, 76, 26)
(32, 27, 33, 28)
(28, 31, 29, 32)
(30, 77, 31, 78)
(76, 29, 77, 30)
(85, 63, 0, 62)
(61, 1, 62, 0)
