(54, 48, 55, 47)
(57, 46, 58, 47)
(56, 63, 57, 64)
(64, 55, 65, 56)
(65, 48, 66, 49)
(66, 61, 67, 62)
(81, 60, 82, 61)
(59, 80, 60, 81)
(58, 53, 59, 54)
(11, 53, 12, 52)
(12, 9, 13, 10)
(31, 8, 32, 9)
(30, 45, 31, 46)
(34, 29, 35, 30)
(28, 33, 29, 34)
(20, 27, 21, 28)
(19, 25, 20, 24)
(86, 23, 87, 24)
(85, 51, 86, 50)
(62, 50, 63, 49)
(84, 83, 85, 84)
(82, 80, 83, 79)
(68, 67, 69, 68)
(78, 69, 79, 70)
(70, 77, 71, 78)
(73, 77, 74, 76)
(75, 73, 76, 72)
(71, 75, 72, 74)
(51, 11, 52, 10)
(13, 22, 14, 23)
(4, 22, 5, 21)
(5, 32, 6, 33)
(6, 41, 7, 42)
(40, 7, 41, 8)
(39, 36, 40, 37)
(37, 45, 38, 44)
(43, 39, 44, 38)
(35, 42, 36, 43)
(3, 26, 4, 27)
(25, 2, 26, 3)
(1, 17, 2, 16)
(15, 18, 16, 19)
(87, 14, 0, 15)
(17, 1, 18, 0)
