(10, 85, 11, 86)
(86, 9, 87, 10)
(3, 8, 4, 9)
(7, 2, 8, 3)
(87, 6, 0, 7)
(48, 13, 49, 14)
(31, 12, 32, 13)
(11, 30, 12, 31)
(32, 30, 33, 29)
(52, 33, 53, 34)
(84, 61, 85, 62)
(42, 43, 43, 44)
(44, 48, 45, 47)
(22, 45, 23, 46)
(40, 24, 41, 23)
(24, 40, 25, 39)
(38, 26, 39, 25)
(14, 37, 15, 38)
(36, 50, 37, 49)
(28, 36, 29, 35)
(34, 51, 35, 52)
(50, 28, 51, 27)
(26, 15, 27, 16)
(19, 17, 20, 16)
(17, 19, 18, 18)
(53, 61, 54, 60)
(83, 59, 84, 58)
(66, 74, 67, 73)
(74, 57, 75, 58)
(79, 56, 80, 57)
(55, 78, 56, 79)
(59, 55, 60, 54)
(82, 78, 83, 77)
(76, 82, 77, 81)
(80, 76, 81, 75)
(69, 65, 70, 64)
(65, 69, 66, 68)
(72, 68, 73, 67)
(71, 63, 72, 62)
(63, 71, 64, 70)
(20, 42, 21, 41)
(46, 21, 47, 22)
(1, 4, 2, 5)
(5, 0, 6, 1)
