(79, 10, 80, 11)
(11, 80, 12, 81)
(12, 8, 13, 7)
(27, 9, 28, 8)
(9, 27, 10, 26)
(25, 32, 26, 33)
(33, 24, 34, 25)
(23, 74, 24, 75)
(75, 79, 76, 78)
(76, 52, 77, 51)
(52, 81, 53, 82)
(46, 54, 47, 53)
(36, 45, 37, 46)
(35, 6, 36, 7)
(34, 18, 35, 17)
(16, 30, 17, 29)
(28, 14, 29, 13)
(14, 32, 15, 31)
(30, 16, 31, 15)
(21, 18, 22, 19)
(73, 22, 74, 23)
(59, 72, 60, 73)
(49, 59, 50, 58)
(50, 78, 51, 77)
(57, 49, 58, 48)
(47, 83, 48, 82)
(56, 84, 57, 83)
(55, 39, 56, 38)
(37, 55, 38, 54)
(39, 45, 40, 44)
(1, 40, 2, 41)
(41, 2, 42, 3)
(87, 43, 0, 42)
(86, 5, 87, 6)
(85, 65, 86, 64)
(61, 20, 62, 21)
(19, 60, 20, 61)
(84, 69, 85, 70)
(68, 66, 69, 65)
(66, 67, 67, 68)
(63, 70, 64, 71)
(71, 62, 72, 63)
(4, 43, 5, 44)
(3, 0, 4, 1)
