(4, 7, 5, 8)
(84, 4, 85, 3)
(44, 86, 45, 85)
(58, 44, 59, 43)
(42, 58, 43, 57)
(56, 47, 57, 48)
(48, 53, 49, 54)
(52, 36, 53, 35)
(59, 34, 60, 35)
(33, 76, 34, 77)
(77, 32, 78, 33)
(6, 31, 7, 32)
(30, 5, 31, 6)
(8, 30, 9, 29)
(28, 14, 29, 13)
(11, 13, 12, 12)
(10, 23, 11, 24)
(24, 9, 25, 10)
(25, 22, 26, 23)
(26, 27, 27, 28)
(14, 22, 15, 21)
(15, 19, 16, 18)
(19, 17, 20, 16)
(17, 21, 18, 20)
(78, 81, 79, 82)
(1, 81, 2, 80)
(2, 84, 3, 83)
(87, 82, 0, 83)
(86, 46, 87, 45)
(46, 42, 47, 41)
(69, 41, 70, 40)
(39, 71, 40, 70)
(38, 65, 39, 66)
(66, 37, 67, 38)
(36, 52, 37, 51)
(50, 55, 51, 56)
(54, 49, 55, 50)
(67, 64, 68, 65)
(72, 64, 73, 63)
(73, 60, 74, 61)
(61, 74, 62, 75)
(75, 62, 76, 63)
(68, 72, 69, 71)
(79, 1, 80, 0)
