(57, 57, 58, 56)
(48, 52, 49, 51)
(52, 50, 53, 49)
(50, 54, 51, 53)
(79, 55, 80, 54)
(55, 79, 56, 78)
(38, 78, 39, 77)
(76, 40, 77, 39)
(28, 76, 29, 75)
(74, 30, 75, 29)
(20, 73, 21, 74)
(66, 19, 67, 20)
(42, 66, 43, 65)
(46, 43, 47, 44)
(58, 48, 59, 47)
(2, 59, 3, 60)
(4, 4, 5, 3)
(5, 80, 6, 81)
(6, 41, 7, 42)
(37, 41, 38, 40)
(36, 7, 37, 8)
(8, 11, 9, 12)
(10, 34, 11, 33)
(32, 25, 33, 26)
(23, 27, 24, 26)
(27, 23, 28, 22)
(21, 31, 22, 30)
(24, 31, 25, 32)
(34, 10, 35, 9)
(12, 35, 13, 36)
(13, 71, 14, 70)
(71, 17, 72, 16)
(17, 73, 18, 72)
(18, 67, 19, 68)
(15, 69, 16, 68)
(69, 15, 70, 14)
(64, 81, 65, 82)
(82, 46, 83, 45)
(44, 84, 45, 83)
(63, 85, 64, 84)
(62, 1, 63, 2)
(61, 86, 62, 87)
(87, 60, 0, 61)
(85, 1, 86, 0)
