(13, 77, 14, 76)
(75, 13, 76, 12)
(11, 19, 12, 18)
(69, 68, 70, 69)
(19, 74, 20, 75)
(70, 73, 71, 74)
(24, 25, 25, 26)
(22, 23, 23, 24)
(21, 73, 22, 72)
(71, 21, 72, 20)
(26, 59, 27, 60)
(55, 58, 56, 59)
(67, 55, 68, 54)
(53, 51, 54, 50)
(64, 49, 65, 50)
(63, 37, 64, 36)
(35, 35, 36, 34)
(60, 33, 61, 34)
(32, 40, 33, 39)
(38, 32, 39, 31)
(30, 45, 31, 46)
(46, 43, 47, 44)
(42, 47, 43, 48)
(48, 27, 49, 28)
(41, 29, 42, 28)
(37, 40, 38, 41)
(44, 29, 45, 30)
(61, 63, 62, 62)
(66, 65, 67, 66)
(57, 56, 58, 57)
(51, 53, 52, 52)
(10, 77, 11, 78)
(78, 84, 79, 83)
(17, 84, 18, 85)
(85, 16, 86, 17)
(6, 16, 7, 15)
(14, 8, 15, 7)
(5, 86, 6, 87)
(87, 4, 0, 5)
(8, 3, 9, 4)
(2, 9, 3, 10)
(1, 81, 2, 80)
(82, 80, 83, 79)
(81, 1, 82, 0)
