(41, 69, 42, 68)
(67, 41, 68, 40)
(39, 67, 40, 66)
(65, 35, 66, 34)
(33, 63, 34, 62)
(42, 61, 43, 62)
(69, 60, 70, 61)
(59, 73, 60, 72)
(24, 72, 25, 71)
(25, 39, 26, 38)
(35, 27, 36, 26)
(27, 30, 28, 31)
(64, 30, 65, 29)
(28, 64, 29, 63)
(31, 37, 32, 36)
(37, 33, 38, 32)
(70, 44, 71, 43)
(15, 44, 16, 45)
(47, 16, 48, 17)
(17, 48, 18, 49)
(18, 58, 19, 57)
(73, 59, 74, 58)
(74, 24, 75, 23)
(75, 82, 76, 83)
(2, 81, 3, 82)
(1, 79, 2, 78)
(77, 4, 78, 5)
(5, 20, 6, 21)
(19, 6, 20, 7)
(52, 8, 53, 7)
(8, 52, 9, 51)
(14, 9, 15, 10)
(10, 13, 11, 14)
(12, 46, 13, 45)
(46, 12, 47, 11)
(50, 56, 51, 55)
(54, 50, 55, 49)
(53, 56, 54, 57)
(21, 85, 22, 84)
(85, 23, 86, 22)
(86, 83, 87, 84)
(76, 88, 77, 87)
(3, 89, 4, 88)
(89, 81, 0, 80)
(79, 1, 80, 0)
