(4, 13, 5, 14)
(1, 14, 2, 15)
(15, 2, 16, 3)
(16, 89, 17, 0)
(88, 6, 89, 5)
(87, 65, 88, 64)
(78, 63, 79, 64)
(77, 21, 78, 20)
(10, 20, 11, 19)
(18, 12, 19, 11)
(12, 18, 13, 17)
(9, 75, 10, 74)
(6, 73, 7, 74)
(21, 73, 22, 72)
(71, 23, 72, 22)
(23, 71, 24, 70)
(69, 25, 70, 24)
(47, 69, 48, 68)
(45, 49, 46, 48)
(44, 66, 45, 65)
(43, 86, 44, 87)
(53, 43, 54, 42)
(41, 55, 42, 54)
(40, 58, 41, 57)
(56, 40, 57, 39)
(38, 59, 39, 60)
(35, 61, 36, 60)
(61, 35, 62, 34)
(62, 79, 63, 80)
(33, 81, 34, 80)
(25, 32, 26, 33)
(31, 26, 32, 27)
(50, 28, 51, 27)
(49, 66, 50, 67)
(67, 47, 68, 46)
(28, 52, 29, 51)
(52, 86, 53, 85)
(84, 29, 85, 30)
(30, 83, 31, 84)
(37, 83, 38, 82)
(81, 37, 82, 36)
(58, 56, 59, 55)
(7, 77, 8, 76)
(75, 9, 76, 8)
(3, 0, 4, 1)
