(36, 7, 37, 8)
(6, 35, 7, 36)
(5, 74, 6, 75)
(75, 10, 76, 11)
(38, 9, 39, 10)
(8, 37, 9, 38)
(39, 27, 40, 26)
(30, 28, 31, 27)
(50, 42, 51, 41)
(66, 52, 67, 51)
(65, 68, 66, 69)
(33, 81, 34, 80)
(4, 80, 5, 79)
(11, 78, 12, 79)
(18, 78, 19, 77)
(76, 20, 77, 19)
(25, 20, 26, 21)
(14, 21, 15, 22)
(81, 33, 82, 32)
(31, 41, 32, 40)
(47, 29, 48, 28)
(29, 47, 30, 46)
(42, 45, 43, 46)
(44, 49, 45, 50)
(48, 43, 49, 44)
(63, 55, 64, 54)
(53, 65, 54, 64)
(52, 68, 53, 67)
(57, 63, 58, 62)
(61, 59, 62, 58)
(70, 69, 71, 70)
(72, 72, 73, 71)
(34, 73, 35, 74)
(60, 59, 61, 60)
(56, 56, 57, 55)
(12, 24, 13, 23)
(17, 24, 18, 25)
(16, 13, 17, 14)
(22, 15, 23, 16)
(1, 89, 2, 88)
(87, 3, 88, 2)
(3, 87, 4, 86)
(82, 85, 83, 86)
(89, 84, 0, 85)
(83, 0, 84, 1)
