(33, 59, 34, 58)
(57, 35, 58, 34)
(56, 0, 57, 89)
(59, 88, 60, 89)
(36, 32, 37, 31)
(32, 36, 33, 35)
(55, 2, 56, 3)
(66, 4, 67, 3)
(65, 61, 66, 60)
(64, 25, 65, 26)
(77, 26, 78, 27)
(27, 78, 28, 79)
(28, 88, 29, 87)
(86, 30, 87, 29)
(30, 86, 31, 85)
(84, 53, 85, 54)
(37, 55, 38, 54)
(39, 45, 40, 44)
(4, 46, 5, 45)
(23, 46, 24, 47)
(24, 61, 25, 62)
(62, 48, 63, 47)
(48, 64, 49, 63)
(49, 75, 50, 74)
(75, 19, 76, 18)
(19, 77, 20, 76)
(83, 82, 84, 83)
(70, 82, 71, 81)
(68, 72, 69, 71)
(38, 67, 39, 68)
(9, 73, 10, 72)
(43, 9, 44, 8)
(7, 41, 8, 40)
(41, 7, 42, 6)
(5, 43, 6, 42)
(73, 23, 74, 22)
(10, 22, 11, 21)
(50, 18, 51, 17)
(20, 52, 21, 51)
(79, 53, 80, 52)
(80, 70, 81, 69)
(16, 12, 17, 11)
(12, 16, 13, 15)
(14, 14, 15, 13)
(1, 0, 2, 1)
