(42, 85, 43, 86)
(86, 45, 87, 46)
(44, 43, 45, 44)
(6, 4, 7, 3)
(46, 7, 47, 8)
(8, 47, 9, 48)
(9, 83, 10, 82)
(62, 84, 63, 83)
(84, 62, 85, 61)
(60, 41, 61, 42)
(48, 59, 49, 60)
(79, 59, 80, 58)
(57, 81, 58, 80)
(81, 57, 82, 56)
(32, 55, 33, 56)
(54, 31, 55, 32)
(30, 53, 31, 54)
(70, 29, 71, 30)
(28, 69, 29, 70)
(10, 27, 11, 28)
(26, 15, 27, 16)
(16, 63, 17, 64)
(64, 17, 65, 18)
(65, 68, 66, 69)
(67, 74, 68, 75)
(36, 75, 37, 76)
(76, 37, 77, 38)
(50, 78, 51, 77)
(40, 50, 41, 49)
(39, 78, 40, 79)
(38, 51, 39, 52)
(33, 53, 34, 52)
(34, 71, 35, 72)
(72, 35, 73, 36)
(73, 66, 74, 67)
(18, 25, 19, 26)
(24, 19, 25, 20)
(20, 23, 21, 24)
(22, 13, 23, 14)
(14, 11, 15, 12)
(12, 21, 13, 22)
(2, 88, 3, 87)
(88, 2, 89, 1)
(89, 4, 0, 5)
(5, 0, 6, 1)
