(63, 21, 64, 20)
(9, 9, 10, 8)
(7, 3, 8, 2)
(1, 16, 2, 17)
(17, 90, 18, 91)
(89, 18, 90, 19)
(46, 19, 47, 20)
(47, 57, 48, 56)
(57, 63, 58, 62)
(61, 59, 62, 58)
(60, 59, 61, 60)
(52, 53, 53, 54)
(54, 50, 55, 49)
(50, 56, 51, 55)
(48, 52, 49, 51)
(64, 88, 65, 87)
(24, 31, 25, 32)
(21, 33, 22, 32)
(26, 33, 27, 34)
(34, 27, 35, 28)
(35, 89, 36, 88)
(65, 36, 66, 37)
(66, 46, 67, 45)
(82, 67, 83, 68)
(76, 84, 77, 83)
(40, 75, 41, 76)
(39, 86, 40, 87)
(38, 37, 39, 38)
(74, 85, 75, 86)
(73, 42, 74, 43)
(78, 43, 79, 44)
(44, 79, 45, 80)
(69, 80, 70, 81)
(81, 70, 82, 71)
(71, 68, 72, 69)
(77, 73, 78, 72)
(41, 85, 42, 84)
(25, 29, 26, 28)
(22, 29, 23, 30)
(30, 23, 31, 24)
(91, 14, 0, 15)
(13, 12, 14, 13)
(5, 10, 6, 11)
(3, 7, 4, 6)
(11, 4, 12, 5)
(15, 0, 16, 1)
