(80, 82, 81, 81)
(79, 37, 80, 36)
(35, 32, 36, 33)
(33, 30, 34, 31)
(20, 30, 21, 29)
(28, 22, 29, 21)
(27, 26, 28, 27)
(88, 40, 89, 39)
(38, 90, 39, 89)
(82, 37, 83, 38)
(90, 83, 91, 84)
(91, 44, 0, 45)
(43, 48, 44, 49)
(4, 49, 5, 50)
(78, 5, 79, 6)
(6, 77, 7, 78)
(76, 7, 77, 8)
(31, 34, 32, 35)
(16, 23, 17, 24)
(19, 23, 20, 22)
(18, 25, 19, 26)
(24, 17, 25, 18)
(69, 54, 70, 55)
(53, 68, 54, 69)
(52, 56, 53, 55)
(74, 52, 75, 51)
(50, 76, 51, 75)
(73, 11, 74, 10)
(9, 73, 10, 72)
(71, 9, 72, 8)
(15, 71, 16, 70)
(61, 14, 62, 15)
(13, 60, 14, 61)
(59, 12, 60, 13)
(58, 66, 59, 65)
(67, 65, 68, 64)
(56, 63, 57, 64)
(62, 12, 63, 11)
(66, 58, 67, 57)
(3, 43, 4, 42)
(86, 41, 87, 42)
(40, 85, 41, 86)
(87, 85, 88, 84)
(45, 2, 46, 3)
(1, 46, 2, 47)
(47, 0, 48, 1)
