(49, 41, 50, 40)
(41, 49, 42, 48)
(83, 42, 84, 43)
(4, 40, 5, 39)
(52, 6, 53, 5)
(51, 20, 52, 21)
(21, 50, 22, 51)
(70, 48, 71, 47)
(82, 71, 83, 72)
(72, 81, 73, 82)
(75, 80, 76, 81)
(79, 74, 80, 75)
(78, 45, 79, 46)
(43, 47, 44, 46)
(44, 77, 45, 78)
(76, 74, 77, 73)
(61, 85, 62, 84)
(3, 61, 4, 60)
(38, 60, 39, 59)
(58, 10, 59, 9)
(8, 55, 9, 56)
(56, 53, 57, 54)
(57, 6, 58, 7)
(54, 7, 55, 8)
(17, 11, 18, 10)
(11, 17, 12, 16)
(19, 12, 20, 13)
(28, 13, 29, 14)
(68, 29, 69, 30)
(22, 70, 23, 69)
(30, 67, 31, 68)
(66, 26, 67, 25)
(23, 25, 24, 24)
(65, 63, 66, 62)
(91, 64, 0, 65)
(90, 1, 91, 2)
(2, 85, 3, 86)
(86, 89, 87, 90)
(35, 89, 36, 88)
(33, 37, 34, 36)
(37, 33, 38, 32)
(31, 26, 32, 27)
(14, 27, 15, 28)
(15, 18, 16, 19)
(87, 35, 88, 34)
(63, 0, 64, 1)
