(3, 8, 4, 9)
(7, 4, 8, 5)
(20, 5, 21, 6)
(17, 3, 18, 2)
(18, 9, 19, 10)
(6, 19, 7, 20)
(10, 89, 11, 90)
(88, 83, 89, 84)
(84, 87, 85, 88)
(86, 65, 87, 66)
(63, 67, 64, 66)
(62, 22, 63, 21)
(22, 62, 23, 61)
(23, 27, 24, 26)
(82, 27, 83, 28)
(28, 54, 29, 53)
(73, 55, 74, 54)
(72, 60, 73, 59)
(69, 59, 70, 58)
(57, 71, 58, 70)
(56, 68, 57, 67)
(55, 60, 56, 61)
(68, 72, 69, 71)
(74, 37, 75, 38)
(51, 37, 52, 36)
(52, 80, 53, 79)
(80, 26, 81, 25)
(24, 82, 25, 81)
(29, 78, 30, 79)
(77, 45, 78, 44)
(43, 77, 44, 76)
(38, 75, 39, 76)
(39, 32, 40, 33)
(34, 32, 35, 31)
(35, 51, 36, 50)
(30, 49, 31, 50)
(45, 48, 46, 49)
(42, 48, 43, 47)
(46, 42, 47, 41)
(33, 40, 34, 41)
(64, 85, 65, 86)
(16, 14, 17, 13)
(1, 13, 2, 12)
(90, 11, 91, 12)
(91, 14, 0, 15)
(15, 0, 16, 1)
