(5, 59, 6, 58)
(57, 5, 58, 4)
(59, 7, 60, 6)
(10, 8, 11, 7)
(16, 10, 17, 9)
(17, 22, 18, 23)
(64, 22, 65, 21)
(72, 65, 73, 66)
(73, 45, 74, 44)
(45, 78, 46, 79)
(77, 46, 78, 47)
(47, 51, 48, 50)
(51, 91, 52, 90)
(60, 11, 61, 12)
(14, 61, 15, 62)
(8, 16, 9, 15)
(62, 23, 63, 24)
(18, 64, 19, 63)
(19, 33, 20, 32)
(33, 21, 34, 20)
(34, 31, 35, 32)
(30, 27, 31, 28)
(28, 85, 29, 86)
(84, 39, 85, 40)
(69, 40, 70, 41)
(70, 67, 71, 68)
(66, 71, 67, 72)
(41, 68, 42, 69)
(75, 43, 76, 42)
(43, 75, 44, 74)
(76, 79, 77, 80)
(80, 84, 81, 83)
(48, 49, 49, 50)
(81, 82, 82, 83)
(38, 89, 39, 90)
(12, 37, 13, 38)
(36, 13, 37, 14)
(24, 35, 25, 36)
(25, 88, 26, 89)
(87, 26, 88, 27)
(86, 29, 87, 30)
(91, 53, 0, 52)
(53, 57, 54, 56)
(1, 54, 2, 55)
(3, 2, 4, 3)
(55, 0, 56, 1)
