(52, 41, 53, 42)
(51, 70, 52, 71)
(71, 50, 72, 51)
(49, 43, 50, 42)
(43, 49, 44, 48)
(73, 44, 74, 45)
(74, 53, 75, 54)
(40, 75, 41, 76)
(76, 11, 77, 12)
(10, 77, 11, 78)
(65, 78, 66, 79)
(69, 66, 70, 67)
(67, 19, 68, 18)
(19, 47, 20, 46)
(72, 48, 73, 47)
(45, 21, 46, 20)
(21, 54, 22, 55)
(59, 22, 60, 23)
(60, 40, 61, 39)
(7, 12, 8, 13)
(8, 64, 9, 63)
(64, 10, 65, 9)
(62, 15, 63, 16)
(16, 79, 17, 80)
(17, 69, 18, 68)
(85, 80, 86, 81)
(86, 31, 87, 32)
(30, 87, 31, 88)
(88, 29, 89, 30)
(25, 29, 26, 28)
(93, 27, 0, 26)
(57, 93, 58, 92)
(58, 55, 59, 56)
(91, 57, 92, 56)
(90, 24, 91, 23)
(2, 90, 3, 89)
(3, 39, 4, 38)
(61, 5, 62, 4)
(13, 6, 14, 7)
(5, 14, 6, 15)
(37, 35, 38, 34)
(33, 84, 34, 85)
(81, 32, 82, 33)
(82, 35, 83, 36)
(36, 83, 37, 84)
(1, 24, 2, 25)
(27, 1, 28, 0)
