(93, 18, 0, 19)
(1, 20, 2, 21)
(17, 2, 18, 3)
(3, 24, 4, 25)
(23, 4, 24, 5)
(10, 5, 11, 6)
(11, 91, 12, 90)
(91, 15, 92, 14)
(15, 93, 16, 92)
(16, 21, 17, 22)
(25, 23, 26, 22)
(55, 27, 56, 26)
(87, 55, 88, 54)
(88, 7, 89, 8)
(6, 9, 7, 10)
(8, 89, 9, 90)
(53, 87, 54, 86)
(85, 53, 86, 52)
(51, 80, 52, 81)
(81, 28, 82, 29)
(60, 27, 61, 28)
(59, 56, 60, 57)
(57, 12, 58, 13)
(13, 58, 14, 59)
(84, 61, 85, 62)
(33, 63, 34, 62)
(63, 33, 64, 32)
(64, 36, 65, 35)
(36, 80, 37, 79)
(50, 37, 51, 38)
(38, 44, 39, 43)
(29, 45, 30, 44)
(82, 46, 83, 45)
(46, 84, 47, 83)
(30, 47, 31, 48)
(31, 34, 32, 35)
(65, 49, 66, 48)
(49, 79, 50, 78)
(77, 74, 78, 75)
(42, 75, 43, 76)
(76, 41, 77, 42)
(40, 72, 41, 71)
(70, 40, 71, 39)
(66, 69, 67, 70)
(73, 69, 74, 68)
(67, 73, 68, 72)
(19, 0, 20, 1)
