(2, 8, 3, 7)
(8, 2, 9, 1)
(9, 92, 10, 93)
(91, 88, 92, 89)
(89, 84, 90, 85)
(83, 66, 84, 67)
(67, 49, 68, 48)
(59, 69, 60, 68)
(69, 10, 70, 11)
(87, 30, 88, 31)
(31, 86, 32, 87)
(85, 90, 86, 91)
(65, 32, 66, 33)
(82, 33, 83, 34)
(79, 35, 80, 34)
(43, 79, 44, 78)
(44, 20, 45, 19)
(20, 46, 21, 45)
(46, 22, 47, 21)
(22, 48, 23, 47)
(23, 18, 24, 19)
(14, 17, 15, 18)
(60, 13, 61, 14)
(12, 61, 13, 62)
(62, 11, 63, 12)
(70, 64, 71, 63)
(29, 64, 30, 65)
(37, 28, 38, 29)
(39, 37, 40, 36)
(40, 82, 41, 81)
(80, 42, 81, 41)
(42, 35, 43, 36)
(27, 38, 28, 39)
(77, 27, 78, 26)
(25, 74, 26, 75)
(75, 24, 76, 25)
(15, 17, 16, 16)
(71, 73, 72, 72)
(73, 77, 74, 76)
(58, 50, 59, 49)
(52, 58, 53, 57)
(56, 54, 57, 53)
(55, 51, 56, 50)
(51, 55, 52, 54)
(93, 4, 0, 5)
(6, 4, 7, 3)
(5, 0, 6, 1)
