(26, 88, 27, 87)
(86, 54, 87, 53)
(83, 78, 84, 79)
(79, 58, 80, 59)
(90, 58, 91, 57)
(28, 91, 29, 92)
(29, 37, 30, 36)
(40, 38, 41, 37)
(39, 38, 40, 39)
(2, 41, 3, 42)
(6, 4, 7, 3)
(46, 5, 47, 6)
(45, 52, 46, 53)
(44, 21, 45, 22)
(22, 43, 23, 44)
(42, 23, 43, 24)
(24, 27, 25, 28)
(88, 26, 89, 25)
(70, 73, 71, 74)
(85, 73, 86, 72)
(71, 85, 72, 84)
(67, 75, 68, 74)
(66, 77, 67, 78)
(76, 65, 77, 66)
(64, 75, 65, 76)
(60, 64, 61, 63)
(61, 83, 62, 82)
(81, 63, 82, 62)
(59, 80, 60, 81)
(68, 56, 69, 55)
(56, 90, 57, 89)
(54, 70, 55, 69)
(20, 52, 21, 51)
(50, 13, 51, 14)
(14, 7, 15, 8)
(15, 48, 16, 49)
(4, 47, 5, 48)
(19, 16, 20, 17)
(17, 10, 18, 11)
(9, 12, 10, 13)
(49, 9, 50, 8)
(11, 18, 12, 19)
(1, 33, 2, 32)
(92, 31, 93, 32)
(35, 31, 36, 30)
(93, 35, 0, 34)
(33, 1, 34, 0)
