(24, 33, 25, 34)
(40, 26, 41, 25)
(39, 53, 40, 52)
(51, 39, 52, 38)
(30, 37, 31, 38)
(36, 29, 37, 30)
(32, 36, 33, 35)
(34, 23, 35, 24)
(22, 18, 23, 17)
(16, 88, 17, 87)
(89, 87, 90, 86)
(90, 67, 91, 68)
(66, 91, 67, 92)
(92, 63, 93, 64)
(62, 42, 63, 41)
(61, 81, 62, 80)
(54, 79, 55, 80)
(53, 27, 54, 26)
(50, 27, 51, 28)
(31, 29, 32, 28)
(18, 49, 19, 50)
(48, 19, 49, 20)
(20, 14, 21, 13)
(14, 22, 15, 21)
(88, 16, 89, 15)
(12, 48, 13, 47)
(85, 47, 86, 46)
(45, 73, 46, 72)
(71, 69, 72, 68)
(65, 71, 66, 70)
(69, 65, 70, 64)
(1, 45, 2, 44)
(93, 3, 0, 2)
(3, 42, 4, 43)
(4, 74, 5, 73)
(81, 75, 82, 74)
(75, 59, 76, 58)
(56, 60, 57, 59)
(60, 56, 61, 55)
(57, 77, 58, 76)
(6, 77, 7, 78)
(78, 7, 79, 8)
(11, 8, 12, 9)
(9, 85, 10, 84)
(83, 11, 84, 10)
(5, 82, 6, 83)
(43, 1, 44, 0)
