(49, 93, 50, 92)
(58, 94, 59, 93)
(63, 48, 64, 49)
(62, 90, 63, 89)
(88, 62, 89, 61)
(91, 61, 92, 60)
(50, 59, 51, 60)
(10, 52, 11, 51)
(64, 70, 65, 69)
(70, 80, 71, 79)
(80, 72, 81, 71)
(72, 82, 73, 81)
(82, 48, 83, 47)
(87, 90, 88, 91)
(14, 32, 15, 31)
(30, 14, 31, 13)
(12, 75, 13, 76)
(76, 11, 77, 12)
(66, 77, 67, 78)
(67, 56, 68, 57)
(57, 68, 58, 69)
(78, 65, 79, 66)
(74, 74, 75, 73)
(29, 46, 30, 47)
(28, 16, 29, 15)
(16, 28, 17, 27)
(26, 18, 27, 17)
(20, 25, 21, 26)
(24, 19, 25, 20)
(23, 44, 24, 45)
(45, 42, 46, 43)
(41, 32, 42, 33)
(33, 40, 34, 41)
(39, 36, 40, 37)
(37, 34, 38, 35)
(35, 38, 36, 39)
(43, 22, 44, 23)
(21, 19, 22, 18)
(83, 86, 84, 87)
(84, 86, 85, 85)
(55, 94, 56, 95)
(95, 54, 0, 55)
(52, 53, 53, 54)
(9, 5, 10, 4)
(3, 9, 4, 8)
(7, 3, 8, 2)
(1, 7, 2, 6)
(5, 1, 6, 0)
