(87, 93, 88, 92)
(93, 89, 94, 88)
(89, 90, 90, 91)
(94, 91, 95, 92)
(67, 62, 68, 63)
(63, 68, 64, 69)
(59, 65, 60, 64)
(65, 61, 66, 60)
(70, 61, 71, 62)
(52, 71, 53, 72)
(53, 75, 54, 74)
(75, 50, 76, 51)
(49, 39, 50, 38)
(78, 38, 79, 37)
(79, 31, 80, 30)
(29, 81, 30, 80)
(81, 29, 82, 28)
(22, 34, 23, 33)
(32, 32, 33, 31)
(84, 2, 85, 1)
(26, 84, 27, 83)
(43, 42, 44, 43)
(41, 47, 42, 46)
(45, 41, 46, 40)
(39, 77, 40, 76)
(77, 49, 78, 48)
(44, 47, 45, 48)
(36, 27, 37, 28)
(35, 83, 36, 82)
(34, 24, 35, 23)
(5, 25, 6, 24)
(11, 5, 12, 4)
(17, 13, 18, 12)
(13, 17, 14, 16)
(14, 22, 15, 21)
(20, 16, 21, 15)
(86, 20, 87, 19)
(18, 86, 19, 85)
(8, 4, 9, 3)
(2, 10, 3, 9)
(10, 7, 11, 8)
(25, 7, 26, 6)
(51, 59, 52, 58)
(57, 54, 58, 55)
(72, 56, 73, 55)
(56, 74, 57, 73)
(69, 66, 70, 67)
(95, 1, 0, 0)
