(75, 51, 76, 50)
(74, 41, 75, 42)
(49, 42, 50, 43)
(63, 64, 64, 65)
(28, 66, 29, 65)
(76, 27, 77, 28)
(69, 27, 70, 26)
(51, 71, 52, 70)
(71, 53, 72, 52)
(53, 57, 54, 56)
(57, 38, 58, 39)
(37, 58, 38, 59)
(40, 59, 41, 60)
(60, 74, 61, 73)
(44, 62, 45, 61)
(43, 48, 44, 49)
(47, 62, 48, 63)
(46, 31, 47, 32)
(29, 33, 30, 32)
(33, 72, 34, 73)
(34, 56, 35, 55)
(54, 36, 55, 35)
(36, 39, 37, 40)
(30, 45, 31, 46)
(25, 67, 26, 66)
(24, 9, 25, 10)
(77, 11, 78, 10)
(22, 12, 23, 11)
(92, 22, 93, 21)
(93, 3, 94, 2)
(3, 69, 4, 68)
(67, 5, 68, 4)
(5, 95, 6, 94)
(95, 7, 0, 6)
(7, 84, 8, 85)
(83, 8, 84, 9)
(82, 85, 83, 86)
(79, 87, 80, 86)
(23, 79, 24, 78)
(87, 90, 88, 91)
(88, 90, 89, 89)
(14, 17, 15, 18)
(18, 15, 19, 16)
(12, 20, 13, 19)
(20, 92, 21, 91)
(16, 13, 17, 14)
(1, 80, 2, 81)
(81, 0, 82, 1)
