(1, 46, 2, 47)
(45, 4, 46, 5)
(64, 5, 65, 6)
(65, 95, 66, 94)
(66, 67, 67, 68)
(37, 69, 38, 68)
(36, 39, 37, 40)
(59, 41, 60, 40)
(58, 55, 59, 56)
(49, 57, 50, 56)
(3, 48, 4, 49)
(47, 2, 48, 3)
(57, 51, 58, 50)
(54, 52, 55, 51)
(53, 42, 54, 43)
(62, 43, 63, 44)
(44, 63, 45, 64)
(61, 7, 62, 6)
(7, 61, 8, 60)
(8, 35, 9, 36)
(13, 34, 14, 35)
(33, 12, 34, 13)
(32, 30, 33, 29)
(93, 29, 94, 28)
(27, 18, 28, 19)
(19, 26, 20, 27)
(25, 20, 26, 21)
(21, 24, 22, 25)
(90, 23, 91, 24)
(89, 73, 90, 72)
(71, 89, 72, 88)
(87, 71, 88, 70)
(69, 39, 70, 38)
(76, 77, 77, 78)
(85, 79, 86, 78)
(84, 81, 85, 82)
(9, 83, 10, 82)
(83, 11, 84, 10)
(14, 12, 15, 11)
(30, 16, 31, 15)
(16, 32, 17, 31)
(17, 93, 18, 92)
(22, 91, 23, 92)
(80, 74, 81, 73)
(74, 80, 75, 79)
(75, 87, 76, 86)
(41, 52, 42, 53)
(95, 1, 0, 0)
