(42, 48, 43, 47)
(48, 44, 49, 43)
(44, 57, 45, 58)
(41, 57, 42, 56)
(55, 41, 56, 40)
(46, 40, 47, 39)
(38, 68, 39, 67)
(66, 85, 67, 86)
(89, 86, 90, 87)
(90, 5, 91, 6)
(4, 91, 5, 92)
(59, 93, 60, 92)
(49, 58, 50, 59)
(50, 71, 51, 72)
(53, 71, 54, 70)
(54, 45, 55, 46)
(69, 53, 70, 52)
(51, 69, 52, 68)
(72, 94, 73, 93)
(94, 2, 95, 1)
(75, 2, 76, 3)
(76, 13, 77, 14)
(12, 77, 13, 78)
(78, 84, 79, 83)
(37, 84, 38, 85)
(36, 26, 37, 25)
(24, 20, 25, 19)
(18, 12, 19, 11)
(10, 18, 11, 17)
(7, 16, 8, 17)
(61, 7, 62, 6)
(62, 66, 63, 65)
(63, 89, 64, 88)
(87, 65, 88, 64)
(60, 3, 61, 4)
(15, 8, 16, 9)
(9, 14, 10, 15)
(82, 24, 83, 23)
(22, 82, 23, 81)
(80, 34, 81, 33)
(32, 80, 33, 79)
(31, 34, 32, 35)
(26, 36, 27, 35)
(27, 30, 28, 31)
(20, 29, 21, 30)
(28, 21, 29, 22)
(95, 75, 0, 74)
(73, 1, 74, 0)
