(11, 8, 12, 9)
(9, 12, 10, 13)
(4, 74, 5, 73)
(74, 4, 75, 3)
(2, 76, 3, 75)
(5, 76, 6, 77)
(6, 7, 7, 8)
(77, 78, 78, 79)
(21, 16, 22, 17)
(15, 18, 16, 19)
(19, 14, 20, 15)
(13, 10, 14, 11)
(90, 95, 91, 0)
(89, 84, 90, 85)
(85, 27, 86, 26)
(39, 50, 40, 51)
(51, 59, 52, 58)
(59, 53, 60, 52)
(53, 71, 54, 70)
(71, 55, 72, 54)
(55, 73, 56, 72)
(49, 40, 50, 41)
(67, 39, 68, 38)
(61, 69, 62, 68)
(60, 57, 61, 58)
(56, 69, 57, 70)
(43, 62, 44, 63)
(44, 29, 45, 30)
(28, 47, 29, 48)
(48, 27, 49, 28)
(46, 31, 47, 32)
(35, 32, 36, 33)
(36, 66, 37, 65)
(66, 41, 67, 42)
(42, 38, 43, 37)
(33, 65, 34, 64)
(63, 35, 64, 34)
(30, 45, 31, 46)
(86, 79, 87, 80)
(20, 24, 21, 23)
(17, 22, 18, 23)
(24, 88, 25, 87)
(88, 82, 89, 81)
(93, 82, 94, 83)
(94, 91, 95, 92)
(83, 92, 84, 93)
(25, 81, 26, 80)
(1, 0, 2, 1)
