(32, 33, 33, 34)
(31, 35, 32, 34)
(30, 27, 31, 28)
(26, 35, 27, 36)
(28, 30, 29, 29)
(14, 8, 15, 7)
(9, 7, 10, 6)
(11, 11, 12, 10)
(87, 18, 88, 19)
(85, 89, 86, 88)
(23, 85, 24, 84)
(24, 26, 25, 25)
(36, 74, 37, 73)
(50, 37, 51, 38)
(44, 51, 45, 52)
(52, 45, 53, 46)
(46, 41, 47, 42)
(40, 61, 41, 62)
(65, 63, 66, 62)
(53, 64, 54, 65)
(63, 54, 64, 55)
(66, 55, 67, 56)
(56, 67, 57, 68)
(70, 58, 71, 57)
(72, 70, 73, 69)
(68, 59, 69, 60)
(60, 39, 61, 40)
(38, 49, 39, 50)
(48, 43, 49, 44)
(42, 47, 43, 48)
(58, 72, 59, 71)
(15, 17, 16, 16)
(4, 17, 5, 18)
(12, 5, 13, 6)
(8, 14, 9, 13)
(2, 97, 3, 0)
(92, 4, 93, 3)
(20, 79, 21, 80)
(19, 86, 20, 87)
(78, 21, 79, 22)
(89, 23, 90, 22)
(77, 91, 78, 90)
(83, 77, 84, 76)
(75, 83, 76, 82)
(81, 75, 82, 74)
(80, 91, 81, 92)
(96, 93, 97, 94)
(1, 94, 2, 95)
(95, 0, 96, 1)
