(43, 84, 44, 85)
(42, 31, 43, 32)
(32, 37, 33, 38)
(36, 33, 37, 34)
(13, 91, 14, 90)
(14, 87, 15, 88)
(86, 72, 87, 71)
(70, 86, 71, 85)
(69, 82, 70, 83)
(83, 44, 84, 45)
(68, 46, 69, 45)
(46, 68, 47, 67)
(30, 47, 31, 48)
(41, 48, 42, 49)
(49, 40, 50, 41)
(4, 39, 5, 40)
(38, 3, 39, 4)
(5, 3, 6, 2)
(6, 36, 7, 35)
(34, 8, 35, 7)
(97, 9, 0, 8)
(96, 11, 97, 12)
(91, 13, 92, 12)
(92, 95, 93, 96)
(94, 53, 95, 54)
(54, 90, 55, 89)
(88, 56, 89, 55)
(63, 56, 64, 57)
(57, 64, 58, 65)
(58, 15, 59, 16)
(16, 59, 17, 60)
(28, 18, 29, 17)
(27, 73, 28, 72)
(26, 78, 27, 77)
(81, 77, 82, 76)
(18, 75, 19, 76)
(74, 22, 75, 21)
(20, 74, 21, 73)
(19, 22, 20, 23)
(80, 24, 81, 23)
(24, 80, 25, 79)
(78, 26, 79, 25)
(66, 29, 67, 30)
(65, 60, 66, 61)
(61, 50, 62, 51)
(51, 62, 52, 63)
(52, 93, 53, 94)
(1, 11, 2, 10)
(9, 1, 10, 0)
