(64, 57, 65, 58)
(56, 63, 57, 64)
(62, 55, 63, 56)
(12, 61, 13, 62)
(60, 11, 61, 12)
(6, 60, 7, 59)
(58, 8, 59, 7)
(65, 70, 66, 71)
(89, 54, 90, 55)
(13, 88, 14, 89)
(87, 4, 88, 5)
(5, 11, 6, 10)
(82, 9, 83, 10)
(8, 81, 9, 82)
(80, 78, 81, 77)
(76, 83, 77, 84)
(73, 84, 74, 85)
(71, 75, 72, 74)
(75, 87, 76, 86)
(85, 72, 86, 73)
(79, 78, 80, 79)
(3, 31, 4, 30)
(32, 30, 33, 29)
(33, 50, 34, 51)
(49, 40, 50, 41)
(41, 48, 42, 49)
(47, 42, 48, 43)
(43, 46, 44, 47)
(45, 67, 46, 66)
(67, 45, 68, 44)
(21, 90, 22, 91)
(22, 15, 23, 16)
(14, 53, 15, 54)
(1, 53, 2, 52)
(31, 3, 32, 2)
(28, 52, 29, 51)
(27, 35, 28, 34)
(26, 0, 27, 97)
(39, 97, 40, 96)
(68, 95, 69, 96)
(94, 69, 95, 70)
(20, 94, 21, 93)
(92, 17, 93, 18)
(18, 91, 19, 92)
(16, 20, 17, 19)
(38, 26, 39, 25)
(24, 38, 25, 37)
(36, 24, 37, 23)
(35, 0, 36, 1)
