(81, 84, 82, 85)
(83, 88, 84, 89)
(26, 4, 27, 3)
(18, 26, 19, 25)
(19, 67, 20, 66)
(68, 67, 69, 68)
(27, 80, 28, 81)
(79, 5, 80, 4)
(39, 79, 40, 78)
(40, 18, 41, 17)
(16, 42, 17, 41)
(76, 15, 77, 16)
(75, 23, 76, 22)
(24, 22, 25, 21)
(65, 21, 66, 20)
(45, 65, 46, 64)
(71, 47, 72, 46)
(30, 50, 31, 49)
(32, 30, 33, 29)
(28, 34, 29, 33)
(5, 35, 6, 34)
(38, 35, 39, 36)
(36, 14, 37, 13)
(43, 15, 44, 14)
(77, 43, 78, 42)
(23, 75, 24, 74)
(73, 44, 74, 45)
(72, 63, 73, 64)
(57, 63, 58, 62)
(58, 61, 59, 62)
(59, 61, 60, 60)
(56, 52, 57, 51)
(50, 32, 51, 31)
(52, 56, 53, 55)
(8, 54, 9, 53)
(7, 10, 8, 11)
(11, 6, 12, 7)
(12, 38, 13, 37)
(54, 10, 55, 9)
(47, 71, 48, 70)
(69, 49, 70, 48)
(86, 85, 87, 86)
(87, 82, 88, 83)
(91, 95, 92, 94)
(93, 91, 94, 90)
(96, 95, 97, 96)
(97, 93, 0, 92)
(2, 90, 3, 89)
(1, 0, 2, 1)
