(3, 88, 4, 89)
(8, 88, 9, 87)
(68, 70, 69, 69)
(67, 82, 68, 83)
(62, 84, 63, 83)
(84, 62, 85, 61)
(11, 86, 12, 87)
(10, 74, 11, 73)
(72, 10, 73, 9)
(71, 74, 72, 75)
(75, 70, 76, 71)
(76, 58, 77, 57)
(58, 82, 59, 81)
(80, 60, 81, 59)
(79, 65, 80, 64)
(63, 66, 64, 67)
(65, 79, 66, 78)
(77, 60, 78, 61)
(54, 50, 55, 49)
(48, 54, 49, 53)
(45, 52, 46, 53)
(44, 36, 45, 35)
(34, 22, 35, 21)
(13, 20, 14, 21)
(55, 12, 56, 13)
(85, 56, 86, 57)
(36, 44, 37, 43)
(50, 38, 51, 37)
(38, 41, 39, 42)
(47, 41, 48, 40)
(39, 47, 40, 46)
(51, 42, 52, 43)
(27, 18, 28, 19)
(22, 17, 23, 18)
(16, 31, 17, 32)
(32, 15, 33, 16)
(14, 33, 15, 34)
(30, 25, 31, 26)
(19, 26, 20, 27)
(24, 29, 25, 30)
(28, 23, 29, 24)
(93, 95, 94, 94)
(1, 93, 2, 92)
(5, 2, 6, 3)
(6, 8, 7, 7)
(89, 4, 90, 5)
(97, 91, 0, 90)
(95, 97, 96, 96)
(91, 1, 92, 0)
