(70, 3, 71, 4)
(2, 71, 3, 72)
(72, 80, 73, 79)
(69, 80, 70, 81)
(89, 93, 90, 92)
(4, 94, 5, 93)
(97, 94, 98, 95)
(1, 98, 2, 99)
(99, 76, 0, 77)
(78, 76, 79, 75)
(74, 11, 75, 12)
(12, 73, 13, 74)
(26, 13, 27, 14)
(22, 28, 23, 27)
(64, 22, 65, 21)
(68, 65, 69, 66)
(81, 67, 82, 66)
(67, 83, 68, 82)
(86, 83, 87, 84)
(87, 36, 88, 37)
(35, 88, 36, 89)
(10, 8, 11, 7)
(6, 91, 7, 92)
(90, 5, 91, 6)
(9, 96, 10, 97)
(95, 8, 96, 9)
(61, 35, 62, 34)
(62, 31, 63, 32)
(30, 25, 31, 26)
(24, 29, 25, 30)
(14, 23, 15, 24)
(28, 16, 29, 15)
(16, 64, 17, 63)
(20, 20, 21, 19)
(33, 19, 34, 18)
(17, 33, 18, 32)
(53, 61, 54, 60)
(59, 55, 60, 54)
(85, 59, 86, 58)
(57, 85, 58, 84)
(56, 49, 57, 50)
(50, 40, 51, 39)
(41, 44, 42, 45)
(45, 42, 46, 43)
(51, 46, 52, 47)
(37, 53, 38, 52)
(38, 48, 39, 47)
(48, 55, 49, 56)
(43, 40, 44, 41)
(77, 0, 78, 1)
