(68, 70, 69, 69)
(70, 40, 71, 39)
(27, 41, 28, 40)
(67, 27, 68, 26)
(22, 23, 23, 24)
(25, 24, 26, 25)
(10, 22, 11, 21)
(92, 11, 93, 12)
(93, 72, 94, 73)
(38, 72, 39, 71)
(98, 38, 99, 37)
(36, 0, 37, 99)
(35, 29, 36, 28)
(34, 1, 35, 2)
(53, 2, 54, 3)
(51, 55, 52, 54)
(50, 47, 51, 48)
(41, 49, 42, 48)
(49, 43, 50, 42)
(77, 66, 78, 67)
(9, 9, 10, 8)
(7, 86, 8, 87)
(16, 87, 17, 88)
(20, 17, 21, 18)
(89, 18, 90, 19)
(90, 15, 91, 16)
(14, 91, 15, 92)
(13, 85, 14, 84)
(83, 13, 84, 12)
(5, 82, 6, 83)
(4, 74, 5, 73)
(3, 52, 4, 53)
(74, 81, 75, 82)
(55, 80, 56, 81)
(60, 80, 61, 79)
(64, 62, 65, 61)
(63, 45, 64, 44)
(43, 46, 44, 47)
(45, 63, 46, 62)
(65, 78, 66, 79)
(59, 56, 60, 57)
(57, 77, 58, 76)
(75, 59, 76, 58)
(85, 6, 86, 7)
(19, 88, 20, 89)
(33, 95, 34, 94)
(95, 33, 96, 32)
(31, 97, 32, 96)
(97, 31, 98, 30)
(29, 1, 30, 0)
