(36, 33, 37, 34)
(38, 35, 39, 36)
(34, 37, 35, 38)
(88, 40, 89, 39)
(72, 87, 73, 88)
(86, 71, 87, 72)
(85, 82, 86, 83)
(83, 78, 84, 79)
(66, 77, 67, 78)
(44, 66, 45, 65)
(64, 46, 65, 45)
(63, 58, 64, 59)
(59, 54, 60, 55)
(10, 54, 11, 53)
(30, 11, 31, 12)
(22, 32, 23, 31)
(32, 22, 33, 21)
(89, 29, 90, 28)
(73, 41, 74, 40)
(41, 69, 42, 68)
(69, 81, 70, 80)
(81, 71, 82, 70)
(79, 84, 80, 85)
(67, 43, 68, 42)
(43, 77, 44, 76)
(52, 10, 53, 9)
(51, 47, 52, 46)
(50, 57, 51, 58)
(62, 50, 63, 49)
(48, 56, 49, 55)
(60, 47, 61, 48)
(61, 57, 62, 56)
(96, 5, 97, 6)
(4, 95, 5, 96)
(94, 3, 95, 4)
(12, 93, 13, 94)
(92, 19, 93, 20)
(23, 21, 24, 20)
(27, 24, 28, 25)
(25, 90, 26, 91)
(91, 26, 92, 27)
(18, 16, 19, 15)
(99, 14, 0, 15)
(98, 7, 99, 8)
(75, 75, 76, 74)
(29, 9, 30, 8)
(6, 97, 7, 98)
(13, 2, 14, 3)
(1, 17, 2, 16)
(17, 1, 18, 0)
