(51, 95, 52, 94)
(52, 55, 53, 56)
(17, 54, 18, 55)
(95, 16, 96, 17)
(50, 16, 51, 15)
(11, 15, 12, 14)
(7, 13, 8, 12)
(83, 6, 84, 7)
(23, 82, 24, 83)
(57, 22, 58, 23)
(93, 57, 94, 56)
(92, 22, 93, 21)
(20, 92, 21, 91)
(90, 20, 91, 19)
(53, 18, 54, 19)
(89, 58, 90, 59)
(59, 30, 60, 31)
(76, 29, 77, 30)
(28, 75, 29, 76)
(48, 28, 49, 27)
(49, 96, 50, 97)
(10, 97, 11, 98)
(98, 9, 99, 10)
(13, 9, 14, 8)
(26, 0, 27, 99)
(4, 26, 5, 25)
(5, 84, 6, 85)
(85, 24, 86, 25)
(3, 87, 4, 86)
(81, 3, 82, 2)
(1, 81, 2, 80)
(79, 88, 80, 89)
(78, 74, 79, 73)
(39, 73, 40, 72)
(69, 41, 70, 40)
(63, 68, 64, 69)
(31, 62, 32, 63)
(44, 62, 45, 61)
(60, 46, 61, 45)
(77, 47, 78, 46)
(47, 75, 48, 74)
(32, 44, 33, 43)
(33, 66, 34, 67)
(65, 34, 66, 35)
(38, 35, 39, 36)
(36, 72, 37, 71)
(70, 38, 71, 37)
(64, 42, 65, 41)
(67, 42, 68, 43)
(87, 1, 88, 0)
