(17, 85, 18, 84)
(82, 85, 83, 86)
(83, 17, 84, 16)
(15, 10, 16, 11)
(8, 12, 9, 11)
(7, 59, 8, 58)
(18, 57, 19, 58)
(56, 19, 57, 20)
(81, 20, 82, 21)
(21, 25, 22, 24)
(25, 23, 26, 22)
(23, 27, 24, 26)
(27, 29, 28, 28)
(34, 30, 35, 29)
(86, 33, 87, 34)
(89, 33, 90, 32)
(13, 2, 14, 3)
(9, 14, 10, 15)
(3, 12, 4, 13)
(61, 5, 62, 4)
(5, 61, 6, 60)
(59, 7, 60, 6)
(72, 66, 73, 65)
(75, 65, 76, 64)
(76, 78, 77, 77)
(78, 39, 79, 40)
(38, 79, 39, 80)
(55, 80, 56, 81)
(41, 55, 42, 54)
(53, 43, 54, 42)
(49, 53, 50, 52)
(45, 50, 46, 51)
(47, 47, 48, 46)
(36, 36, 37, 35)
(37, 40, 38, 41)
(31, 89, 32, 88)
(87, 31, 88, 30)
(48, 43, 49, 44)
(51, 44, 52, 45)
(90, 93, 91, 94)
(99, 92, 0, 93)
(1, 99, 2, 98)
(62, 97, 63, 98)
(68, 68, 69, 67)
(69, 66, 70, 67)
(70, 72, 71, 71)
(96, 74, 97, 73)
(74, 96, 75, 95)
(63, 95, 64, 94)
(91, 0, 92, 1)
