(18, 16, 19, 15)
(14, 20, 15, 19)
(13, 33, 14, 32)
(46, 32, 47, 31)
(30, 48, 31, 47)
(29, 17, 30, 16)
(17, 29, 18, 28)
(48, 28, 49, 27)
(20, 50, 21, 49)
(25, 51, 26, 50)
(33, 24, 34, 25)
(23, 12, 24, 13)
(22, 45, 23, 46)
(26, 22, 27, 21)
(39, 44, 40, 45)
(6, 52, 7, 51)
(8, 6, 9, 5)
(43, 38, 44, 39)
(73, 42, 74, 43)
(96, 53, 97, 54)
(52, 8, 53, 7)
(97, 5, 98, 4)
(98, 64, 99, 63)
(1, 64, 2, 65)
(65, 2, 66, 3)
(66, 84, 67, 83)
(84, 93, 85, 94)
(92, 71, 93, 72)
(75, 76, 76, 77)
(41, 74, 42, 75)
(40, 38, 41, 37)
(36, 10, 37, 9)
(10, 36, 11, 35)
(34, 12, 35, 11)
(72, 77, 73, 78)
(80, 91, 81, 92)
(90, 81, 91, 82)
(95, 82, 96, 83)
(94, 68, 95, 67)
(87, 68, 88, 69)
(69, 88, 70, 89)
(85, 71, 86, 70)
(86, 90, 87, 89)
(78, 79, 79, 80)
(54, 4, 55, 3)
(60, 55, 61, 56)
(56, 61, 57, 62)
(62, 57, 63, 58)
(99, 59, 0, 58)
(59, 1, 60, 0)
