(92, 69, 93, 70)
(68, 50, 69, 49)
(48, 17, 49, 18)
(18, 92, 19, 91)
(19, 28, 20, 29)
(27, 20, 28, 21)
(21, 26, 22, 27)
(25, 83, 26, 82)
(81, 95, 82, 94)
(70, 93, 71, 94)
(71, 60, 72, 61)
(59, 51, 60, 50)
(3, 58, 4, 59)
(9, 3, 10, 2)
(10, 68, 11, 67)
(11, 17, 12, 16)
(47, 12, 48, 13)
(86, 13, 87, 14)
(87, 91, 88, 90)
(88, 43, 89, 44)
(37, 43, 38, 42)
(38, 29, 39, 30)
(30, 39, 31, 40)
(40, 31, 41, 32)
(32, 41, 33, 42)
(33, 36, 34, 37)
(35, 23, 36, 22)
(23, 35, 24, 34)
(83, 25, 84, 24)
(84, 46, 85, 45)
(46, 16, 47, 15)
(14, 85, 15, 86)
(44, 89, 45, 90)
(66, 2, 67, 1)
(98, 97, 99, 98)
(79, 97, 80, 96)
(95, 81, 96, 80)
(78, 64, 79, 63)
(53, 62, 54, 63)
(61, 52, 62, 53)
(72, 51, 73, 52)
(73, 55, 74, 54)
(4, 56, 5, 55)
(56, 6, 57, 5)
(6, 58, 7, 57)
(76, 8, 77, 7)
(8, 76, 9, 75)
(77, 75, 78, 74)
(64, 101, 65, 0)
(100, 65, 101, 66)
(99, 0, 100, 1)
