(6, 8, 7, 7)
(5, 12, 6, 13)
(13, 4, 14, 5)
(3, 14, 4, 15)
(11, 2, 12, 3)
(10, 101, 11, 0)
(53, 96, 54, 97)
(95, 52, 96, 53)
(51, 94, 52, 95)
(93, 50, 94, 51)
(69, 92, 70, 93)
(68, 45, 69, 46)
(46, 65, 47, 66)
(15, 64, 16, 65)
(25, 54, 26, 55)
(49, 26, 50, 27)
(27, 78, 28, 79)
(77, 71, 78, 70)
(76, 36, 77, 35)
(34, 43, 35, 44)
(91, 44, 92, 45)
(83, 90, 84, 91)
(48, 67, 49, 68)
(66, 47, 67, 48)
(82, 85, 83, 86)
(86, 81, 87, 82)
(80, 31, 81, 32)
(32, 79, 33, 80)
(33, 30, 34, 31)
(29, 43, 30, 42)
(41, 29, 42, 28)
(37, 41, 38, 40)
(73, 38, 74, 39)
(74, 71, 75, 72)
(36, 76, 37, 75)
(39, 72, 40, 73)
(84, 88, 85, 87)
(88, 90, 89, 89)
(55, 63, 56, 62)
(63, 16, 64, 17)
(17, 20, 18, 21)
(19, 24, 20, 25)
(23, 18, 24, 19)
(59, 23, 60, 22)
(61, 57, 62, 56)
(57, 61, 58, 60)
(21, 59, 22, 58)
(8, 2, 9, 1)
(100, 9, 101, 10)
(99, 98, 100, 99)
(97, 1, 98, 0)
