(4, 6, 5, 5)
(100, 4, 101, 3)
(101, 46, 0, 47)
(48, 46, 49, 45)
(42, 50, 43, 49)
(32, 37, 33, 38)
(20, 31, 21, 32)
(30, 19, 31, 20)
(28, 29, 29, 30)
(91, 7, 92, 6)
(90, 99, 91, 100)
(89, 66, 90, 67)
(67, 70, 68, 71)
(69, 51, 70, 50)
(51, 69, 52, 68)
(52, 82, 53, 81)
(26, 21, 27, 22)
(22, 25, 23, 26)
(35, 25, 36, 24)
(36, 33, 37, 34)
(23, 35, 24, 34)
(18, 27, 19, 28)
(16, 17, 17, 18)
(15, 93, 16, 92)
(95, 15, 96, 14)
(96, 7, 97, 8)
(56, 66, 57, 65)
(57, 60, 58, 61)
(76, 59, 77, 60)
(72, 76, 73, 75)
(88, 73, 89, 74)
(74, 87, 75, 88)
(86, 72, 87, 71)
(78, 86, 79, 85)
(54, 80, 55, 79)
(80, 54, 81, 53)
(55, 84, 56, 85)
(83, 40, 84, 41)
(41, 82, 42, 83)
(39, 39, 40, 38)
(98, 97, 99, 98)
(63, 62, 64, 63)
(64, 62, 65, 61)
(58, 77, 59, 78)
(9, 11, 10, 10)
(8, 11, 9, 12)
(93, 13, 94, 12)
(13, 95, 14, 94)
(2, 43, 3, 44)
(44, 1, 45, 2)
(47, 0, 48, 1)
