(63, 16, 64, 17)
(62, 21, 63, 22)
(22, 73, 23, 74)
(77, 73, 78, 72)
(78, 69, 79, 70)
(68, 18, 69, 17)
(67, 26, 68, 27)
(64, 28, 65, 27)
(28, 16, 29, 15)
(20, 29, 21, 30)
(61, 61, 62, 60)
(80, 59, 81, 60)
(79, 25, 80, 24)
(74, 23, 75, 24)
(75, 71, 76, 70)
(71, 77, 72, 76)
(25, 18, 26, 19)
(19, 13, 20, 12)
(66, 13, 67, 14)
(14, 65, 15, 66)
(11, 50, 12, 51)
(40, 52, 41, 51)
(32, 39, 33, 40)
(31, 30, 32, 31)
(97, 39, 98, 38)
(95, 99, 96, 98)
(99, 95, 100, 94)
(100, 84, 101, 83)
(84, 91, 85, 92)
(90, 85, 91, 86)
(86, 2, 87, 1)
(2, 88, 3, 87)
(88, 4, 89, 3)
(81, 5, 82, 4)
(36, 6, 37, 5)
(35, 8, 36, 9)
(52, 9, 53, 10)
(53, 44, 54, 45)
(43, 48, 44, 49)
(49, 59, 50, 58)
(42, 57, 43, 58)
(10, 42, 11, 41)
(47, 56, 48, 57)
(55, 46, 56, 47)
(45, 54, 46, 55)
(7, 34, 8, 35)
(33, 6, 34, 7)
(37, 97, 38, 96)
(93, 82, 94, 83)
(92, 0, 93, 101)
(89, 0, 90, 1)
