(58, 62, 59, 61)
(55, 62, 56, 63)
(63, 56, 64, 57)
(57, 64, 58, 65)
(83, 35, 84, 34)
(40, 35, 41, 36)
(41, 28, 42, 29)
(27, 90, 28, 91)
(91, 45, 92, 44)
(60, 45, 61, 46)
(46, 59, 47, 60)
(54, 47, 55, 48)
(67, 68, 68, 69)
(71, 70, 72, 71)
(22, 34, 23, 33)
(32, 24, 33, 23)
(31, 38, 32, 39)
(84, 40, 85, 39)
(30, 86, 31, 85)
(36, 29, 37, 30)
(86, 37, 87, 38)
(87, 42, 88, 43)
(25, 88, 26, 89)
(89, 26, 90, 27)
(43, 25, 44, 24)
(21, 93, 22, 92)
(53, 21, 54, 20)
(48, 19, 49, 20)
(18, 7, 19, 8)
(66, 65, 67, 66)
(72, 70, 73, 69)
(73, 80, 74, 81)
(79, 82, 80, 83)
(78, 75, 79, 76)
(13, 77, 14, 76)
(17, 13, 18, 12)
(8, 11, 9, 12)
(15, 10, 16, 11)
(77, 15, 78, 14)
(9, 16, 10, 17)
(81, 74, 82, 75)
(1, 7, 2, 6)
(97, 3, 98, 2)
(49, 97, 50, 96)
(93, 51, 94, 50)
(51, 95, 52, 94)
(95, 53, 96, 52)
(101, 99, 0, 98)
(100, 99, 101, 100)
(4, 4, 5, 3)
(5, 1, 6, 0)
