(84, 27, 85, 28)
(80, 85, 81, 86)
(86, 81, 87, 82)
(78, 88, 79, 87)
(77, 48, 78, 49)
(24, 49, 25, 50)
(19, 50, 20, 51)
(15, 21, 16, 20)
(31, 14, 32, 15)
(25, 30, 26, 31)
(29, 26, 30, 27)
(28, 83, 29, 84)
(82, 79, 83, 80)
(7, 11, 8, 10)
(88, 12, 89, 11)
(47, 12, 48, 13)
(13, 46, 14, 47)
(45, 22, 46, 23)
(23, 77, 24, 76)
(75, 72, 76, 73)
(18, 73, 19, 74)
(74, 17, 75, 18)
(16, 52, 17, 51)
(37, 53, 38, 52)
(67, 37, 68, 36)
(35, 69, 36, 68)
(69, 35, 70, 34)
(33, 71, 34, 70)
(32, 22, 33, 21)
(71, 45, 72, 44)
(38, 43, 39, 44)
(42, 65, 43, 66)
(53, 67, 54, 66)
(54, 57, 55, 58)
(56, 59, 57, 60)
(60, 64, 61, 63)
(40, 39, 41, 40)
(64, 41, 65, 42)
(58, 55, 59, 56)
(61, 62, 62, 63)
(89, 7, 90, 6)
(99, 95, 100, 94)
(9, 99, 10, 98)
(97, 9, 98, 8)
(101, 96, 0, 97)
(100, 1, 101, 2)
(5, 91, 6, 90)
(4, 93, 5, 94)
(92, 3, 93, 4)
(2, 91, 3, 92)
(95, 0, 96, 1)
