(2, 52, 3, 51)
(50, 4, 51, 3)
(4, 50, 5, 49)
(66, 6, 67, 5)
(100, 0, 101, 103)
(52, 102, 53, 101)
(102, 54, 103, 53)
(99, 55, 100, 54)
(55, 99, 56, 98)
(56, 2, 57, 1)
(96, 58, 97, 57)
(95, 36, 96, 37)
(37, 74, 38, 75)
(73, 31, 74, 30)
(29, 73, 30, 72)
(71, 48, 72, 49)
(67, 70, 68, 71)
(69, 17, 70, 16)
(15, 7, 16, 6)
(59, 14, 60, 15)
(61, 59, 62, 58)
(62, 66, 63, 65)
(64, 64, 65, 63)
(92, 36, 93, 35)
(93, 76, 94, 77)
(75, 94, 76, 95)
(32, 78, 33, 77)
(38, 31, 39, 32)
(84, 39, 85, 40)
(42, 85, 43, 86)
(43, 27, 44, 26)
(27, 24, 28, 25)
(23, 28, 24, 29)
(45, 23, 46, 22)
(21, 47, 22, 46)
(47, 21, 48, 20)
(8, 19, 9, 20)
(18, 7, 19, 8)
(17, 69, 18, 68)
(13, 60, 14, 61)
(12, 9, 13, 10)
(87, 10, 88, 11)
(91, 88, 92, 89)
(89, 40, 90, 41)
(41, 90, 42, 91)
(11, 86, 12, 87)
(25, 45, 26, 44)
(78, 84, 79, 83)
(82, 80, 83, 79)
(81, 34, 82, 35)
(33, 80, 34, 81)
(97, 0, 98, 1)
