(13, 15, 14, 14)
(41, 80, 42, 81)
(45, 41, 46, 40)
(37, 46, 38, 47)
(47, 38, 48, 39)
(25, 49, 26, 48)
(5, 25, 6, 24)
(15, 7, 16, 6)
(83, 9, 84, 8)
(81, 87, 82, 86)
(92, 88, 93, 87)
(91, 76, 92, 77)
(77, 60, 78, 61)
(59, 78, 60, 79)
(79, 42, 80, 43)
(43, 35, 44, 34)
(35, 45, 36, 44)
(39, 36, 40, 37)
(33, 73, 34, 72)
(26, 71, 27, 72)
(70, 27, 71, 28)
(28, 31, 29, 32)
(1, 31, 2, 30)
(51, 2, 52, 3)
(3, 52, 4, 53)
(4, 49, 5, 50)
(53, 50, 54, 51)
(103, 55, 0, 54)
(55, 103, 56, 102)
(101, 57, 102, 56)
(23, 101, 24, 100)
(99, 21, 100, 20)
(16, 19, 17, 20)
(18, 97, 19, 98)
(95, 99, 96, 98)
(84, 11, 85, 12)
(7, 13, 8, 12)
(9, 10, 10, 11)
(85, 83, 86, 82)
(94, 93, 95, 94)
(96, 17, 97, 18)
(21, 67, 22, 66)
(67, 64, 68, 65)
(63, 89, 64, 88)
(89, 63, 90, 62)
(75, 90, 76, 91)
(61, 74, 62, 75)
(58, 74, 59, 73)
(68, 58, 69, 57)
(69, 33, 70, 32)
(65, 23, 66, 22)
(29, 1, 30, 0)
