(13, 10, 14, 11)
(9, 12, 10, 13)
(11, 8, 12, 9)
(6, 8, 7, 7)
(62, 70, 63, 69)
(70, 62, 71, 61)
(56, 71, 57, 72)
(80, 57, 81, 58)
(81, 42, 82, 43)
(41, 101, 42, 100)
(14, 99, 15, 100)
(98, 5, 99, 6)
(90, 97, 91, 98)
(96, 89, 97, 90)
(2, 95, 3, 96)
(94, 1, 95, 2)
(93, 87, 94, 86)
(102, 85, 103, 86)
(84, 101, 85, 102)
(63, 64, 64, 65)
(66, 65, 67, 66)
(68, 67, 69, 68)
(46, 43, 47, 44)
(60, 47, 61, 48)
(73, 48, 74, 49)
(49, 74, 50, 75)
(50, 56, 51, 55)
(54, 52, 55, 51)
(76, 53, 77, 54)
(75, 78, 76, 79)
(79, 72, 80, 73)
(52, 77, 53, 78)
(59, 44, 60, 45)
(45, 58, 46, 59)
(82, 83, 83, 84)
(29, 30, 30, 31)
(31, 17, 32, 16)
(40, 17, 41, 18)
(18, 28, 19, 27)
(15, 29, 16, 28)
(36, 19, 37, 20)
(24, 37, 25, 38)
(38, 25, 39, 26)
(32, 40, 33, 39)
(26, 33, 27, 34)
(21, 34, 22, 35)
(35, 22, 36, 23)
(20, 24, 21, 23)
(103, 92, 0, 93)
(91, 4, 92, 5)
(3, 88, 4, 89)
(87, 0, 88, 1)
