(96, 26, 97, 25)
(26, 96, 27, 95)
(27, 9, 28, 8)
(9, 29, 10, 28)
(39, 40, 40, 41)
(41, 45, 42, 44)
(74, 45, 75, 46)
(75, 25, 76, 24)
(76, 83, 77, 84)
(21, 82, 22, 83)
(81, 20, 82, 21)
(17, 81, 18, 80)
(79, 19, 80, 18)
(94, 97, 95, 98)
(98, 11, 99, 12)
(7, 11, 8, 10)
(6, 53, 7, 54)
(54, 57, 55, 58)
(1, 57, 2, 56)
(34, 34, 35, 33)
(30, 36, 31, 35)
(29, 38, 30, 39)
(32, 38, 33, 37)
(36, 32, 37, 31)
(2, 103, 3, 0)
(49, 102, 50, 103)
(48, 43, 49, 44)
(42, 47, 43, 48)
(46, 73, 47, 74)
(99, 72, 100, 73)
(23, 85, 24, 84)
(22, 78, 23, 77)
(15, 78, 16, 79)
(19, 16, 20, 17)
(89, 15, 90, 14)
(90, 94, 91, 93)
(86, 92, 87, 91)
(85, 13, 86, 12)
(13, 89, 14, 88)
(92, 88, 93, 87)
(71, 68, 72, 69)
(64, 70, 65, 69)
(50, 64, 51, 63)
(51, 60, 52, 61)
(59, 52, 60, 53)
(5, 59, 6, 58)
(61, 5, 62, 4)
(3, 63, 4, 62)
(70, 66, 71, 65)
(101, 66, 102, 67)
(67, 100, 68, 101)
(55, 1, 56, 0)
