(25, 20, 26, 21)
(35, 26, 36, 27)
(36, 40, 37, 39)
(37, 38, 38, 39)
(43, 42, 44, 43)
(48, 41, 49, 42)
(40, 47, 41, 48)
(62, 65, 63, 66)
(55, 67, 56, 66)
(67, 55, 68, 54)
(68, 78, 69, 77)
(13, 78, 14, 79)
(19, 14, 20, 15)
(15, 8, 16, 9)
(7, 96, 8, 97)
(97, 25, 98, 24)
(23, 99, 24, 98)
(22, 34, 23, 33)
(32, 22, 33, 21)
(34, 32, 35, 31)
(28, 29, 29, 30)
(30, 27, 31, 28)
(6, 100, 7, 99)
(100, 6, 101, 5)
(92, 102, 93, 101)
(44, 45, 45, 46)
(46, 49, 47, 50)
(50, 63, 51, 64)
(64, 51, 65, 52)
(52, 57, 53, 58)
(56, 61, 57, 62)
(53, 61, 54, 60)
(76, 60, 77, 59)
(58, 76, 59, 75)
(81, 70, 82, 71)
(69, 80, 70, 81)
(79, 12, 80, 13)
(11, 18, 12, 19)
(17, 10, 18, 11)
(9, 16, 10, 17)
(82, 86, 83, 85)
(1, 86, 2, 87)
(87, 2, 88, 3)
(3, 88, 4, 89)
(4, 96, 5, 95)
(89, 95, 90, 94)
(93, 91, 94, 90)
(102, 92, 103, 91)
(103, 75, 0, 74)
(72, 71, 73, 72)
(83, 84, 84, 85)
(73, 1, 74, 0)
