(7, 97, 8, 96)
(97, 7, 98, 6)
(5, 99, 6, 98)
(99, 5, 100, 4)
(100, 89, 101, 90)
(88, 85, 89, 86)
(86, 96, 87, 95)
(94, 88, 95, 87)
(80, 93, 81, 94)
(2, 80, 3, 79)
(78, 4, 79, 3)
(74, 78, 75, 77)
(72, 76, 73, 75)
(10, 72, 11, 71)
(11, 8, 12, 9)
(76, 74, 77, 73)
(26, 13, 27, 14)
(14, 39, 15, 40)
(69, 39, 70, 38)
(70, 10, 71, 9)
(37, 34, 38, 35)
(46, 36, 47, 35)
(45, 29, 46, 28)
(12, 27, 13, 28)
(63, 44, 64, 45)
(25, 63, 26, 62)
(61, 43, 62, 42)
(41, 61, 42, 60)
(59, 41, 60, 40)
(23, 58, 24, 59)
(19, 23, 20, 22)
(20, 55, 21, 56)
(17, 54, 18, 55)
(16, 67, 17, 68)
(68, 15, 69, 16)
(66, 33, 67, 34)
(32, 65, 33, 66)
(52, 31, 53, 32)
(51, 49, 52, 48)
(36, 48, 37, 47)
(50, 30, 51, 29)
(30, 50, 31, 49)
(53, 64, 54, 65)
(57, 18, 58, 19)
(56, 21, 57, 22)
(24, 44, 25, 43)
(92, 1, 93, 2)
(102, 91, 103, 92)
(90, 101, 91, 102)
(103, 82, 0, 83)
(84, 82, 85, 81)
(83, 0, 84, 1)
