(104, 2, 105, 1)
(105, 16, 0, 17)
(18, 16, 19, 15)
(14, 20, 15, 19)
(13, 89, 14, 88)
(87, 100, 88, 101)
(22, 102, 23, 101)
(2, 21, 3, 22)
(20, 103, 21, 104)
(102, 3, 103, 4)
(4, 89, 5, 90)
(44, 5, 45, 6)
(92, 45, 93, 46)
(98, 93, 99, 94)
(12, 99, 13, 100)
(11, 52, 12, 53)
(53, 61, 54, 60)
(56, 61, 57, 62)
(64, 57, 65, 58)
(65, 78, 66, 79)
(24, 77, 25, 78)
(86, 24, 87, 23)
(42, 86, 43, 85)
(43, 90, 44, 91)
(6, 92, 7, 91)
(7, 46, 8, 47)
(8, 95, 9, 96)
(94, 97, 95, 98)
(96, 9, 97, 10)
(51, 10, 52, 11)
(83, 50, 84, 51)
(59, 59, 60, 58)
(31, 83, 32, 82)
(81, 33, 82, 32)
(67, 80, 68, 81)
(79, 66, 80, 67)
(29, 69, 30, 68)
(69, 29, 70, 28)
(27, 71, 28, 70)
(26, 75, 27, 76)
(76, 25, 77, 26)
(39, 75, 40, 74)
(40, 49, 41, 50)
(48, 41, 49, 42)
(47, 84, 48, 85)
(36, 74, 37, 73)
(34, 38, 35, 37)
(33, 30, 34, 31)
(38, 71, 39, 72)
(72, 36, 73, 35)
(54, 63, 55, 64)
(62, 55, 63, 56)
(17, 0, 18, 1)
