(103, 84, 104, 85)
(104, 97, 105, 98)
(1, 97, 2, 96)
(2, 93, 3, 94)
(98, 3, 99, 4)
(4, 99, 5, 100)
(100, 5, 101, 6)
(6, 101, 7, 102)
(86, 7, 87, 8)
(92, 87, 93, 88)
(88, 91, 89, 92)
(90, 83, 91, 84)
(82, 89, 83, 90)
(20, 82, 21, 81)
(80, 22, 81, 21)
(54, 80, 55, 79)
(78, 56, 79, 55)
(85, 102, 86, 103)
(19, 16, 20, 17)
(8, 18, 9, 17)
(18, 10, 19, 9)
(15, 10, 16, 11)
(11, 14, 12, 15)
(13, 12, 14, 13)
(22, 54, 23, 53)
(23, 74, 24, 75)
(34, 74, 35, 73)
(56, 71, 57, 72)
(61, 71, 62, 70)
(62, 78, 63, 77)
(42, 63, 43, 64)
(64, 49, 65, 50)
(48, 65, 49, 66)
(66, 47, 67, 48)
(51, 47, 52, 46)
(45, 53, 46, 52)
(43, 44, 44, 45)
(67, 51, 68, 50)
(75, 69, 76, 68)
(40, 70, 41, 69)
(39, 32, 40, 33)
(24, 34, 25, 33)
(38, 26, 39, 25)
(26, 38, 27, 37)
(36, 28, 37, 27)
(72, 36, 73, 35)
(31, 29, 32, 28)
(30, 59, 31, 60)
(57, 61, 58, 60)
(58, 29, 59, 30)
(76, 41, 77, 42)
(105, 95, 0, 94)
(95, 1, 96, 0)
