(5, 31, 6, 30)
(29, 7, 30, 6)
(37, 29, 38, 28)
(87, 39, 88, 38)
(93, 87, 94, 86)
(83, 95, 84, 94)
(82, 45, 83, 46)
(46, 102, 47, 101)
(1, 102, 2, 103)
(103, 64, 104, 65)
(63, 104, 64, 105)
(105, 62, 0, 63)
(66, 62, 67, 61)
(8, 68, 9, 67)
(7, 37, 8, 36)
(32, 36, 33, 35)
(2, 34, 3, 33)
(34, 4, 35, 3)
(31, 5, 32, 4)
(68, 28, 69, 27)
(76, 69, 77, 70)
(70, 77, 71, 78)
(98, 72, 99, 71)
(97, 45, 98, 44)
(43, 93, 44, 92)
(41, 91, 42, 90)
(89, 41, 90, 40)
(39, 89, 40, 88)
(91, 43, 92, 42)
(96, 96, 97, 95)
(85, 85, 86, 84)
(72, 80, 73, 79)
(80, 74, 81, 73)
(74, 82, 75, 81)
(100, 75, 101, 76)
(99, 79, 100, 78)
(9, 27, 10, 26)
(10, 13, 11, 14)
(12, 58, 13, 57)
(59, 57, 60, 56)
(60, 47, 61, 48)
(55, 49, 56, 48)
(54, 21, 55, 22)
(22, 53, 23, 54)
(52, 23, 53, 24)
(24, 18, 25, 17)
(18, 26, 19, 25)
(14, 20, 15, 19)
(20, 49, 21, 50)
(15, 50, 16, 51)
(51, 16, 52, 17)
(58, 12, 59, 11)
(65, 0, 66, 1)
