(54, 24, 55, 23)
(22, 54, 23, 53)
(52, 20, 53, 19)
(55, 18, 56, 19)
(17, 14, 18, 15)
(64, 66, 65, 65)
(24, 63, 25, 64)
(62, 25, 63, 26)
(26, 57, 27, 58)
(56, 49, 57, 50)
(50, 22, 51, 21)
(20, 52, 21, 51)
(29, 49, 30, 48)
(30, 69, 31, 70)
(13, 69, 14, 68)
(67, 43, 68, 42)
(41, 16, 42, 17)
(15, 40, 16, 41)
(66, 39, 67, 40)
(38, 12, 39, 11)
(10, 7, 11, 8)
(8, 101, 9, 102)
(61, 101, 62, 100)
(99, 61, 100, 60)
(28, 59, 29, 60)
(58, 27, 59, 28)
(98, 96, 99, 95)
(71, 94, 72, 95)
(70, 47, 71, 48)
(46, 32, 47, 31)
(36, 46, 37, 45)
(44, 38, 45, 37)
(43, 12, 44, 13)
(35, 81, 36, 80)
(79, 82, 80, 83)
(6, 83, 7, 84)
(84, 5, 85, 6)
(4, 78, 5, 77)
(87, 77, 88, 76)
(75, 89, 76, 88)
(74, 104, 75, 103)
(102, 9, 103, 10)
(73, 97, 74, 96)
(97, 73, 98, 72)
(104, 2, 105, 1)
(91, 2, 92, 3)
(33, 93, 34, 92)
(93, 33, 94, 32)
(81, 35, 82, 34)
(86, 4, 87, 3)
(78, 86, 79, 85)
(105, 91, 0, 90)
(89, 1, 90, 0)
