(72, 85, 73, 86)
(73, 46, 74, 47)
(48, 46, 49, 45)
(36, 50, 37, 49)
(35, 82, 36, 83)
(83, 29, 84, 28)
(29, 85, 30, 84)
(30, 25, 31, 26)
(24, 94, 25, 93)
(92, 24, 93, 23)
(95, 23, 96, 22)
(89, 97, 90, 96)
(88, 71, 89, 72)
(70, 87, 71, 88)
(86, 69, 87, 70)
(68, 7, 69, 8)
(8, 5, 9, 6)
(99, 5, 100, 4)
(100, 75, 101, 76)
(47, 74, 48, 75)
(101, 2, 102, 3)
(1, 39, 2, 38)
(44, 38, 45, 37)
(43, 80, 44, 81)
(81, 50, 82, 51)
(62, 52, 63, 51)
(52, 62, 53, 61)
(60, 54, 61, 53)
(59, 17, 60, 16)
(32, 16, 33, 15)
(26, 33, 27, 34)
(34, 27, 35, 28)
(14, 32, 15, 31)
(13, 20, 14, 21)
(90, 21, 91, 22)
(91, 94, 92, 95)
(63, 13, 64, 12)
(64, 97, 65, 98)
(10, 66, 11, 65)
(66, 10, 67, 9)
(6, 67, 7, 68)
(11, 99, 12, 98)
(19, 56, 20, 57)
(57, 18, 58, 19)
(17, 55, 18, 54)
(58, 55, 59, 56)
(79, 42, 80, 43)
(103, 78, 104, 79)
(77, 102, 78, 103)
(3, 77, 4, 76)
(41, 105, 42, 104)
(105, 41, 0, 40)
(39, 1, 40, 0)
