(97, 47, 98, 46)
(45, 81, 46, 80)
(8, 58, 9, 57)
(7, 3, 8, 2)
(1, 106, 2, 107)
(107, 62, 0, 63)
(61, 64, 62, 65)
(98, 66, 99, 65)
(35, 66, 36, 67)
(67, 36, 68, 37)
(37, 68, 38, 69)
(38, 47, 39, 48)
(39, 93, 40, 92)
(93, 41, 94, 40)
(41, 97, 42, 96)
(82, 54, 83, 53)
(52, 82, 53, 81)
(51, 54, 52, 55)
(55, 45, 56, 44)
(79, 56, 80, 57)
(49, 78, 50, 79)
(71, 48, 72, 49)
(29, 70, 30, 71)
(31, 29, 32, 28)
(15, 33, 16, 32)
(9, 14, 10, 15)
(13, 5, 14, 4)
(58, 3, 59, 4)
(59, 7, 60, 6)
(105, 60, 106, 61)
(11, 104, 12, 105)
(103, 10, 104, 11)
(25, 102, 26, 103)
(24, 20, 25, 19)
(99, 18, 100, 19)
(17, 26, 18, 27)
(34, 27, 35, 28)
(33, 17, 34, 16)
(21, 100, 22, 101)
(101, 22, 102, 23)
(20, 24, 21, 23)
(5, 13, 6, 12)
(69, 30, 70, 31)
(72, 87, 73, 88)
(91, 87, 92, 86)
(94, 85, 95, 86)
(84, 95, 85, 96)
(42, 83, 43, 84)
(43, 51, 44, 50)
(90, 76, 91, 75)
(77, 75, 78, 74)
(88, 73, 89, 74)
(76, 90, 77, 89)
(63, 0, 64, 1)
