(6, 106, 7, 105)
(106, 8, 107, 7)
(8, 104, 9, 103)
(104, 6, 105, 5)
(13, 5, 14, 4)
(14, 30, 15, 29)
(30, 18, 31, 17)
(18, 21, 19, 22)
(1, 21, 2, 20)
(107, 3, 0, 2)
(3, 99, 4, 98)
(102, 99, 103, 100)
(100, 12, 101, 11)
(12, 9, 13, 10)
(10, 102, 11, 101)
(97, 32, 98, 33)
(33, 96, 34, 97)
(54, 95, 55, 96)
(50, 53, 51, 54)
(28, 50, 29, 49)
(48, 28, 49, 27)
(26, 23, 27, 24)
(24, 15, 25, 16)
(16, 25, 17, 26)
(31, 22, 32, 23)
(34, 47, 35, 48)
(46, 77, 47, 78)
(78, 45, 79, 46)
(44, 93, 45, 94)
(94, 55, 95, 56)
(56, 43, 57, 44)
(73, 43, 74, 42)
(39, 74, 40, 75)
(40, 37, 41, 38)
(36, 52, 37, 51)
(52, 36, 53, 35)
(76, 41, 77, 42)
(75, 38, 76, 39)
(72, 69, 73, 70)
(91, 70, 92, 71)
(92, 79, 93, 80)
(80, 60, 81, 59)
(67, 60, 68, 61)
(57, 69, 58, 68)
(89, 58, 90, 59)
(71, 90, 72, 91)
(88, 82, 89, 81)
(87, 66, 88, 67)
(83, 87, 84, 86)
(63, 84, 64, 85)
(64, 61, 65, 62)
(82, 66, 83, 65)
(85, 62, 86, 63)
(19, 1, 20, 0)
