(64, 63, 65, 64)
(65, 63, 66, 62)
(33, 66, 34, 67)
(34, 88, 35, 87)
(12, 62, 13, 61)
(13, 26, 14, 27)
(25, 32, 26, 33)
(67, 24, 68, 25)
(23, 68, 24, 69)
(69, 103, 70, 102)
(103, 40, 104, 41)
(39, 37, 40, 36)
(86, 36, 87, 35)
(85, 39, 86, 38)
(37, 85, 38, 84)
(83, 104, 84, 105)
(105, 6, 106, 7)
(88, 8, 89, 7)
(9, 11, 10, 10)
(8, 11, 9, 12)
(58, 90, 59, 89)
(57, 60, 58, 61)
(56, 28, 57, 27)
(28, 56, 29, 55)
(20, 30, 21, 29)
(14, 19, 15, 20)
(18, 15, 19, 16)
(31, 16, 32, 17)
(17, 30, 18, 31)
(96, 21, 97, 22)
(22, 97, 23, 98)
(49, 98, 50, 99)
(99, 50, 100, 51)
(71, 101, 72, 100)
(101, 71, 102, 70)
(41, 73, 42, 72)
(73, 83, 74, 82)
(74, 80, 75, 79)
(80, 76, 81, 75)
(76, 46, 77, 45)
(46, 94, 47, 93)
(91, 95, 92, 94)
(90, 60, 91, 59)
(95, 55, 96, 54)
(48, 54, 49, 53)
(43, 52, 44, 53)
(51, 42, 52, 43)
(44, 78, 45, 77)
(81, 78, 82, 79)
(92, 48, 93, 47)
(5, 106, 6, 107)
(1, 5, 2, 4)
(107, 3, 0, 2)
(3, 1, 4, 0)
