(76, 79, 77, 80)
(75, 84, 76, 85)
(102, 86, 103, 85)
(101, 92, 102, 93)
(80, 94, 81, 93)
(94, 82, 95, 81)
(82, 96, 83, 95)
(96, 99, 97, 100)
(77, 98, 78, 99)
(97, 78, 98, 79)
(83, 100, 84, 101)
(74, 92, 75, 91)
(90, 5, 91, 6)
(7, 6, 8, 7)
(8, 105, 9, 106)
(104, 88, 105, 87)
(86, 104, 87, 103)
(88, 74, 89, 73)
(4, 89, 5, 90)
(106, 9, 107, 10)
(2, 0, 3, 107)
(1, 71, 2, 70)
(72, 70, 73, 69)
(3, 69, 4, 68)
(28, 17, 29, 18)
(32, 30, 33, 29)
(31, 36, 32, 37)
(42, 38, 43, 37)
(62, 64, 63, 63)
(67, 16, 68, 17)
(66, 27, 67, 28)
(18, 65, 19, 66)
(45, 64, 46, 65)
(33, 44, 34, 45)
(43, 34, 44, 35)
(35, 30, 36, 31)
(46, 20, 47, 19)
(51, 20, 52, 21)
(21, 52, 22, 53)
(22, 60, 23, 59)
(60, 11, 61, 12)
(10, 61, 11, 62)
(15, 14, 16, 15)
(24, 13, 25, 14)
(26, 24, 27, 23)
(12, 25, 13, 26)
(55, 59, 56, 58)
(47, 57, 48, 56)
(57, 49, 58, 48)
(49, 54, 50, 55)
(53, 50, 54, 51)
(40, 39, 41, 40)
(38, 41, 39, 42)
(71, 1, 72, 0)
