(21, 43, 22, 42)
(43, 23, 44, 22)
(23, 45, 24, 44)
(45, 49, 46, 48)
(68, 50, 69, 49)
(60, 68, 61, 67)
(104, 61, 105, 62)
(6, 106, 7, 105)
(106, 6, 107, 5)
(107, 2, 0, 3)
(84, 42, 85, 41)
(92, 85, 93, 86)
(24, 94, 25, 93)
(71, 95, 72, 94)
(70, 47, 71, 48)
(46, 69, 47, 70)
(50, 96, 51, 95)
(96, 53, 97, 54)
(52, 101, 53, 102)
(102, 66, 103, 65)
(66, 60, 67, 59)
(58, 103, 59, 104)
(57, 65, 58, 64)
(63, 11, 64, 10)
(9, 63, 10, 62)
(13, 8, 14, 9)
(7, 12, 8, 13)
(11, 14, 12, 15)
(15, 73, 16, 72)
(73, 19, 74, 18)
(19, 78, 20, 79)
(77, 20, 78, 21)
(81, 76, 82, 77)
(83, 81, 84, 80)
(79, 75, 80, 74)
(75, 82, 76, 83)
(17, 28, 18, 29)
(38, 29, 39, 30)
(30, 39, 31, 40)
(40, 31, 41, 32)
(35, 32, 36, 33)
(91, 36, 92, 37)
(88, 38, 89, 37)
(87, 27, 88, 26)
(25, 87, 26, 86)
(27, 16, 28, 17)
(89, 35, 90, 34)
(33, 91, 34, 90)
(56, 52, 57, 51)
(55, 98, 56, 99)
(99, 54, 100, 55)
(97, 101, 98, 100)
(1, 4, 2, 5)
(3, 0, 4, 1)
