(99, 101, 100, 100)
(94, 102, 95, 101)
(95, 99, 96, 98)
(96, 97, 97, 98)
(102, 93, 103, 94)
(103, 2, 104, 3)
(92, 0, 93, 107)
(106, 92, 107, 91)
(7, 91, 8, 90)
(105, 4, 106, 5)
(3, 104, 4, 105)
(68, 89, 69, 90)
(12, 12, 13, 11)
(13, 8, 14, 9)
(83, 67, 84, 66)
(65, 55, 66, 54)
(53, 15, 54, 14)
(52, 37, 53, 38)
(38, 46, 39, 45)
(5, 47, 6, 46)
(47, 7, 48, 6)
(39, 48, 40, 49)
(51, 40, 52, 41)
(41, 50, 42, 51)
(49, 44, 50, 45)
(43, 42, 44, 43)
(36, 15, 37, 16)
(63, 17, 64, 16)
(62, 77, 63, 78)
(78, 82, 79, 81)
(69, 83, 70, 82)
(70, 55, 71, 56)
(71, 18, 72, 19)
(17, 34, 18, 35)
(64, 35, 65, 36)
(76, 34, 77, 33)
(32, 25, 33, 26)
(26, 23, 27, 24)
(59, 23, 60, 22)
(21, 61, 22, 60)
(61, 21, 62, 20)
(19, 59, 20, 58)
(57, 80, 58, 81)
(79, 56, 80, 57)
(74, 28, 75, 27)
(28, 74, 29, 73)
(72, 30, 73, 29)
(30, 76, 31, 75)
(24, 31, 25, 32)
(88, 67, 89, 68)
(87, 84, 88, 85)
(85, 11, 86, 10)
(9, 87, 10, 86)
(1, 1, 2, 0)
