(6, 66, 7, 65)
(36, 8, 37, 7)
(8, 36, 9, 35)
(9, 51, 10, 50)
(32, 52, 33, 51)
(70, 31, 71, 32)
(26, 70, 27, 69)
(68, 28, 69, 27)
(58, 67, 59, 68)
(66, 57, 67, 58)
(56, 59, 57, 60)
(60, 55, 61, 56)
(63, 55, 64, 54)
(64, 6, 65, 5)
(107, 5, 108, 4)
(108, 37, 109, 38)
(2, 0, 3, 109)
(1, 47, 2, 46)
(45, 48, 46, 49)
(49, 35, 50, 34)
(10, 33, 11, 34)
(11, 44, 12, 45)
(43, 40, 44, 41)
(41, 90, 42, 91)
(94, 89, 95, 90)
(88, 93, 89, 94)
(87, 17, 88, 16)
(15, 18, 16, 19)
(19, 72, 20, 73)
(52, 71, 53, 72)
(20, 53, 21, 54)
(62, 22, 63, 21)
(22, 62, 23, 61)
(28, 23, 29, 24)
(24, 29, 25, 30)
(30, 25, 31, 26)
(73, 77, 74, 76)
(106, 77, 107, 78)
(101, 79, 102, 78)
(100, 14, 101, 13)
(12, 40, 13, 39)
(3, 39, 4, 38)
(99, 85, 100, 84)
(83, 99, 84, 98)
(97, 83, 98, 82)
(81, 97, 82, 96)
(95, 93, 96, 92)
(91, 42, 92, 43)
(80, 85, 81, 86)
(17, 87, 18, 86)
(14, 80, 15, 79)
(102, 105, 103, 106)
(104, 75, 105, 76)
(74, 103, 75, 104)
(47, 1, 48, 0)
