(68, 49, 69, 50)
(77, 49, 78, 48)
(78, 68, 79, 67)
(79, 23, 80, 22)
(50, 24, 51, 23)
(24, 89, 25, 90)
(71, 88, 72, 89)
(70, 73, 71, 74)
(74, 69, 75, 70)
(18, 75, 19, 76)
(76, 19, 77, 20)
(20, 48, 21, 47)
(66, 21, 67, 22)
(80, 57, 81, 58)
(56, 94, 57, 93)
(92, 52, 93, 51)
(91, 55, 92, 54)
(53, 91, 54, 90)
(52, 55, 53, 56)
(25, 95, 26, 94)
(14, 95, 15, 96)
(86, 15, 87, 16)
(87, 72, 88, 73)
(16, 85, 17, 86)
(84, 17, 85, 18)
(104, 83, 105, 84)
(82, 103, 83, 104)
(26, 82, 27, 81)
(46, 37, 47, 38)
(38, 45, 39, 46)
(44, 59, 45, 60)
(60, 66, 61, 65)
(40, 62, 41, 61)
(39, 59, 40, 58)
(62, 42, 63, 41)
(42, 64, 43, 63)
(64, 44, 65, 43)
(27, 37, 28, 36)
(35, 34, 36, 35)
(32, 30, 33, 29)
(30, 34, 31, 33)
(28, 32, 29, 31)
(102, 107, 103, 108)
(108, 7, 109, 8)
(6, 13, 7, 14)
(98, 6, 99, 5)
(96, 100, 97, 99)
(100, 105, 101, 106)
(106, 101, 107, 102)
(4, 98, 5, 97)
(8, 10, 9, 9)
(1, 10, 2, 11)
(11, 2, 12, 3)
(109, 13, 0, 12)
(3, 0, 4, 1)
