(21, 14, 22, 15)
(15, 22, 16, 23)
(29, 17, 30, 16)
(28, 13, 29, 14)
(20, 28, 21, 27)
(85, 85, 86, 84)
(86, 17, 87, 18)
(87, 8, 88, 9)
(10, 8, 11, 7)
(6, 12, 7, 11)
(12, 6, 13, 5)
(4, 19, 5, 20)
(77, 40, 78, 41)
(24, 40, 25, 39)
(38, 26, 39, 25)
(26, 38, 27, 37)
(36, 24, 37, 23)
(35, 31, 36, 30)
(31, 35, 32, 34)
(43, 32, 44, 33)
(44, 80, 45, 79)
(80, 46, 81, 45)
(46, 82, 47, 81)
(82, 62, 83, 61)
(62, 84, 63, 83)
(55, 50, 56, 51)
(51, 54, 52, 55)
(100, 54, 101, 53)
(101, 96, 102, 97)
(95, 91, 96, 90)
(18, 89, 19, 90)
(9, 88, 10, 89)
(91, 95, 92, 94)
(109, 93, 0, 92)
(1, 109, 2, 108)
(2, 3, 3, 4)
(104, 106, 105, 105)
(41, 78, 42, 79)
(33, 42, 34, 43)
(47, 76, 48, 77)
(56, 76, 57, 75)
(68, 57, 69, 58)
(69, 61, 70, 60)
(65, 70, 66, 71)
(63, 67, 64, 66)
(67, 75, 68, 74)
(58, 73, 59, 74)
(72, 59, 73, 60)
(71, 64, 72, 65)
(97, 48, 98, 49)
(49, 98, 50, 99)
(52, 100, 53, 99)
(107, 102, 108, 103)
(106, 104, 107, 103)
(93, 1, 94, 0)
