(63, 61, 64, 60)
(46, 60, 47, 59)
(58, 48, 59, 47)
(57, 7, 58, 6)
(5, 42, 6, 43)
(43, 64, 44, 65)
(61, 45, 62, 44)
(45, 63, 46, 62)
(65, 28, 66, 29)
(7, 49, 8, 48)
(106, 36, 107, 35)
(94, 107, 95, 108)
(108, 95, 109, 96)
(40, 109, 41, 110)
(56, 41, 57, 42)
(4, 0, 5, 111)
(110, 54, 111, 53)
(52, 30, 53, 29)
(66, 51, 67, 52)
(50, 38, 51, 37)
(36, 50, 37, 49)
(26, 21, 27, 22)
(22, 18, 23, 17)
(13, 18, 14, 19)
(19, 14, 20, 15)
(20, 9, 21, 10)
(27, 9, 28, 8)
(88, 99, 89, 100)
(98, 105, 99, 106)
(97, 34, 98, 35)
(96, 93, 97, 94)
(33, 92, 34, 93)
(32, 70, 33, 69)
(68, 32, 69, 31)
(30, 39, 31, 40)
(67, 38, 68, 39)
(87, 87, 88, 86)
(82, 85, 83, 86)
(81, 71, 82, 70)
(77, 81, 78, 80)
(73, 79, 74, 78)
(83, 85, 84, 84)
(76, 76, 77, 75)
(79, 75, 80, 74)
(72, 71, 73, 72)
(91, 102, 92, 103)
(103, 90, 104, 91)
(100, 89, 101, 90)
(104, 101, 105, 102)
(25, 10, 26, 11)
(16, 11, 17, 12)
(12, 23, 13, 24)
(15, 25, 16, 24)
(54, 3, 55, 4)
(2, 55, 3, 56)
(1, 0, 2, 1)
