(8, 9, 9, 10)
(10, 12, 11, 11)
(77, 12, 78, 13)
(13, 78, 14, 79)
(7, 14, 8, 15)
(15, 6, 16, 7)
(106, 5, 107, 6)
(90, 106, 91, 105)
(104, 92, 105, 91)
(103, 94, 104, 95)
(95, 102, 96, 103)
(84, 30, 85, 29)
(83, 76, 84, 77)
(75, 82, 76, 83)
(81, 74, 82, 75)
(80, 18, 81, 17)
(16, 80, 17, 79)
(111, 19, 0, 18)
(110, 1, 111, 2)
(107, 3, 108, 2)
(3, 24, 4, 25)
(23, 4, 24, 5)
(25, 23, 26, 22)
(73, 27, 74, 26)
(87, 73, 88, 72)
(88, 93, 89, 94)
(92, 89, 93, 90)
(49, 52, 50, 53)
(99, 49, 100, 48)
(100, 41, 101, 42)
(40, 101, 41, 102)
(39, 47, 40, 46)
(45, 70, 46, 71)
(30, 86, 31, 85)
(86, 27, 87, 28)
(31, 28, 32, 29)
(32, 72, 33, 71)
(96, 34, 97, 33)
(98, 63, 99, 64)
(64, 43, 65, 44)
(42, 47, 43, 48)
(68, 66, 69, 65)
(38, 68, 39, 67)
(66, 38, 67, 37)
(36, 69, 37, 70)
(44, 36, 45, 35)
(34, 98, 35, 97)
(62, 59, 63, 60)
(53, 61, 54, 60)
(61, 55, 62, 54)
(50, 56, 51, 55)
(56, 52, 57, 51)
(58, 58, 59, 57)
(108, 22, 109, 21)
(20, 110, 21, 109)
(19, 1, 20, 0)
