(48, 101, 49, 102)
(25, 103, 26, 102)
(51, 25, 52, 24)
(49, 53, 50, 52)
(53, 98, 54, 99)
(64, 98, 65, 97)
(70, 66, 71, 65)
(66, 70, 67, 69)
(58, 68, 59, 67)
(28, 57, 29, 58)
(27, 100, 28, 101)
(26, 47, 27, 48)
(3, 46, 4, 47)
(43, 2, 44, 3)
(42, 12, 43, 11)
(10, 42, 11, 41)
(35, 40, 36, 41)
(34, 104, 35, 103)
(22, 34, 23, 33)
(23, 51, 24, 50)
(107, 33, 108, 32)
(31, 109, 32, 108)
(99, 30, 100, 31)
(56, 29, 57, 30)
(60, 56, 61, 55)
(54, 62, 55, 61)
(91, 62, 92, 63)
(63, 92, 64, 93)
(93, 79, 94, 78)
(96, 79, 97, 80)
(80, 84, 81, 83)
(75, 85, 76, 84)
(87, 75, 88, 74)
(71, 89, 72, 88)
(76, 89, 77, 90)
(90, 77, 91, 78)
(85, 73, 86, 72)
(73, 87, 74, 86)
(94, 82, 95, 81)
(82, 96, 83, 95)
(68, 60, 69, 59)
(109, 6, 110, 7)
(5, 44, 6, 45)
(45, 4, 46, 5)
(110, 2, 111, 1)
(111, 9, 0, 8)
(9, 12, 10, 13)
(18, 13, 19, 14)
(19, 36, 20, 37)
(20, 40, 21, 39)
(104, 22, 105, 21)
(105, 17, 106, 16)
(17, 107, 18, 106)
(15, 39, 16, 38)
(37, 15, 38, 14)
(7, 1, 8, 0)
