(110, 6, 111, 5)
(108, 110, 109, 109)
(107, 6, 108, 7)
(98, 8, 99, 7)
(97, 94, 98, 95)
(14, 95, 15, 96)
(74, 15, 75, 16)
(4, 75, 5, 76)
(1, 76, 2, 77)
(2, 111, 3, 0)
(78, 3, 79, 4)
(84, 80, 85, 79)
(102, 83, 103, 84)
(82, 101, 83, 102)
(100, 81, 101, 82)
(99, 106, 100, 107)
(8, 105, 9, 106)
(104, 9, 105, 10)
(10, 94, 11, 93)
(70, 12, 71, 11)
(12, 70, 13, 69)
(96, 13, 97, 14)
(63, 68, 64, 69)
(62, 73, 63, 74)
(30, 61, 31, 62)
(16, 29, 17, 30)
(28, 33, 29, 34)
(34, 85, 35, 86)
(88, 35, 89, 36)
(89, 93, 90, 92)
(25, 91, 26, 90)
(24, 19, 25, 20)
(43, 20, 44, 21)
(44, 54, 45, 53)
(54, 46, 55, 45)
(49, 47, 50, 46)
(65, 48, 66, 49)
(64, 72, 65, 71)
(67, 72, 68, 73)
(47, 66, 48, 67)
(57, 50, 58, 51)
(41, 59, 42, 58)
(59, 41, 60, 40)
(60, 31, 61, 32)
(17, 33, 18, 32)
(39, 19, 40, 18)
(38, 27, 39, 28)
(86, 37, 87, 38)
(36, 87, 37, 88)
(91, 27, 92, 26)
(23, 42, 24, 43)
(21, 22, 22, 23)
(51, 56, 52, 57)
(55, 52, 56, 53)
(103, 81, 104, 80)
(77, 0, 78, 1)
