(75, 60, 76, 61)
(59, 74, 60, 75)
(61, 58, 62, 59)
(72, 58, 73, 57)
(76, 74, 77, 73)
(77, 55, 78, 54)
(62, 56, 63, 55)
(56, 72, 57, 71)
(70, 67, 71, 68)
(11, 94, 12, 95)
(10, 42, 11, 41)
(42, 49, 43, 50)
(48, 43, 49, 44)
(44, 47, 45, 48)
(46, 53, 47, 54)
(52, 45, 53, 46)
(51, 87, 52, 86)
(90, 85, 91, 86)
(84, 89, 85, 90)
(80, 83, 81, 84)
(64, 79, 65, 80)
(78, 63, 79, 64)
(66, 69, 67, 70)
(68, 65, 69, 66)
(93, 83, 94, 82)
(81, 93, 82, 92)
(88, 91, 89, 92)
(87, 51, 88, 50)
(95, 12, 96, 13)
(107, 108, 108, 109)
(109, 31, 110, 30)
(40, 31, 41, 32)
(32, 39, 33, 40)
(27, 38, 28, 39)
(37, 26, 38, 27)
(36, 4, 37, 3)
(2, 24, 3, 23)
(22, 98, 23, 97)
(96, 22, 97, 21)
(20, 17, 21, 18)
(15, 18, 16, 19)
(16, 13, 17, 14)
(19, 14, 20, 15)
(98, 10, 99, 9)
(106, 102, 107, 101)
(103, 101, 104, 100)
(99, 105, 100, 104)
(102, 106, 103, 105)
(111, 8, 0, 9)
(29, 111, 30, 110)
(28, 34, 29, 33)
(5, 35, 6, 34)
(25, 5, 26, 4)
(24, 35, 25, 36)
(1, 6, 2, 7)
(7, 0, 8, 1)
