(111, 96, 112, 97)
(5, 48, 6, 49)
(4, 40, 5, 39)
(38, 4, 39, 3)
(91, 3, 92, 2)
(113, 93, 0, 92)
(97, 112, 98, 113)
(98, 96, 99, 95)
(108, 99, 109, 100)
(109, 110, 110, 111)
(77, 101, 78, 100)
(101, 77, 102, 76)
(75, 103, 76, 102)
(81, 74, 82, 75)
(73, 80, 74, 81)
(105, 73, 106, 72)
(71, 107, 72, 106)
(23, 71, 24, 70)
(24, 25, 25, 26)
(49, 27, 50, 26)
(27, 6, 28, 7)
(51, 28, 52, 29)
(57, 52, 58, 53)
(53, 58, 54, 59)
(54, 46, 55, 45)
(43, 47, 44, 46)
(47, 43, 48, 42)
(66, 42, 67, 41)
(40, 68, 41, 67)
(37, 68, 38, 69)
(18, 69, 19, 70)
(88, 20, 89, 19)
(20, 88, 21, 87)
(90, 21, 91, 22)
(22, 85, 23, 86)
(84, 107, 85, 108)
(78, 83, 79, 84)
(103, 82, 104, 83)
(79, 104, 80, 105)
(89, 87, 90, 86)
(32, 18, 33, 17)
(30, 34, 31, 33)
(8, 29, 9, 30)
(7, 51, 8, 50)
(34, 9, 35, 10)
(10, 35, 11, 36)
(11, 60, 12, 61)
(59, 56, 60, 57)
(44, 56, 45, 55)
(12, 63, 13, 64)
(62, 13, 63, 14)
(65, 14, 66, 15)
(36, 15, 37, 16)
(16, 32, 17, 31)
(61, 64, 62, 65)
(1, 95, 2, 94)
(93, 1, 94, 0)
