(14, 77, 15, 78)
(13, 74, 14, 75)
(75, 78, 76, 79)
(76, 15, 77, 16)
(91, 16, 92, 17)
(73, 92, 74, 93)
(93, 100, 94, 101)
(99, 94, 100, 95)
(95, 98, 96, 99)
(12, 98, 13, 97)
(96, 12, 97, 11)
(79, 10, 80, 11)
(6, 9, 7, 10)
(2, 5, 3, 6)
(1, 90, 2, 91)
(113, 85, 0, 84)
(81, 112, 82, 113)
(111, 80, 112, 81)
(101, 111, 102, 110)
(105, 103, 106, 102)
(104, 65, 105, 66)
(66, 27, 67, 28)
(21, 27, 22, 26)
(25, 23, 26, 22)
(24, 18, 25, 17)
(18, 24, 19, 23)
(19, 69, 20, 68)
(69, 30, 70, 31)
(29, 70, 30, 71)
(48, 72, 49, 71)
(72, 48, 73, 47)
(61, 47, 62, 46)
(109, 62, 110, 63)
(106, 64, 107, 63)
(64, 103, 65, 104)
(107, 34, 108, 35)
(31, 29, 32, 28)
(42, 46, 43, 45)
(38, 43, 39, 44)
(39, 36, 40, 37)
(35, 108, 36, 109)
(33, 33, 34, 32)
(54, 50, 55, 49)
(59, 51, 60, 50)
(51, 59, 52, 58)
(57, 53, 58, 52)
(53, 57, 54, 56)
(60, 56, 61, 55)
(41, 41, 42, 40)
(44, 37, 45, 38)
(67, 21, 68, 20)
(82, 86, 83, 85)
(7, 87, 8, 86)
(87, 9, 88, 8)
(3, 89, 4, 88)
(89, 5, 90, 4)
(83, 1, 84, 0)
