(98, 6, 99, 5)
(6, 108, 7, 107)
(108, 8, 109, 7)
(31, 9, 32, 8)
(30, 97, 31, 98)
(96, 29, 97, 30)
(50, 50, 51, 49)
(112, 62, 113, 61)
(60, 112, 61, 111)
(105, 111, 106, 110)
(99, 107, 100, 106)
(100, 109, 101, 110)
(54, 102, 55, 101)
(37, 81, 38, 80)
(79, 35, 80, 34)
(76, 33, 77, 34)
(32, 75, 33, 76)
(74, 77, 75, 78)
(78, 73, 79, 74)
(83, 73, 84, 72)
(84, 9, 85, 10)
(28, 85, 29, 86)
(43, 86, 44, 87)
(87, 44, 88, 45)
(89, 88, 90, 89)
(95, 90, 96, 91)
(91, 94, 92, 95)
(46, 94, 47, 93)
(92, 46, 93, 45)
(47, 52, 48, 53)
(48, 52, 49, 51)
(63, 58, 64, 59)
(59, 62, 60, 63)
(104, 58, 105, 57)
(56, 104, 57, 103)
(102, 56, 103, 55)
(81, 37, 82, 36)
(35, 83, 36, 82)
(38, 41, 39, 42)
(40, 19, 41, 20)
(15, 21, 16, 20)
(23, 15, 24, 14)
(13, 25, 14, 24)
(71, 13, 72, 12)
(11, 71, 12, 70)
(69, 11, 70, 10)
(68, 27, 69, 28)
(67, 16, 68, 17)
(17, 66, 18, 67)
(65, 42, 66, 43)
(53, 64, 54, 65)
(18, 39, 19, 40)
(21, 26, 22, 27)
(25, 22, 26, 23)
(113, 2, 0, 3)
(1, 4, 2, 5)
(3, 0, 4, 1)
