(46, 70, 47, 69)
(68, 46, 69, 45)
(44, 39, 45, 40)
(40, 75, 41, 76)
(77, 75, 78, 74)
(37, 79, 38, 78)
(60, 35, 61, 36)
(36, 61, 37, 62)
(62, 54, 63, 53)
(52, 64, 53, 63)
(64, 52, 65, 51)
(65, 54, 66, 55)
(47, 67, 48, 66)
(67, 70, 68, 71)
(38, 71, 39, 72)
(72, 44, 73, 43)
(42, 74, 43, 73)
(76, 41, 77, 42)
(79, 35, 80, 34)
(106, 59, 107, 60)
(58, 105, 59, 106)
(48, 58, 49, 57)
(56, 50, 57, 49)
(50, 56, 51, 55)
(104, 18, 105, 17)
(13, 17, 14, 16)
(113, 15, 0, 14)
(112, 1, 113, 2)
(5, 3, 6, 2)
(4, 102, 5, 101)
(88, 88, 89, 87)
(86, 25, 87, 26)
(26, 83, 27, 84)
(33, 81, 34, 80)
(107, 18, 108, 19)
(103, 108, 104, 109)
(109, 11, 110, 10)
(11, 8, 12, 9)
(7, 12, 8, 13)
(111, 7, 112, 6)
(9, 111, 10, 110)
(102, 4, 103, 3)
(96, 19, 97, 20)
(97, 101, 98, 100)
(21, 98, 22, 99)
(22, 93, 23, 94)
(92, 90, 93, 89)
(91, 24, 92, 25)
(23, 90, 24, 91)
(85, 94, 86, 95)
(95, 84, 96, 85)
(99, 20, 100, 21)
(82, 27, 83, 28)
(28, 81, 29, 82)
(29, 33, 30, 32)
(31, 31, 32, 30)
(15, 1, 16, 0)
