(6, 2, 7, 1)
(5, 16, 6, 17)
(112, 17, 113, 18)
(85, 19, 86, 18)
(109, 85, 110, 84)
(68, 8, 69, 7)
(2, 10, 3, 9)
(10, 4, 11, 3)
(15, 4, 16, 5)
(14, 11, 15, 12)
(51, 13, 52, 12)
(43, 34, 44, 35)
(98, 89, 99, 90)
(90, 102, 91, 101)
(102, 92, 103, 91)
(95, 92, 96, 93)
(105, 96, 106, 97)
(21, 107, 22, 106)
(107, 21, 108, 20)
(19, 109, 20, 108)
(22, 111, 23, 112)
(83, 111, 84, 110)
(82, 66, 83, 65)
(64, 70, 65, 69)
(60, 64, 61, 63)
(61, 76, 62, 77)
(78, 76, 79, 75)
(79, 73, 80, 72)
(73, 81, 74, 80)
(81, 58, 82, 59)
(57, 66, 58, 67)
(8, 68, 9, 67)
(13, 53, 14, 52)
(50, 53, 51, 54)
(25, 54, 26, 55)
(33, 26, 34, 27)
(35, 42, 36, 43)
(48, 56, 49, 55)
(56, 23, 57, 24)
(24, 50, 25, 49)
(32, 48, 33, 47)
(37, 46, 38, 47)
(27, 36, 28, 37)
(28, 45, 29, 46)
(44, 41, 45, 42)
(31, 41, 32, 40)
(39, 31, 40, 30)
(29, 39, 30, 38)
(70, 60, 71, 59)
(71, 75, 72, 74)
(77, 62, 78, 63)
(86, 88, 87, 87)
(88, 99, 89, 100)
(97, 100, 98, 101)
(93, 105, 94, 104)
(103, 95, 104, 94)
(113, 1, 0, 0)
