(59, 61, 60, 60)
(64, 35, 65, 36)
(36, 65, 37, 66)
(32, 38, 33, 37)
(38, 32, 39, 31)
(42, 40, 43, 39)
(61, 63, 62, 62)
(34, 63, 35, 64)
(66, 33, 67, 34)
(92, 68, 93, 67)
(30, 92, 31, 91)
(90, 54, 91, 53)
(52, 57, 53, 58)
(45, 59, 46, 58)
(44, 42, 45, 41)
(40, 44, 41, 43)
(51, 47, 52, 46)
(50, 94, 51, 93)
(49, 104, 50, 105)
(105, 4, 106, 5)
(3, 106, 4, 107)
(107, 68, 108, 69)
(69, 108, 70, 109)
(71, 70, 72, 71)
(21, 72, 22, 73)
(22, 30, 23, 29)
(76, 23, 77, 24)
(77, 81, 78, 80)
(81, 54, 82, 55)
(89, 82, 90, 83)
(83, 88, 84, 89)
(100, 88, 101, 87)
(101, 57, 102, 56)
(102, 95, 103, 96)
(94, 48, 95, 47)
(103, 48, 104, 49)
(55, 97, 56, 96)
(86, 98, 87, 97)
(98, 86, 99, 85)
(84, 100, 85, 99)
(1, 78, 2, 79)
(5, 3, 6, 2)
(17, 6, 18, 7)
(18, 109, 19, 110)
(110, 19, 111, 20)
(20, 111, 21, 112)
(7, 112, 8, 113)
(15, 9, 16, 8)
(73, 14, 74, 15)
(13, 10, 14, 11)
(26, 12, 27, 11)
(28, 26, 29, 25)
(24, 75, 25, 76)
(9, 74, 10, 75)
(12, 28, 13, 27)
(113, 16, 0, 17)
(79, 0, 80, 1)
