(11, 13, 12, 12)
(114, 103, 115, 104)
(2, 0, 3, 115)
(1, 107, 2, 106)
(108, 106, 109, 105)
(112, 110, 113, 109)
(88, 112, 89, 111)
(110, 88, 111, 87)
(13, 23, 14, 22)
(23, 24, 24, 25)
(101, 8, 102, 9)
(7, 102, 8, 103)
(113, 7, 114, 6)
(5, 4, 6, 5)
(3, 105, 4, 104)
(14, 83, 15, 84)
(82, 30, 83, 29)
(28, 74, 29, 73)
(72, 26, 73, 25)
(78, 72, 79, 71)
(68, 79, 69, 80)
(84, 21, 85, 22)
(86, 86, 87, 85)
(10, 97, 11, 98)
(98, 95, 99, 96)
(89, 94, 90, 95)
(93, 90, 94, 91)
(92, 99, 93, 100)
(100, 91, 101, 92)
(96, 9, 97, 10)
(20, 66, 21, 65)
(64, 58, 65, 57)
(56, 43, 57, 44)
(44, 41, 45, 42)
(47, 40, 48, 41)
(46, 38, 47, 37)
(51, 37, 52, 36)
(52, 15, 53, 16)
(16, 53, 17, 54)
(17, 60, 18, 61)
(30, 59, 31, 60)
(19, 59, 20, 58)
(31, 19, 32, 18)
(63, 32, 64, 33)
(33, 62, 34, 63)
(61, 34, 62, 35)
(54, 35, 55, 36)
(42, 55, 43, 56)
(45, 50, 46, 51)
(49, 38, 50, 39)
(39, 48, 40, 49)
(81, 66, 82, 67)
(67, 71, 68, 70)
(80, 69, 81, 70)
(77, 75, 78, 74)
(27, 77, 28, 76)
(75, 27, 76, 26)
(107, 1, 108, 0)
