(54, 54, 55, 53)
(55, 83, 56, 82)
(77, 74, 78, 75)
(61, 79, 62, 78)
(60, 58, 61, 57)
(81, 57, 82, 56)
(80, 60, 81, 59)
(58, 80, 59, 79)
(62, 76, 63, 75)
(76, 64, 77, 63)
(64, 49, 65, 50)
(84, 84, 85, 83)
(85, 86, 86, 87)
(51, 52, 52, 53)
(72, 70, 73, 69)
(73, 66, 74, 67)
(50, 65, 51, 66)
(70, 68, 71, 67)
(68, 72, 69, 71)
(44, 36, 45, 35)
(40, 46, 41, 45)
(46, 40, 47, 39)
(38, 48, 39, 47)
(48, 38, 49, 37)
(87, 36, 88, 37)
(95, 95, 96, 94)
(31, 96, 32, 97)
(32, 44, 33, 43)
(42, 34, 43, 33)
(34, 42, 35, 41)
(14, 26, 15, 25)
(13, 103, 14, 102)
(101, 89, 102, 88)
(89, 101, 90, 100)
(99, 91, 100, 90)
(10, 91, 11, 92)
(92, 11, 93, 12)
(93, 99, 94, 98)
(97, 30, 98, 31)
(17, 25, 18, 24)
(15, 19, 16, 18)
(19, 26, 20, 27)
(20, 111, 21, 112)
(107, 111, 108, 110)
(7, 108, 8, 109)
(8, 103, 9, 104)
(9, 13, 10, 12)
(115, 105, 0, 104)
(1, 115, 2, 114)
(2, 30, 3, 29)
(28, 4, 29, 3)
(22, 28, 23, 27)
(23, 17, 24, 16)
(112, 21, 113, 22)
(4, 113, 5, 114)
(5, 107, 6, 106)
(109, 6, 110, 7)
(105, 1, 106, 0)
