(50, 18, 51, 17)
(18, 50, 19, 49)
(44, 19, 45, 20)
(20, 45, 21, 46)
(22, 26, 23, 25)
(21, 28, 22, 29)
(33, 5, 34, 4)
(34, 2, 35, 1)
(2, 36, 3, 35)
(36, 57, 37, 58)
(56, 53, 57, 54)
(54, 51, 55, 52)
(43, 39, 44, 38)
(37, 47, 38, 46)
(40, 47, 41, 48)
(48, 41, 49, 42)
(52, 55, 53, 56)
(39, 43, 40, 42)
(24, 28, 25, 27)
(26, 24, 27, 23)
(115, 59, 0, 58)
(109, 114, 110, 115)
(108, 68, 109, 67)
(66, 108, 67, 107)
(31, 106, 32, 107)
(30, 71, 31, 72)
(72, 29, 73, 30)
(73, 17, 74, 16)
(76, 10, 77, 9)
(10, 81, 11, 82)
(5, 80, 6, 81)
(12, 80, 13, 79)
(13, 105, 14, 104)
(70, 106, 71, 105)
(69, 32, 70, 33)
(65, 68, 66, 69)
(59, 64, 60, 65)
(63, 111, 64, 110)
(111, 63, 112, 62)
(61, 113, 62, 112)
(113, 61, 114, 60)
(103, 15, 104, 14)
(15, 103, 16, 102)
(101, 88, 102, 89)
(92, 90, 93, 89)
(74, 91, 75, 92)
(90, 75, 91, 76)
(93, 100, 94, 101)
(99, 94, 100, 95)
(95, 98, 96, 99)
(86, 98, 87, 97)
(84, 88, 85, 87)
(83, 79, 84, 78)
(8, 78, 9, 77)
(82, 7, 83, 8)
(6, 12, 7, 11)
(96, 86, 97, 85)
(3, 0, 4, 1)
