(5, 107, 6, 106)
(6, 15, 7, 16)
(107, 14, 108, 15)
(13, 108, 14, 109)
(30, 110, 31, 109)
(29, 4, 30, 5)
(28, 44, 29, 43)
(25, 17, 26, 16)
(17, 25, 18, 24)
(23, 19, 24, 18)
(7, 22, 8, 23)
(21, 8, 22, 9)
(9, 20, 10, 21)
(19, 10, 20, 11)
(32, 12, 33, 11)
(12, 32, 13, 31)
(33, 40, 34, 41)
(35, 110, 36, 111)
(36, 113, 37, 114)
(3, 113, 4, 112)
(26, 41, 27, 42)
(44, 28, 45, 27)
(45, 83, 46, 82)
(83, 47, 84, 46)
(86, 47, 87, 48)
(87, 94, 88, 95)
(92, 94, 93, 93)
(104, 105, 105, 106)
(103, 43, 104, 42)
(77, 103, 78, 102)
(78, 82, 79, 81)
(56, 80, 57, 79)
(70, 56, 71, 55)
(84, 72, 85, 71)
(72, 86, 73, 85)
(73, 48, 74, 49)
(99, 75, 100, 74)
(95, 98, 96, 99)
(97, 90, 98, 91)
(91, 88, 92, 89)
(89, 96, 90, 97)
(75, 101, 76, 100)
(101, 77, 102, 76)
(60, 49, 61, 50)
(61, 58, 62, 59)
(80, 58, 81, 57)
(69, 62, 70, 63)
(63, 55, 64, 54)
(53, 65, 54, 64)
(52, 68, 53, 67)
(66, 52, 67, 51)
(50, 59, 51, 60)
(68, 66, 69, 65)
(39, 34, 40, 35)
(38, 112, 39, 111)
(114, 37, 115, 38)
(115, 3, 0, 2)
(1, 1, 2, 0)
