(10, 67, 11, 68)
(35, 42, 36, 43)
(41, 34, 42, 35)
(33, 40, 34, 41)
(45, 33, 46, 32)
(17, 47, 18, 46)
(16, 51, 17, 52)
(52, 15, 53, 16)
(102, 80, 103, 79)
(80, 102, 81, 101)
(100, 82, 101, 81)
(66, 109, 67, 110)
(110, 6, 111, 5)
(68, 9, 69, 10)
(8, 69, 9, 70)
(70, 11, 71, 12)
(71, 15, 72, 14)
(13, 73, 14, 72)
(73, 13, 74, 12)
(29, 74, 30, 75)
(21, 31, 22, 30)
(20, 44, 21, 43)
(38, 38, 39, 37)
(36, 40, 37, 39)
(44, 20, 45, 19)
(31, 19, 32, 18)
(47, 23, 48, 22)
(26, 24, 27, 23)
(25, 50, 26, 51)
(49, 24, 50, 25)
(27, 49, 28, 48)
(75, 28, 76, 29)
(76, 58, 77, 57)
(53, 59, 54, 58)
(78, 59, 79, 60)
(103, 63, 104, 62)
(82, 64, 83, 63)
(64, 86, 65, 85)
(107, 86, 108, 87)
(108, 100, 109, 99)
(98, 87, 99, 88)
(106, 65, 107, 66)
(105, 85, 106, 84)
(83, 105, 84, 104)
(92, 93, 93, 94)
(94, 91, 95, 92)
(90, 97, 91, 98)
(96, 89, 97, 90)
(88, 95, 89, 96)
(56, 62, 57, 61)
(60, 56, 61, 55)
(77, 54, 78, 55)
(7, 4, 8, 5)
(6, 112, 7, 111)
(1, 113, 2, 112)
(113, 3, 114, 2)
(3, 115, 4, 114)
(115, 1, 0, 0)
