(11, 23, 12, 22)
(7, 10, 8, 11)
(6, 1, 7, 2)
(2, 5, 3, 6)
(117, 4, 0, 5)
(113, 116, 114, 117)
(111, 113, 112, 112)
(15, 27, 16, 26)
(19, 15, 20, 14)
(13, 21, 14, 20)
(21, 13, 22, 12)
(31, 8, 32, 9)
(9, 32, 10, 33)
(86, 33, 87, 34)
(34, 87, 35, 88)
(35, 109, 36, 108)
(109, 114, 110, 115)
(115, 110, 116, 111)
(107, 37, 108, 36)
(37, 107, 38, 106)
(105, 39, 106, 38)
(57, 104, 58, 105)
(103, 56, 104, 57)
(102, 67, 103, 68)
(93, 68, 94, 69)
(94, 96, 95, 95)
(98, 71, 99, 72)
(70, 99, 71, 100)
(100, 91, 101, 92)
(85, 91, 86, 90)
(89, 41, 90, 40)
(39, 89, 40, 88)
(84, 42, 85, 41)
(44, 84, 45, 83)
(52, 45, 53, 46)
(58, 54, 59, 53)
(49, 55, 50, 54)
(55, 49, 56, 48)
(60, 48, 61, 47)
(78, 62, 79, 61)
(66, 78, 67, 77)
(101, 77, 102, 76)
(92, 76, 93, 75)
(74, 70, 75, 69)
(96, 73, 97, 74)
(72, 97, 73, 98)
(62, 66, 63, 65)
(63, 81, 64, 80)
(42, 82, 43, 81)
(82, 44, 83, 43)
(79, 65, 80, 64)
(46, 51, 47, 52)
(59, 50, 60, 51)
(25, 24, 26, 25)
(30, 23, 31, 24)
(29, 19, 30, 18)
(17, 29, 18, 28)
(27, 17, 28, 16)
(3, 0, 4, 1)
