(111, 9, 112, 8)
(24, 9, 25, 10)
(25, 40, 26, 41)
(66, 40, 67, 39)
(38, 68, 39, 67)
(37, 32, 38, 33)
(62, 33, 63, 34)
(63, 60, 64, 61)
(16, 60, 17, 59)
(20, 17, 21, 18)
(21, 111, 22, 110)
(109, 23, 110, 22)
(108, 103, 109, 104)
(97, 105, 98, 104)
(5, 2, 6, 3)
(113, 6, 114, 7)
(7, 114, 8, 115)
(112, 116, 113, 115)
(1, 116, 2, 117)
(23, 97, 24, 96)
(95, 93, 96, 92)
(50, 91, 51, 92)
(49, 11, 50, 10)
(45, 48, 46, 49)
(44, 30, 45, 29)
(28, 42, 29, 41)
(42, 28, 43, 27)
(26, 44, 27, 43)
(30, 66, 31, 65)
(68, 32, 69, 31)
(36, 69, 37, 70)
(70, 35, 71, 36)
(34, 61, 35, 62)
(71, 64, 72, 65)
(72, 16, 73, 15)
(73, 12, 74, 13)
(11, 78, 12, 79)
(90, 80, 91, 79)
(89, 85, 90, 84)
(83, 56, 84, 57)
(18, 57, 19, 58)
(58, 19, 59, 20)
(82, 54, 83, 53)
(93, 52, 94, 53)
(51, 94, 52, 95)
(86, 81, 87, 82)
(80, 85, 81, 86)
(54, 87, 55, 88)
(88, 55, 89, 56)
(77, 47, 78, 46)
(47, 77, 48, 76)
(75, 14, 76, 15)
(13, 74, 14, 75)
(99, 103, 100, 102)
(107, 100, 108, 101)
(101, 106, 102, 107)
(105, 99, 106, 98)
(117, 5, 0, 4)
(3, 1, 4, 0)
