(56, 15, 57, 16)
(57, 55, 58, 54)
(14, 55, 15, 56)
(13, 63, 14, 62)
(16, 61, 17, 62)
(60, 92, 61, 91)
(90, 60, 91, 59)
(53, 59, 54, 58)
(52, 65, 53, 66)
(66, 63, 67, 64)
(67, 48, 68, 49)
(47, 39, 48, 38)
(12, 38, 13, 37)
(36, 12, 37, 11)
(10, 18, 11, 17)
(9, 96, 10, 97)
(97, 92, 98, 93)
(98, 90, 99, 89)
(50, 99, 51, 100)
(64, 51, 65, 52)
(100, 49, 101, 50)
(101, 6, 102, 7)
(5, 71, 6, 70)
(44, 70, 45, 69)
(68, 46, 69, 45)
(39, 47, 40, 46)
(117, 41, 0, 40)
(3, 117, 4, 116)
(115, 5, 116, 4)
(27, 114, 28, 115)
(26, 78, 27, 77)
(76, 26, 77, 25)
(24, 76, 25, 75)
(19, 74, 20, 75)
(18, 35, 19, 36)
(34, 74, 35, 73)
(103, 72, 104, 73)
(85, 103, 86, 102)
(86, 96, 87, 95)
(87, 9, 88, 8)
(93, 89, 94, 88)
(7, 95, 8, 94)
(71, 84, 72, 85)
(29, 28, 30, 29)
(30, 79, 31, 80)
(78, 113, 79, 114)
(21, 113, 22, 112)
(111, 23, 112, 22)
(23, 111, 24, 110)
(20, 109, 21, 110)
(108, 105, 109, 106)
(33, 106, 34, 107)
(107, 32, 108, 33)
(31, 105, 32, 104)
(80, 84, 81, 83)
(81, 82, 82, 83)
(43, 3, 44, 2)
(1, 43, 2, 42)
(41, 1, 42, 0)
