(112, 26, 113, 25)
(24, 12, 25, 11)
(21, 10, 22, 11)
(17, 21, 18, 20)
(18, 107, 19, 108)
(4, 1, 5, 2)
(26, 6, 27, 5)
(6, 28, 7, 27)
(111, 8, 112, 9)
(14, 10, 15, 9)
(22, 14, 23, 13)
(12, 24, 13, 23)
(15, 110, 16, 111)
(109, 16, 110, 17)
(108, 19, 109, 20)
(104, 72, 105, 71)
(70, 106, 71, 105)
(106, 70, 107, 69)
(65, 69, 66, 68)
(28, 8, 29, 7)
(52, 30, 53, 29)
(51, 76, 52, 77)
(77, 50, 78, 51)
(74, 49, 75, 50)
(73, 34, 74, 35)
(35, 72, 36, 73)
(47, 37, 48, 36)
(103, 47, 104, 46)
(45, 38, 46, 39)
(39, 65, 40, 64)
(40, 43, 41, 44)
(42, 67, 43, 68)
(66, 41, 67, 42)
(44, 63, 45, 64)
(62, 102, 63, 101)
(100, 54, 101, 53)
(99, 91, 100, 90)
(89, 31, 90, 30)
(83, 89, 84, 88)
(87, 85, 88, 84)
(79, 86, 80, 87)
(75, 79, 76, 78)
(85, 80, 86, 81)
(81, 33, 82, 32)
(48, 33, 49, 34)
(31, 83, 32, 82)
(98, 93, 99, 94)
(94, 97, 95, 98)
(59, 97, 60, 96)
(55, 61, 56, 60)
(61, 55, 62, 54)
(91, 57, 92, 56)
(57, 93, 58, 92)
(95, 59, 96, 58)
(37, 103, 38, 102)
(3, 3, 4, 2)
(115, 116, 116, 117)
(117, 115, 0, 114)
(113, 1, 114, 0)
