(115, 117, 116, 116)
(117, 96, 118, 97)
(97, 118, 98, 119)
(113, 2, 114, 3)
(95, 114, 96, 115)
(119, 98, 0, 99)
(1, 111, 2, 110)
(112, 110, 113, 109)
(108, 88, 109, 87)
(86, 92, 87, 91)
(90, 86, 91, 85)
(93, 85, 94, 84)
(3, 95, 4, 94)
(33, 5, 34, 4)
(102, 102, 103, 101)
(100, 104, 101, 103)
(99, 18, 100, 19)
(105, 13, 106, 12)
(13, 107, 14, 106)
(88, 108, 89, 107)
(89, 92, 90, 93)
(11, 15, 12, 14)
(15, 11, 16, 10)
(9, 17, 10, 16)
(8, 53, 9, 54)
(54, 7, 55, 8)
(6, 55, 7, 56)
(56, 84, 57, 83)
(57, 38, 58, 39)
(34, 37, 35, 38)
(67, 37, 68, 36)
(79, 69, 80, 68)
(43, 79, 44, 78)
(44, 5, 45, 6)
(32, 50, 33, 49)
(48, 32, 49, 31)
(30, 25, 31, 26)
(29, 27, 30, 26)
(28, 27, 29, 28)
(19, 23, 20, 22)
(104, 18, 105, 17)
(23, 21, 24, 20)
(21, 25, 22, 24)
(50, 48, 51, 47)
(46, 52, 47, 51)
(52, 46, 53, 45)
(77, 43, 78, 42)
(41, 77, 42, 76)
(75, 41, 76, 40)
(39, 82, 40, 83)
(81, 59, 82, 58)
(80, 65, 81, 66)
(35, 67, 36, 66)
(59, 65, 60, 64)
(60, 69, 61, 70)
(74, 61, 75, 62)
(62, 72, 63, 71)
(72, 64, 73, 63)
(70, 74, 71, 73)
(111, 1, 112, 0)
