(113, 100, 114, 101)
(96, 100, 97, 99)
(111, 98, 112, 99)
(97, 110, 98, 111)
(104, 102, 105, 101)
(103, 102, 104, 103)
(118, 108, 119, 107)
(92, 118, 93, 117)
(114, 94, 115, 93)
(94, 116, 95, 115)
(116, 96, 117, 95)
(108, 92, 109, 91)
(112, 110, 113, 109)
(1, 91, 2, 90)
(87, 3, 88, 2)
(86, 30, 87, 29)
(75, 29, 76, 28)
(10, 106, 11, 105)
(106, 10, 107, 9)
(5, 8, 6, 9)
(4, 13, 5, 14)
(14, 3, 15, 4)
(55, 44, 56, 45)
(45, 50, 46, 51)
(38, 49, 39, 50)
(66, 38, 67, 37)
(67, 30, 68, 31)
(63, 69, 64, 68)
(70, 74, 71, 73)
(74, 86, 75, 85)
(79, 84, 80, 85)
(76, 77, 77, 78)
(26, 23, 27, 24)
(17, 24, 18, 25)
(18, 15, 19, 16)
(72, 19, 73, 20)
(20, 71, 21, 72)
(21, 80, 22, 81)
(81, 22, 82, 23)
(27, 79, 28, 78)
(83, 83, 84, 82)
(25, 16, 26, 17)
(69, 63, 70, 62)
(61, 57, 62, 56)
(60, 53, 61, 54)
(43, 54, 44, 55)
(42, 60, 43, 59)
(58, 42, 59, 41)
(51, 40, 52, 41)
(39, 47, 40, 46)
(47, 49, 48, 48)
(34, 33, 35, 34)
(65, 33, 66, 32)
(36, 32, 37, 31)
(35, 65, 36, 64)
(52, 57, 53, 58)
(12, 8, 13, 7)
(6, 12, 7, 11)
(119, 89, 0, 88)
(89, 1, 90, 0)
