(26, 28, 27, 27)
(35, 65, 36, 64)
(65, 45, 66, 44)
(30, 45, 31, 46)
(28, 32, 29, 31)
(34, 60, 35, 59)
(58, 63, 59, 64)
(57, 109, 58, 108)
(107, 82, 108, 83)
(36, 84, 37, 83)
(43, 84, 44, 85)
(85, 42, 86, 43)
(92, 42, 93, 41)
(50, 94, 51, 93)
(66, 49, 67, 50)
(47, 48, 48, 49)
(46, 29, 47, 30)
(22, 67, 23, 68)
(62, 24, 63, 23)
(24, 62, 25, 61)
(25, 32, 26, 33)
(60, 34, 61, 33)
(7, 69, 8, 68)
(11, 7, 12, 6)
(5, 13, 6, 12)
(4, 18, 5, 17)
(16, 4, 17, 3)
(113, 2, 114, 3)
(119, 112, 0, 113)
(118, 110, 119, 109)
(54, 117, 55, 118)
(53, 56, 54, 57)
(52, 81, 53, 82)
(51, 98, 52, 99)
(40, 100, 41, 99)
(106, 40, 107, 39)
(38, 106, 39, 105)
(104, 38, 105, 37)
(103, 87, 104, 86)
(102, 91, 103, 92)
(101, 88, 102, 89)
(89, 100, 90, 101)
(87, 91, 88, 90)
(80, 97, 81, 98)
(94, 79, 95, 80)
(78, 21, 79, 22)
(77, 71, 78, 70)
(69, 9, 70, 8)
(9, 76, 10, 77)
(75, 10, 76, 11)
(74, 14, 75, 13)
(18, 73, 19, 74)
(15, 20, 16, 21)
(71, 14, 72, 15)
(72, 19, 73, 20)
(114, 96, 115, 95)
(96, 116, 97, 115)
(116, 55, 117, 56)
(1, 110, 2, 111)
(111, 0, 112, 1)
