(89, 85, 90, 84)
(86, 83, 87, 84)
(85, 91, 86, 90)
(9, 78, 10, 79)
(88, 79, 89, 80)
(80, 87, 81, 88)
(76, 82, 77, 81)
(82, 76, 83, 75)
(74, 94, 75, 93)
(101, 92, 102, 93)
(91, 100, 92, 101)
(99, 11, 100, 10)
(7, 7, 8, 6)
(77, 8, 78, 9)
(115, 99, 116, 98)
(97, 115, 98, 114)
(94, 113, 95, 114)
(112, 73, 113, 74)
(111, 109, 112, 108)
(107, 13, 108, 12)
(102, 11, 103, 12)
(103, 104, 104, 105)
(69, 72, 70, 73)
(67, 69, 68, 68)
(15, 18, 16, 19)
(109, 14, 110, 15)
(13, 110, 14, 111)
(17, 106, 18, 107)
(105, 16, 106, 17)
(70, 32, 71, 31)
(32, 72, 33, 71)
(66, 33, 67, 34)
(19, 58, 20, 59)
(57, 52, 58, 53)
(56, 54, 57, 53)
(55, 54, 56, 55)
(95, 96, 96, 97)
(51, 47, 52, 46)
(45, 24, 46, 25)
(25, 31, 26, 30)
(36, 63, 37, 64)
(65, 64, 66, 65)
(35, 34, 36, 35)
(20, 50, 21, 49)
(47, 51, 48, 50)
(48, 22, 49, 21)
(43, 22, 44, 23)
(23, 44, 24, 45)
(42, 29, 43, 30)
(28, 41, 29, 42)
(40, 27, 41, 28)
(26, 39, 27, 40)
(37, 60, 38, 61)
(62, 60, 63, 59)
(61, 38, 62, 39)
(5, 116, 6, 117)
(1, 2, 2, 3)
(3, 119, 4, 118)
(119, 5, 0, 4)
(117, 1, 118, 0)
