(26, 9, 27, 10)
(87, 10, 88, 11)
(5, 88, 6, 89)
(27, 7, 28, 6)
(7, 31, 8, 30)
(31, 9, 32, 8)
(107, 33, 108, 32)
(106, 25, 107, 26)
(86, 106, 87, 105)
(11, 104, 12, 105)
(112, 103, 113, 104)
(118, 111, 119, 112)
(110, 117, 111, 118)
(4, 110, 5, 109)
(108, 92, 109, 91)
(29, 90, 30, 91)
(89, 28, 90, 29)
(92, 101, 93, 102)
(100, 93, 101, 94)
(51, 95, 52, 94)
(35, 50, 36, 51)
(49, 34, 50, 35)
(33, 48, 34, 49)
(47, 96, 48, 97)
(76, 97, 77, 98)
(18, 77, 19, 78)
(78, 19, 79, 20)
(79, 25, 80, 24)
(23, 81, 24, 80)
(83, 22, 84, 23)
(82, 85, 83, 86)
(81, 21, 82, 20)
(21, 84, 22, 85)
(98, 18, 99, 17)
(12, 100, 13, 99)
(16, 14, 17, 13)
(74, 15, 75, 16)
(44, 73, 45, 74)
(52, 43, 53, 44)
(42, 53, 43, 54)
(54, 41, 55, 42)
(40, 55, 41, 56)
(37, 57, 38, 56)
(95, 36, 96, 37)
(64, 58, 65, 57)
(63, 46, 64, 47)
(45, 62, 46, 63)
(61, 69, 62, 68)
(67, 72, 68, 73)
(66, 39, 67, 40)
(38, 65, 39, 66)
(71, 59, 72, 58)
(59, 71, 60, 70)
(69, 61, 70, 60)
(14, 75, 15, 76)
(102, 113, 103, 114)
(1, 114, 2, 115)
(119, 3, 0, 2)
(3, 117, 4, 116)
(115, 0, 116, 1)
