(72, 113, 73, 114)
(112, 109, 113, 110)
(115, 111, 116, 110)
(114, 71, 115, 72)
(9, 70, 10, 71)
(73, 8, 74, 9)
(106, 8, 107, 7)
(118, 108, 119, 107)
(108, 118, 109, 117)
(111, 117, 112, 116)
(10, 120, 11, 119)
(1, 120, 2, 121)
(2, 14, 3, 13)
(41, 14, 42, 15)
(15, 42, 16, 43)
(16, 66, 17, 65)
(66, 70, 67, 69)
(67, 18, 68, 19)
(17, 20, 18, 21)
(56, 22, 57, 21)
(55, 24, 56, 25)
(25, 31, 26, 30)
(31, 76, 32, 77)
(75, 32, 76, 33)
(33, 74, 34, 75)
(34, 88, 35, 87)
(88, 100, 89, 99)
(100, 40, 101, 39)
(40, 102, 41, 101)
(102, 4, 103, 3)
(4, 106, 5, 105)
(104, 6, 105, 5)
(6, 104, 7, 103)
(89, 39, 90, 38)
(90, 52, 91, 51)
(52, 28, 53, 27)
(45, 29, 46, 28)
(44, 61, 45, 62)
(62, 43, 63, 44)
(60, 64, 61, 63)
(64, 60, 65, 59)
(58, 24, 59, 23)
(22, 58, 23, 57)
(29, 55, 30, 54)
(53, 46, 54, 47)
(47, 26, 48, 27)
(85, 48, 86, 49)
(77, 87, 78, 86)
(97, 78, 98, 79)
(35, 99, 36, 98)
(37, 36, 38, 37)
(50, 79, 51, 80)
(80, 95, 81, 96)
(94, 81, 95, 82)
(82, 91, 83, 92)
(92, 83, 93, 84)
(84, 93, 85, 94)
(49, 97, 50, 96)
(19, 68, 20, 69)
(121, 13, 0, 12)
(11, 1, 12, 0)
