(119, 118, 120, 119)
(72, 14, 73, 13)
(8, 73, 9, 74)
(74, 9, 75, 10)
(75, 2, 76, 3)
(1, 116, 2, 117)
(120, 118, 121, 117)
(121, 114, 0, 115)
(113, 106, 114, 107)
(14, 37, 15, 38)
(36, 69, 37, 70)
(5, 70, 6, 71)
(71, 6, 72, 7)
(12, 7, 13, 8)
(11, 5, 12, 4)
(3, 11, 4, 10)
(16, 36, 17, 35)
(34, 18, 35, 17)
(18, 34, 19, 33)
(32, 20, 33, 19)
(30, 22, 31, 21)
(22, 30, 23, 29)
(23, 103, 24, 102)
(76, 104, 77, 103)
(110, 111, 111, 112)
(105, 112, 106, 113)
(15, 69, 16, 68)
(20, 32, 21, 31)
(99, 29, 100, 28)
(27, 101, 28, 100)
(101, 27, 102, 26)
(25, 79, 26, 78)
(77, 25, 78, 24)
(79, 85, 80, 84)
(88, 86, 89, 85)
(98, 88, 99, 87)
(42, 47, 43, 48)
(38, 41, 39, 42)
(40, 59, 41, 60)
(60, 56, 61, 55)
(56, 66, 57, 65)
(48, 43, 49, 44)
(46, 49, 47, 50)
(57, 50, 58, 51)
(58, 39, 59, 40)
(64, 52, 65, 51)
(63, 54, 64, 55)
(53, 62, 54, 63)
(61, 52, 62, 53)
(44, 46, 45, 45)
(67, 66, 68, 67)
(86, 98, 87, 97)
(83, 97, 84, 96)
(95, 91, 96, 90)
(80, 89, 81, 90)
(81, 93, 82, 92)
(93, 83, 94, 82)
(91, 95, 92, 94)
(104, 110, 105, 109)
(107, 109, 108, 108)
(115, 0, 116, 1)
