(92, 96, 93, 95)
(60, 92, 61, 91)
(68, 62, 69, 61)
(62, 70, 63, 69)
(70, 68, 71, 67)
(93, 118, 94, 119)
(117, 97, 118, 96)
(97, 117, 98, 116)
(59, 98, 60, 99)
(99, 58, 100, 59)
(57, 43, 58, 42)
(41, 86, 42, 87)
(87, 40, 88, 41)
(39, 88, 40, 89)
(89, 36, 90, 37)
(35, 90, 36, 91)
(32, 6, 33, 5)
(63, 4, 64, 5)
(66, 4, 67, 3)
(121, 2, 0, 3)
(120, 72, 121, 71)
(119, 94, 120, 95)
(23, 72, 24, 73)
(11, 25, 12, 24)
(7, 31, 8, 30)
(79, 7, 80, 6)
(101, 81, 102, 80)
(100, 115, 101, 116)
(51, 114, 52, 115)
(50, 55, 51, 56)
(43, 57, 44, 56)
(49, 45, 50, 44)
(45, 49, 46, 48)
(37, 84, 38, 85)
(85, 38, 86, 39)
(106, 111, 107, 112)
(110, 105, 111, 106)
(34, 110, 35, 109)
(108, 34, 109, 33)
(107, 105, 108, 104)
(103, 83, 104, 82)
(81, 103, 82, 102)
(83, 113, 84, 112)
(113, 52, 114, 53)
(46, 53, 47, 54)
(54, 47, 55, 48)
(78, 31, 79, 32)
(22, 78, 23, 77)
(76, 17, 77, 18)
(18, 73, 19, 74)
(19, 12, 20, 13)
(20, 16, 21, 15)
(16, 22, 17, 21)
(75, 15, 76, 14)
(13, 75, 14, 74)
(27, 8, 28, 9)
(28, 25, 29, 26)
(29, 11, 30, 10)
(9, 26, 10, 27)
(1, 65, 2, 64)
(65, 1, 66, 0)
