(55, 92, 56, 93)
(99, 54, 100, 55)
(98, 7, 99, 8)
(8, 93, 9, 94)
(9, 30, 10, 31)
(29, 59, 30, 58)
(57, 71, 58, 70)
(69, 57, 70, 56)
(101, 68, 102, 69)
(100, 91, 101, 92)
(103, 91, 104, 90)
(73, 104, 74, 105)
(74, 38, 75, 37)
(38, 2, 39, 1)
(45, 2, 46, 3)
(3, 46, 4, 47)
(4, 54, 5, 53)
(52, 6, 53, 5)
(6, 52, 7, 51)
(97, 51, 98, 50)
(49, 95, 50, 94)
(95, 49, 96, 48)
(47, 97, 48, 96)
(44, 39, 45, 40)
(121, 41, 0, 40)
(41, 121, 42, 120)
(119, 43, 120, 42)
(113, 118, 114, 119)
(117, 112, 118, 113)
(111, 116, 112, 117)
(110, 32, 111, 31)
(109, 23, 110, 22)
(21, 11, 22, 10)
(20, 14, 21, 13)
(12, 15, 13, 16)
(25, 16, 26, 17)
(26, 79, 27, 80)
(78, 27, 79, 28)
(59, 29, 60, 28)
(71, 61, 72, 60)
(84, 62, 85, 61)
(62, 84, 63, 83)
(63, 87, 64, 86)
(87, 65, 88, 64)
(65, 89, 66, 88)
(89, 67, 90, 66)
(67, 102, 68, 103)
(85, 83, 86, 82)
(72, 82, 73, 81)
(77, 80, 78, 81)
(76, 106, 77, 105)
(36, 76, 37, 75)
(114, 35, 115, 36)
(34, 115, 35, 116)
(33, 106, 34, 107)
(107, 32, 108, 33)
(23, 109, 24, 108)
(17, 24, 18, 25)
(18, 11, 19, 12)
(14, 20, 15, 19)
(43, 1, 44, 0)
