(41, 7, 42, 6)
(102, 6, 103, 5)
(106, 104, 107, 103)
(48, 105, 49, 106)
(42, 47, 43, 48)
(7, 46, 8, 47)
(45, 8, 46, 9)
(64, 9, 65, 10)
(40, 65, 41, 66)
(101, 66, 102, 67)
(67, 88, 68, 89)
(87, 61, 88, 60)
(59, 4, 60, 5)
(113, 58, 114, 59)
(109, 112, 110, 113)
(108, 117, 109, 118)
(118, 107, 119, 108)
(116, 120, 117, 119)
(56, 115, 57, 116)
(50, 55, 51, 56)
(104, 49, 105, 50)
(43, 54, 44, 55)
(53, 44, 54, 45)
(52, 63, 53, 64)
(62, 51, 63, 52)
(61, 87, 62, 86)
(68, 86, 69, 85)
(10, 70, 11, 69)
(37, 70, 38, 71)
(38, 31, 39, 32)
(30, 39, 31, 40)
(72, 30, 73, 29)
(73, 97, 74, 96)
(97, 75, 98, 74)
(75, 99, 76, 98)
(90, 100, 91, 99)
(100, 90, 101, 89)
(84, 91, 85, 92)
(92, 83, 93, 84)
(82, 16, 83, 15)
(14, 12, 15, 11)
(13, 35, 14, 34)
(36, 34, 37, 33)
(32, 72, 33, 71)
(35, 13, 36, 12)
(81, 24, 82, 25)
(25, 29, 26, 28)
(26, 96, 27, 95)
(94, 28, 95, 27)
(93, 77, 94, 76)
(20, 77, 21, 78)
(16, 22, 17, 21)
(22, 18, 23, 17)
(18, 24, 19, 23)
(78, 19, 79, 20)
(80, 79, 81, 80)
(3, 115, 4, 114)
(2, 57, 3, 58)
(1, 120, 2, 121)
(121, 110, 0, 111)
(111, 0, 112, 1)
