(94, 122, 95, 121)
(122, 96, 123, 95)
(96, 119, 97, 120)
(43, 119, 44, 118)
(29, 45, 30, 44)
(25, 28, 26, 29)
(3, 24, 4, 25)
(120, 0, 121, 123)
(90, 21, 91, 22)
(22, 89, 23, 90)
(88, 85, 89, 86)
(86, 79, 87, 80)
(78, 76, 79, 75)
(74, 100, 75, 99)
(98, 74, 99, 73)
(72, 98, 73, 97)
(42, 72, 43, 71)
(67, 71, 68, 70)
(113, 68, 114, 69)
(114, 118, 115, 117)
(30, 116, 31, 115)
(116, 32, 117, 31)
(47, 33, 48, 32)
(77, 46, 78, 47)
(45, 76, 46, 77)
(36, 34, 37, 33)
(54, 36, 55, 35)
(100, 56, 101, 55)
(41, 56, 42, 57)
(104, 57, 105, 58)
(62, 106, 63, 105)
(66, 62, 67, 61)
(109, 61, 110, 60)
(59, 111, 60, 110)
(111, 59, 112, 58)
(69, 112, 70, 113)
(108, 64, 109, 63)
(64, 108, 65, 107)
(106, 66, 107, 65)
(50, 103, 51, 104)
(49, 39, 50, 38)
(37, 49, 38, 48)
(39, 53, 40, 52)
(34, 54, 35, 53)
(101, 41, 102, 40)
(102, 51, 103, 52)
(80, 87, 81, 88)
(14, 81, 15, 82)
(18, 16, 19, 15)
(26, 17, 27, 18)
(16, 27, 17, 28)
(19, 4, 20, 5)
(20, 24, 21, 23)
(5, 10, 6, 11)
(9, 84, 10, 85)
(13, 9, 14, 8)
(7, 83, 8, 82)
(11, 6, 12, 7)
(12, 84, 13, 83)
(91, 3, 92, 2)
(1, 93, 2, 92)
(93, 1, 94, 0)
