(43, 111, 44, 110)
(111, 45, 112, 44)
(45, 95, 46, 94)
(42, 95, 43, 96)
(37, 97, 38, 96)
(33, 37, 34, 36)
(34, 25, 35, 26)
(115, 24, 116, 25)
(109, 115, 110, 114)
(113, 88, 114, 89)
(89, 112, 90, 113)
(90, 50, 91, 49)
(50, 92, 51, 91)
(92, 52, 93, 51)
(52, 94, 53, 93)
(48, 54, 49, 53)
(54, 48, 55, 47)
(46, 56, 47, 55)
(103, 57, 104, 56)
(59, 103, 60, 102)
(99, 61, 100, 60)
(98, 27, 99, 28)
(28, 42, 29, 41)
(40, 30, 41, 29)
(30, 40, 31, 39)
(38, 32, 39, 31)
(32, 97, 33, 98)
(26, 35, 27, 36)
(61, 116, 62, 117)
(62, 24, 63, 23)
(22, 64, 23, 63)
(21, 77, 22, 76)
(86, 76, 87, 75)
(108, 87, 109, 88)
(100, 108, 101, 107)
(106, 102, 107, 101)
(105, 104, 106, 105)
(57, 58, 58, 59)
(83, 74, 84, 75)
(69, 82, 70, 83)
(5, 68, 6, 69)
(4, 119, 5, 120)
(117, 121, 118, 120)
(121, 66, 122, 67)
(78, 66, 79, 65)
(64, 80, 65, 79)
(80, 77, 81, 78)
(16, 81, 17, 82)
(20, 17, 21, 18)
(71, 18, 72, 19)
(85, 72, 86, 73)
(73, 84, 74, 85)
(19, 70, 20, 71)
(10, 16, 11, 15)
(11, 6, 12, 7)
(12, 2, 13, 1)
(2, 68, 3, 67)
(118, 3, 119, 4)
(122, 14, 123, 13)
(14, 10, 15, 9)
(123, 9, 0, 8)
(7, 1, 8, 0)
