(57, 88, 58, 89)
(48, 89, 49, 90)
(64, 50, 65, 49)
(98, 64, 99, 63)
(58, 100, 59, 99)
(100, 88, 101, 87)
(44, 41, 45, 42)
(74, 46, 75, 45)
(73, 56, 74, 57)
(47, 73, 48, 72)
(94, 71, 95, 72)
(70, 93, 71, 94)
(69, 91, 70, 90)
(65, 68, 66, 69)
(92, 68, 93, 67)
(66, 92, 67, 91)
(50, 96, 51, 95)
(96, 62, 97, 61)
(62, 98, 63, 97)
(60, 51, 61, 52)
(52, 59, 53, 60)
(53, 87, 54, 86)
(85, 55, 86, 54)
(84, 81, 85, 82)
(82, 83, 83, 84)
(43, 77, 44, 76)
(75, 43, 76, 42)
(55, 46, 56, 47)
(77, 81, 78, 80)
(78, 79, 79, 80)
(101, 40, 102, 41)
(36, 17, 37, 18)
(33, 18, 34, 19)
(19, 34, 20, 35)
(20, 111, 21, 112)
(102, 22, 103, 21)
(22, 106, 23, 105)
(39, 106, 40, 107)
(110, 107, 111, 108)
(37, 109, 38, 108)
(109, 39, 110, 38)
(16, 23, 17, 24)
(24, 8, 25, 7)
(8, 32, 9, 31)
(32, 36, 33, 35)
(9, 112, 10, 113)
(10, 13, 11, 14)
(12, 104, 13, 103)
(104, 12, 105, 11)
(5, 14, 6, 15)
(15, 6, 16, 7)
(25, 27, 26, 26)
(114, 28, 115, 27)
(113, 30, 114, 31)
(118, 30, 119, 29)
(119, 5, 120, 4)
(1, 120, 2, 121)
(121, 2, 122, 3)
(115, 123, 116, 122)
(123, 117, 0, 116)
(28, 118, 29, 117)
(3, 0, 4, 1)
