(66, 78, 67, 77)
(67, 64, 68, 65)
(63, 121, 64, 120)
(119, 79, 120, 78)
(114, 75, 115, 76)
(76, 66, 77, 65)
(6, 113, 7, 114)
(72, 5, 73, 6)
(71, 69, 72, 68)
(1, 71, 2, 70)
(2, 123, 3, 0)
(59, 123, 60, 122)
(121, 61, 122, 60)
(58, 62, 59, 61)
(62, 58, 63, 57)
(56, 54, 57, 53)
(25, 53, 26, 52)
(79, 27, 80, 26)
(27, 85, 28, 84)
(85, 93, 86, 92)
(93, 87, 94, 86)
(96, 87, 97, 88)
(46, 97, 47, 98)
(104, 47, 105, 48)
(48, 105, 49, 106)
(108, 49, 109, 50)
(50, 109, 51, 110)
(110, 51, 111, 52)
(111, 22, 112, 23)
(21, 118, 22, 119)
(13, 21, 14, 20)
(14, 18, 15, 17)
(115, 12, 116, 13)
(11, 116, 12, 117)
(8, 10, 9, 9)
(7, 74, 8, 75)
(73, 112, 74, 113)
(117, 10, 118, 11)
(18, 16, 19, 15)
(16, 20, 17, 19)
(55, 54, 56, 55)
(23, 24, 24, 25)
(3, 5, 4, 4)
(102, 107, 103, 108)
(80, 101, 81, 102)
(43, 100, 44, 101)
(42, 83, 43, 84)
(28, 41, 29, 42)
(40, 29, 41, 30)
(30, 39, 31, 40)
(35, 38, 36, 39)
(34, 91, 35, 92)
(90, 33, 91, 34)
(94, 89, 95, 90)
(88, 95, 89, 96)
(37, 32, 38, 33)
(31, 36, 32, 37)
(82, 100, 83, 99)
(98, 45, 99, 46)
(81, 44, 82, 45)
(106, 103, 107, 104)
(69, 1, 70, 0)
