(55, 22, 56, 23)
(23, 56, 24, 57)
(19, 25, 20, 24)
(25, 19, 26, 18)
(21, 26, 22, 27)
(70, 27, 71, 28)
(66, 71, 67, 72)
(72, 67, 73, 68)
(64, 74, 65, 73)
(106, 63, 107, 64)
(105, 60, 106, 61)
(58, 62, 59, 61)
(54, 58, 55, 57)
(53, 80, 54, 81)
(16, 81, 17, 82)
(17, 20, 18, 21)
(82, 15, 83, 16)
(14, 83, 15, 84)
(30, 76, 31, 75)
(74, 30, 75, 29)
(28, 69, 29, 70)
(65, 69, 66, 68)
(107, 77, 108, 76)
(77, 51, 78, 50)
(51, 103, 52, 102)
(103, 63, 104, 62)
(59, 104, 60, 105)
(79, 52, 80, 53)
(101, 78, 102, 79)
(49, 100, 50, 101)
(48, 13, 49, 14)
(98, 47, 99, 48)
(8, 97, 9, 98)
(94, 7, 95, 8)
(93, 37, 94, 36)
(88, 36, 89, 35)
(34, 90, 35, 89)
(33, 85, 34, 84)
(31, 32, 32, 33)
(99, 12, 100, 13)
(46, 12, 47, 11)
(10, 9, 11, 10)
(96, 40, 97, 39)
(38, 96, 39, 95)
(37, 6, 38, 7)
(122, 5, 123, 6)
(85, 93, 86, 92)
(91, 87, 92, 86)
(87, 91, 88, 90)
(120, 121, 121, 122)
(108, 46, 109, 45)
(44, 110, 45, 109)
(110, 44, 111, 43)
(40, 112, 41, 111)
(112, 115, 113, 116)
(123, 3, 0, 2)
(3, 5, 4, 4)
(114, 117, 115, 118)
(118, 42, 119, 41)
(42, 120, 43, 119)
(116, 113, 117, 114)
(1, 0, 2, 1)
