(9, 24, 10, 25)
(65, 8, 66, 9)
(25, 64, 26, 65)
(63, 57, 64, 56)
(55, 115, 56, 114)
(113, 11, 114, 10)
(112, 68, 113, 67)
(15, 67, 16, 66)
(18, 18, 19, 17)
(16, 20, 17, 19)
(20, 23, 21, 24)
(22, 21, 23, 22)
(14, 112, 15, 111)
(7, 111, 8, 110)
(109, 7, 110, 6)
(5, 27, 6, 26)
(27, 5, 28, 4)
(95, 29, 96, 28)
(79, 94, 80, 95)
(78, 91, 79, 92)
(92, 77, 93, 78)
(76, 43, 77, 44)
(73, 45, 74, 44)
(47, 73, 48, 72)
(59, 49, 60, 48)
(61, 59, 62, 58)
(57, 63, 58, 62)
(49, 61, 50, 60)
(115, 51, 116, 50)
(51, 55, 52, 54)
(11, 53, 12, 52)
(53, 13, 54, 12)
(13, 68, 14, 69)
(108, 69, 109, 70)
(3, 70, 4, 71)
(104, 72, 105, 71)
(103, 33, 104, 32)
(31, 98, 32, 99)
(99, 96, 100, 97)
(29, 101, 30, 100)
(80, 102, 81, 101)
(102, 82, 103, 81)
(33, 82, 34, 83)
(85, 34, 86, 35)
(86, 90, 87, 89)
(93, 90, 94, 91)
(87, 41, 88, 40)
(41, 38, 42, 39)
(37, 42, 38, 43)
(36, 75, 37, 76)
(74, 35, 75, 36)
(39, 89, 40, 88)
(84, 46, 85, 45)
(46, 84, 47, 83)
(97, 30, 98, 31)
(2, 106, 3, 105)
(1, 119, 2, 118)
(117, 120, 118, 121)
(121, 116, 122, 117)
(122, 108, 123, 107)
(106, 0, 107, 123)
(119, 1, 120, 0)
