(78, 120, 79, 119)
(79, 76, 80, 77)
(68, 76, 69, 75)
(74, 70, 75, 69)
(73, 122, 74, 123)
(123, 120, 124, 121)
(22, 118, 23, 117)
(118, 78, 119, 77)
(44, 23, 45, 24)
(60, 46, 61, 45)
(62, 60, 63, 59)
(63, 82, 64, 83)
(92, 81, 93, 82)
(80, 91, 81, 92)
(90, 65, 91, 66)
(66, 53, 67, 54)
(52, 67, 53, 68)
(56, 52, 57, 51)
(96, 57, 97, 58)
(97, 117, 98, 116)
(33, 98, 34, 99)
(99, 34, 100, 35)
(41, 100, 42, 101)
(42, 25, 43, 26)
(24, 43, 25, 44)
(26, 102, 27, 101)
(102, 37, 103, 38)
(29, 37, 30, 36)
(111, 31, 112, 30)
(115, 111, 116, 110)
(109, 32, 110, 33)
(113, 108, 114, 109)
(107, 112, 108, 113)
(35, 106, 36, 107)
(105, 40, 106, 41)
(104, 28, 105, 27)
(38, 103, 39, 104)
(39, 29, 40, 28)
(114, 31, 115, 32)
(58, 47, 59, 48)
(46, 62, 47, 61)
(95, 49, 96, 48)
(94, 84, 95, 83)
(93, 65, 94, 64)
(49, 84, 50, 85)
(85, 50, 86, 51)
(86, 90, 87, 89)
(54, 88, 55, 87)
(88, 56, 89, 55)
(121, 72, 122, 73)
(21, 124, 22, 125)
(2, 0, 3, 125)
(1, 71, 2, 70)
(3, 21, 4, 20)
(4, 12, 5, 11)
(12, 17, 13, 18)
(16, 13, 17, 14)
(7, 15, 8, 14)
(6, 19, 7, 20)
(10, 6, 11, 5)
(18, 9, 19, 10)
(15, 9, 16, 8)
(71, 1, 72, 0)
