(69, 59, 70, 58)
(68, 61, 69, 62)
(62, 67, 63, 68)
(66, 63, 67, 64)
(64, 59, 65, 60)
(60, 65, 61, 66)
(57, 71, 58, 70)
(71, 57, 72, 56)
(45, 73, 46, 72)
(73, 45, 74, 44)
(74, 50, 75, 49)
(50, 76, 51, 75)
(90, 51, 91, 52)
(52, 91, 53, 92)
(76, 54, 77, 53)
(54, 55, 55, 56)
(77, 93, 78, 92)
(16, 94, 17, 93)
(15, 96, 16, 97)
(46, 44, 47, 43)
(80, 48, 81, 47)
(48, 80, 49, 79)
(89, 79, 90, 78)
(88, 87, 89, 88)
(81, 87, 82, 86)
(3, 82, 4, 83)
(4, 27, 5, 28)
(26, 5, 27, 6)
(6, 11, 7, 12)
(10, 7, 11, 8)
(21, 8, 22, 9)
(19, 23, 20, 22)
(18, 96, 19, 95)
(94, 18, 95, 17)
(23, 13, 24, 12)
(13, 25, 14, 24)
(25, 15, 26, 14)
(9, 20, 10, 21)
(83, 28, 84, 29)
(84, 42, 85, 41)
(97, 43, 98, 42)
(98, 86, 99, 85)
(118, 99, 119, 100)
(113, 2, 114, 3)
(112, 101, 113, 102)
(102, 29, 103, 30)
(103, 107, 104, 106)
(40, 107, 41, 108)
(108, 38, 109, 37)
(38, 110, 39, 109)
(33, 110, 34, 111)
(111, 34, 112, 35)
(32, 36, 33, 35)
(31, 104, 32, 105)
(105, 30, 106, 31)
(39, 36, 40, 37)
(100, 117, 101, 118)
(116, 120, 117, 119)
(124, 115, 125, 116)
(114, 123, 115, 124)
(122, 122, 123, 121)
(120, 125, 121, 0)
(1, 0, 2, 1)
