(51, 49, 52, 48)
(50, 37, 51, 38)
(33, 39, 34, 38)
(113, 33, 114, 32)
(29, 115, 30, 114)
(115, 29, 116, 28)
(116, 21, 117, 22)
(20, 117, 21, 118)
(13, 119, 14, 118)
(81, 12, 82, 13)
(43, 61, 44, 60)
(44, 48, 45, 47)
(45, 56, 46, 57)
(55, 53, 56, 52)
(54, 35, 55, 36)
(36, 49, 37, 50)
(34, 53, 35, 54)
(57, 46, 58, 47)
(41, 59, 42, 58)
(111, 41, 112, 40)
(39, 113, 40, 112)
(107, 111, 108, 110)
(15, 109, 16, 108)
(14, 17, 15, 18)
(18, 25, 19, 26)
(31, 25, 32, 24)
(23, 31, 24, 30)
(22, 27, 23, 28)
(26, 19, 27, 20)
(109, 17, 110, 16)
(125, 82, 0, 83)
(11, 3, 12, 2)
(1, 11, 2, 10)
(120, 9, 121, 10)
(119, 86, 120, 87)
(87, 102, 88, 103)
(64, 101, 65, 102)
(63, 80, 64, 81)
(62, 72, 63, 71)
(70, 62, 71, 61)
(69, 77, 70, 76)
(59, 43, 60, 42)
(75, 69, 76, 68)
(67, 106, 68, 107)
(66, 104, 67, 103)
(88, 65, 89, 66)
(93, 98, 94, 99)
(99, 92, 100, 93)
(91, 100, 92, 101)
(78, 79, 79, 80)
(72, 77, 73, 78)
(73, 105, 74, 104)
(105, 75, 106, 74)
(89, 94, 90, 95)
(90, 98, 91, 97)
(96, 95, 97, 96)
(85, 9, 86, 8)
(7, 85, 8, 84)
(83, 124, 84, 125)
(123, 7, 124, 6)
(5, 123, 6, 122)
(121, 5, 122, 4)
(3, 1, 4, 0)
