(77, 96, 78, 97)
(97, 76, 98, 77)
(75, 79, 76, 78)
(82, 80, 83, 79)
(81, 88, 82, 89)
(89, 51, 90, 50)
(51, 91, 52, 90)
(118, 92, 119, 91)
(64, 118, 65, 117)
(70, 65, 71, 66)
(71, 110, 72, 111)
(109, 105, 110, 104)
(100, 103, 101, 104)
(99, 74, 100, 75)
(95, 99, 96, 98)
(111, 95, 112, 94)
(93, 113, 94, 112)
(113, 117, 114, 116)
(114, 67, 115, 68)
(66, 69, 67, 70)
(68, 115, 69, 116)
(106, 73, 107, 74)
(72, 105, 73, 106)
(102, 108, 103, 107)
(108, 102, 109, 101)
(63, 92, 64, 93)
(84, 86, 85, 85)
(83, 86, 84, 87)
(87, 80, 88, 81)
(49, 63, 50, 62)
(61, 45, 62, 44)
(43, 2, 44, 3)
(3, 33, 4, 32)
(11, 53, 12, 52)
(53, 11, 54, 10)
(123, 55, 124, 54)
(122, 60, 123, 59)
(58, 47, 59, 48)
(48, 119, 49, 120)
(45, 121, 46, 120)
(56, 122, 57, 121)
(55, 60, 56, 61)
(46, 57, 47, 58)
(124, 2, 125, 1)
(125, 8, 0, 9)
(6, 7, 7, 8)
(42, 6, 43, 5)
(31, 5, 32, 4)
(30, 42, 31, 41)
(33, 40, 34, 41)
(36, 38, 37, 37)
(35, 38, 36, 39)
(34, 40, 35, 39)
(29, 23, 30, 22)
(18, 16, 19, 15)
(19, 12, 20, 13)
(13, 20, 14, 21)
(21, 14, 22, 15)
(26, 23, 27, 24)
(27, 29, 28, 28)
(24, 26, 25, 25)
(16, 18, 17, 17)
(9, 0, 10, 1)
