(124, 94, 125, 93)
(2, 0, 3, 125)
(1, 51, 2, 50)
(52, 50, 53, 49)
(53, 94, 54, 95)
(54, 111, 55, 112)
(110, 117, 111, 118)
(118, 122, 119, 121)
(122, 46, 123, 45)
(46, 124, 47, 123)
(92, 47, 93, 48)
(3, 49, 4, 48)
(4, 69, 5, 70)
(68, 71, 69, 72)
(63, 72, 64, 73)
(73, 64, 74, 65)
(65, 74, 66, 75)
(75, 66, 76, 67)
(57, 77, 58, 76)
(95, 56, 96, 57)
(112, 55, 113, 56)
(116, 113, 117, 114)
(114, 26, 115, 25)
(26, 21, 27, 22)
(20, 27, 21, 28)
(28, 35, 29, 36)
(31, 35, 32, 34)
(109, 42, 110, 43)
(43, 121, 44, 120)
(119, 45, 120, 44)
(17, 109, 18, 108)
(13, 19, 14, 18)
(9, 13, 10, 12)
(91, 10, 92, 11)
(11, 90, 12, 91)
(89, 9, 90, 8)
(7, 61, 8, 60)
(59, 7, 60, 6)
(70, 5, 71, 6)
(58, 61, 59, 62)
(62, 68, 63, 67)
(101, 89, 102, 88)
(77, 103, 78, 102)
(84, 104, 85, 103)
(83, 99, 84, 98)
(22, 98, 23, 97)
(96, 24, 97, 23)
(24, 116, 25, 115)
(82, 105, 83, 106)
(106, 20, 107, 19)
(107, 15, 108, 14)
(40, 16, 41, 15)
(39, 32, 40, 33)
(33, 38, 34, 39)
(30, 37, 31, 38)
(36, 29, 37, 30)
(16, 42, 17, 41)
(100, 82, 101, 81)
(80, 85, 81, 86)
(86, 79, 87, 80)
(78, 87, 79, 88)
(99, 105, 100, 104)
(51, 1, 52, 0)
