(57, 11, 58, 10)
(56, 101, 57, 102)
(102, 70, 103, 69)
(70, 104, 71, 103)
(23, 104, 24, 105)
(24, 13, 25, 14)
(12, 9, 13, 10)
(11, 59, 12, 58)
(100, 59, 101, 60)
(60, 56, 61, 55)
(61, 69, 62, 68)
(62, 36, 63, 35)
(36, 64, 37, 63)
(64, 33, 65, 34)
(73, 32, 74, 33)
(72, 21, 73, 22)
(22, 71, 23, 72)
(27, 20, 28, 21)
(105, 26, 106, 27)
(14, 25, 15, 26)
(15, 107, 16, 106)
(107, 9, 108, 8)
(108, 119, 109, 120)
(51, 119, 52, 118)
(93, 52, 94, 53)
(94, 100, 95, 99)
(54, 95, 55, 96)
(96, 82, 97, 81)
(67, 82, 68, 83)
(83, 66, 84, 67)
(38, 65, 39, 66)
(37, 34, 38, 35)
(39, 76, 40, 77)
(75, 40, 76, 41)
(41, 74, 42, 75)
(42, 32, 43, 31)
(30, 44, 31, 43)
(112, 29, 113, 30)
(28, 111, 29, 112)
(110, 5, 111, 6)
(6, 17, 7, 18)
(19, 17, 20, 16)
(18, 7, 19, 8)
(120, 109, 121, 110)
(2, 122, 3, 121)
(122, 2, 123, 1)
(88, 123, 89, 124)
(89, 47, 90, 46)
(47, 117, 48, 116)
(117, 51, 118, 50)
(92, 50, 93, 49)
(48, 92, 49, 91)
(90, 116, 91, 115)
(45, 114, 46, 115)
(44, 86, 45, 85)
(84, 77, 85, 78)
(97, 78, 98, 79)
(98, 53, 99, 54)
(80, 80, 81, 79)
(86, 113, 87, 114)
(124, 87, 125, 88)
(125, 5, 0, 4)
(3, 1, 4, 0)
