(93, 90, 94, 91)
(10, 91, 11, 92)
(84, 11, 85, 12)
(88, 85, 89, 86)
(89, 94, 90, 95)
(95, 87, 96, 86)
(87, 97, 88, 96)
(2, 98, 3, 97)
(126, 2, 127, 1)
(127, 102, 0, 103)
(101, 104, 102, 105)
(105, 112, 106, 113)
(108, 112, 109, 111)
(109, 19, 110, 18)
(16, 20, 17, 19)
(15, 8, 16, 9)
(92, 9, 93, 10)
(63, 14, 64, 15)
(39, 63, 40, 62)
(40, 76, 41, 75)
(76, 54, 77, 53)
(54, 84, 55, 83)
(58, 55, 59, 56)
(30, 60, 31, 59)
(29, 13, 30, 12)
(28, 4, 29, 3)
(27, 114, 28, 115)
(115, 98, 116, 99)
(116, 126, 117, 125)
(122, 117, 123, 118)
(118, 123, 119, 124)
(119, 101, 120, 100)
(99, 121, 100, 120)
(124, 121, 125, 122)
(113, 26, 114, 27)
(4, 26, 5, 25)
(24, 6, 25, 5)
(6, 24, 7, 23)
(22, 8, 23, 7)
(21, 107, 22, 106)
(107, 21, 108, 20)
(13, 64, 14, 65)
(65, 61, 66, 60)
(61, 39, 62, 38)
(74, 38, 75, 37)
(36, 48, 37, 47)
(41, 46, 42, 47)
(34, 45, 35, 46)
(33, 50, 34, 51)
(78, 52, 79, 51)
(52, 78, 53, 77)
(82, 79, 83, 80)
(57, 80, 58, 81)
(81, 56, 82, 57)
(32, 69, 33, 70)
(70, 31, 71, 32)
(71, 66, 72, 67)
(67, 72, 68, 73)
(73, 68, 74, 69)
(49, 45, 50, 44)
(43, 49, 44, 48)
(42, 35, 43, 36)
(17, 111, 18, 110)
(103, 0, 104, 1)
