(74, 17, 75, 18)
(25, 18, 26, 19)
(23, 27, 24, 26)
(27, 23, 28, 22)
(28, 92, 29, 91)
(125, 93, 126, 92)
(93, 125, 94, 124)
(75, 95, 76, 94)
(95, 17, 96, 16)
(96, 74, 97, 73)
(97, 20, 98, 21)
(19, 24, 20, 25)
(21, 98, 22, 99)
(99, 117, 100, 116)
(117, 91, 118, 90)
(33, 119, 34, 118)
(29, 32, 30, 33)
(126, 31, 127, 32)
(30, 127, 31, 0)
(1, 122, 2, 123)
(121, 2, 122, 3)
(3, 76, 4, 77)
(9, 5, 10, 4)
(15, 9, 16, 8)
(7, 72, 8, 73)
(69, 6, 70, 7)
(68, 87, 69, 88)
(115, 88, 116, 89)
(89, 100, 90, 101)
(101, 105, 102, 104)
(48, 105, 49, 106)
(49, 34, 50, 35)
(59, 51, 60, 50)
(58, 120, 59, 119)
(120, 58, 121, 57)
(56, 78, 57, 77)
(55, 38, 56, 39)
(42, 40, 43, 39)
(41, 85, 42, 84)
(86, 84, 87, 83)
(82, 66, 83, 65)
(64, 67, 65, 68)
(114, 64, 115, 63)
(62, 45, 63, 46)
(46, 109, 47, 110)
(103, 109, 104, 108)
(107, 103, 108, 102)
(106, 47, 107, 48)
(61, 111, 62, 110)
(35, 60, 36, 61)
(36, 51, 37, 52)
(78, 38, 79, 37)
(54, 79, 55, 80)
(80, 43, 81, 44)
(66, 82, 67, 81)
(113, 44, 114, 45)
(112, 54, 113, 53)
(52, 112, 53, 111)
(85, 41, 86, 40)
(5, 11, 6, 10)
(14, 71, 15, 72)
(70, 13, 71, 14)
(12, 11, 13, 12)
(123, 0, 124, 1)
