(21, 124, 22, 125)
(125, 20, 126, 21)
(2, 20, 3, 19)
(52, 47, 53, 48)
(126, 5, 127, 6)
(4, 1, 5, 2)
(18, 4, 19, 3)
(120, 15, 121, 16)
(22, 119, 23, 120)
(83, 119, 84, 118)
(117, 85, 118, 84)
(116, 80, 117, 79)
(55, 76, 56, 77)
(54, 69, 55, 70)
(70, 53, 71, 54)
(46, 71, 47, 72)
(48, 51, 49, 52)
(50, 42, 51, 41)
(40, 14, 41, 13)
(12, 123, 13, 124)
(6, 8, 7, 7)
(8, 11, 9, 12)
(121, 123, 122, 122)
(10, 9, 11, 10)
(14, 40, 15, 39)
(33, 38, 34, 39)
(23, 32, 24, 33)
(31, 100, 32, 101)
(82, 101, 83, 102)
(102, 81, 103, 82)
(80, 86, 81, 85)
(86, 63, 87, 64)
(65, 63, 66, 62)
(61, 67, 62, 66)
(58, 115, 59, 116)
(57, 78, 58, 79)
(77, 56, 78, 57)
(114, 75, 115, 76)
(113, 68, 114, 69)
(45, 113, 46, 112)
(111, 73, 112, 72)
(43, 110, 44, 111)
(42, 50, 43, 49)
(109, 35, 110, 34)
(35, 109, 36, 108)
(93, 36, 94, 37)
(37, 94, 38, 95)
(106, 96, 107, 95)
(24, 105, 25, 106)
(104, 29, 105, 30)
(99, 30, 100, 31)
(98, 104, 99, 103)
(88, 97, 89, 98)
(64, 87, 65, 88)
(91, 97, 92, 96)
(107, 92, 108, 93)
(27, 91, 28, 90)
(28, 25, 29, 26)
(89, 27, 90, 26)
(73, 44, 74, 45)
(74, 67, 75, 68)
(59, 61, 60, 60)
(127, 17, 0, 16)
(17, 1, 18, 0)
