(113, 126, 114, 127)
(127, 4, 0, 5)
(111, 115, 112, 114)
(110, 8, 111, 7)
(6, 125, 7, 126)
(112, 6, 113, 5)
(67, 125, 68, 124)
(117, 68, 118, 69)
(118, 115, 119, 116)
(8, 74, 9, 73)
(74, 77, 75, 78)
(109, 77, 110, 76)
(75, 109, 76, 108)
(107, 66, 108, 67)
(105, 107, 106, 106)
(123, 73, 124, 72)
(71, 120, 72, 121)
(121, 70, 122, 71)
(69, 116, 70, 117)
(119, 123, 120, 122)
(21, 104, 22, 105)
(20, 10, 21, 9)
(10, 20, 11, 19)
(11, 16, 12, 17)
(15, 12, 16, 13)
(13, 101, 14, 100)
(78, 102, 79, 101)
(102, 66, 103, 65)
(103, 22, 104, 23)
(23, 19, 24, 18)
(17, 25, 18, 24)
(98, 25, 99, 26)
(99, 15, 100, 14)
(26, 97, 27, 98)
(96, 59, 97, 60)
(33, 61, 34, 60)
(35, 33, 36, 32)
(41, 37, 42, 36)
(79, 40, 80, 41)
(84, 40, 85, 39)
(64, 85, 65, 86)
(86, 27, 87, 28)
(87, 91, 88, 90)
(50, 91, 51, 92)
(94, 51, 95, 52)
(58, 95, 59, 96)
(57, 52, 58, 53)
(53, 56, 54, 57)
(55, 93, 56, 92)
(93, 55, 94, 54)
(88, 50, 89, 49)
(48, 90, 49, 89)
(62, 47, 63, 48)
(61, 35, 62, 34)
(46, 44, 47, 43)
(42, 31, 43, 32)
(45, 30, 46, 31)
(29, 44, 30, 45)
(63, 29, 64, 28)
(38, 81, 39, 82)
(82, 37, 83, 38)
(80, 84, 81, 83)
(1, 2, 2, 3)
(3, 0, 4, 1)
