(8, 101, 9, 102)
(7, 5, 8, 4)
(3, 13, 4, 12)
(22, 12, 23, 11)
(116, 23, 117, 24)
(126, 9, 127, 10)
(127, 18, 0, 19)
(94, 18, 95, 17)
(14, 96, 15, 95)
(98, 14, 99, 13)
(99, 6, 100, 7)
(5, 100, 6, 101)
(16, 98, 17, 97)
(96, 16, 97, 15)
(93, 20, 94, 21)
(21, 3, 22, 2)
(92, 1, 93, 2)
(10, 92, 11, 91)
(90, 107, 91, 108)
(108, 27, 109, 28)
(113, 26, 114, 27)
(112, 115, 113, 116)
(111, 25, 112, 24)
(109, 111, 110, 110)
(85, 121, 86, 120)
(121, 102, 122, 103)
(103, 122, 104, 123)
(104, 126, 105, 125)
(124, 106, 125, 105)
(106, 124, 107, 123)
(86, 90, 87, 89)
(30, 87, 31, 88)
(28, 32, 29, 31)
(33, 84, 34, 85)
(32, 119, 33, 120)
(77, 119, 78, 118)
(117, 79, 118, 78)
(81, 34, 82, 35)
(82, 76, 83, 75)
(76, 84, 77, 83)
(67, 75, 68, 74)
(59, 68, 60, 69)
(60, 79, 61, 80)
(80, 61, 81, 62)
(35, 67, 36, 66)
(36, 64, 37, 63)
(64, 38, 65, 37)
(38, 70, 39, 69)
(70, 40, 71, 39)
(40, 52, 41, 51)
(52, 74, 53, 73)
(53, 44, 54, 45)
(43, 58, 44, 59)
(42, 49, 43, 50)
(50, 71, 51, 72)
(72, 41, 73, 42)
(48, 56, 49, 55)
(45, 54, 46, 55)
(46, 58, 47, 57)
(56, 48, 57, 47)
(65, 62, 66, 63)
(88, 29, 89, 30)
(25, 114, 26, 115)
(19, 0, 20, 1)
