(87, 96, 88, 97)
(118, 98, 119, 97)
(117, 110, 118, 111)
(111, 11, 112, 10)
(11, 67, 12, 66)
(92, 68, 93, 67)
(68, 92, 69, 91)
(69, 88, 70, 89)
(5, 98, 6, 99)
(115, 6, 116, 7)
(109, 116, 110, 117)
(108, 114, 109, 113)
(9, 113, 10, 112)
(86, 16, 87, 15)
(61, 15, 62, 14)
(13, 63, 14, 62)
(65, 13, 66, 12)
(43, 64, 44, 65)
(93, 78, 94, 79)
(77, 94, 78, 95)
(95, 72, 96, 73)
(71, 90, 72, 91)
(89, 70, 90, 71)
(76, 74, 77, 73)
(80, 76, 81, 75)
(40, 82, 41, 81)
(39, 84, 40, 85)
(83, 38, 84, 39)
(37, 82, 38, 83)
(41, 37, 42, 36)
(35, 43, 36, 42)
(16, 86, 17, 85)
(47, 58, 48, 59)
(45, 46, 46, 47)
(63, 44, 64, 45)
(34, 34, 35, 33)
(32, 20, 33, 19)
(20, 32, 21, 31)
(17, 61, 18, 60)
(59, 19, 60, 18)
(24, 24, 25, 23)
(22, 26, 23, 25)
(26, 22, 27, 21)
(50, 28, 51, 27)
(54, 49, 55, 50)
(48, 53, 49, 54)
(52, 55, 53, 56)
(56, 30, 57, 29)
(30, 58, 31, 57)
(28, 52, 29, 51)
(74, 80, 75, 79)
(119, 5, 120, 4)
(120, 127, 121, 0)
(126, 121, 127, 122)
(103, 103, 104, 102)
(104, 99, 105, 100)
(100, 105, 101, 106)
(106, 101, 107, 102)
(107, 8, 108, 9)
(7, 114, 8, 115)
(3, 122, 4, 123)
(123, 2, 124, 3)
(1, 124, 2, 125)
(125, 0, 126, 1)
