(80, 85, 81, 86)
(79, 102, 80, 103)
(88, 104, 89, 103)
(87, 11, 88, 10)
(9, 87, 10, 86)
(11, 9, 12, 8)
(15, 13, 16, 12)
(14, 75, 15, 76)
(27, 77, 28, 76)
(77, 27, 78, 26)
(78, 100, 79, 99)
(83, 100, 84, 101)
(84, 81, 85, 82)
(101, 82, 102, 83)
(39, 99, 40, 98)
(40, 54, 41, 53)
(54, 46, 55, 45)
(46, 56, 47, 55)
(71, 57, 72, 56)
(91, 70, 92, 71)
(61, 104, 62, 105)
(105, 62, 106, 63)
(65, 106, 66, 107)
(66, 8, 67, 7)
(4, 68, 5, 67)
(3, 129, 4, 128)
(16, 127, 17, 128)
(126, 17, 127, 18)
(18, 125, 19, 126)
(21, 125, 22, 124)
(22, 74, 23, 73)
(74, 13, 75, 14)
(36, 24, 37, 23)
(24, 36, 25, 35)
(28, 26, 29, 25)
(34, 30, 35, 29)
(30, 34, 31, 33)
(31, 39, 32, 38)
(37, 33, 38, 32)
(72, 93, 73, 94)
(94, 98, 95, 97)
(95, 49, 96, 48)
(44, 50, 45, 49)
(50, 44, 51, 43)
(42, 52, 43, 51)
(52, 42, 53, 41)
(47, 97, 48, 96)
(57, 92, 58, 93)
(58, 70, 59, 69)
(59, 91, 60, 90)
(89, 61, 90, 60)
(68, 124, 69, 123)
(122, 5, 123, 6)
(6, 121, 7, 122)
(116, 64, 117, 63)
(64, 116, 65, 115)
(109, 114, 110, 115)
(113, 108, 114, 109)
(107, 112, 108, 113)
(110, 111, 111, 112)
(120, 118, 121, 117)
(118, 120, 119, 119)
(1, 21, 2, 20)
(129, 3, 0, 2)
(19, 1, 20, 0)
