(42, 47, 43, 48)
(114, 44, 115, 43)
(44, 114, 45, 113)
(40, 45, 41, 46)
(46, 41, 47, 42)
(117, 120, 118, 121)
(32, 122, 33, 121)
(122, 32, 123, 31)
(30, 124, 31, 123)
(2, 29, 3, 30)
(54, 1, 55, 2)
(50, 53, 51, 54)
(49, 129, 50, 128)
(127, 49, 128, 48)
(126, 69, 127, 70)
(70, 115, 71, 116)
(71, 113, 72, 112)
(111, 73, 112, 72)
(105, 107, 106, 106)
(107, 105, 108, 104)
(108, 102, 109, 101)
(102, 110, 103, 109)
(100, 104, 101, 103)
(110, 99, 111, 100)
(98, 85, 99, 86)
(86, 97, 87, 98)
(87, 88, 88, 89)
(92, 89, 93, 90)
(93, 79, 94, 78)
(79, 76, 80, 77)
(75, 80, 76, 81)
(81, 74, 82, 75)
(96, 74, 97, 73)
(95, 82, 96, 83)
(90, 83, 91, 84)
(84, 91, 85, 92)
(77, 95, 78, 94)
(35, 116, 36, 117)
(39, 36, 40, 37)
(37, 118, 38, 119)
(119, 38, 120, 39)
(125, 34, 126, 35)
(33, 124, 34, 125)
(68, 26, 69, 25)
(24, 57, 25, 58)
(58, 65, 59, 66)
(64, 10, 65, 9)
(8, 4, 9, 3)
(28, 8, 29, 7)
(6, 28, 7, 27)
(26, 56, 27, 55)
(67, 56, 68, 57)
(23, 67, 24, 66)
(22, 20, 23, 19)
(15, 18, 16, 19)
(11, 15, 12, 14)
(12, 59, 13, 60)
(60, 13, 61, 14)
(61, 10, 62, 11)
(62, 17, 63, 18)
(16, 63, 17, 64)
(21, 5, 22, 4)
(5, 21, 6, 20)
(129, 52, 0, 53)
(51, 0, 52, 1)
