(107, 102, 108, 103)
(110, 101, 111, 102)
(109, 106, 110, 107)
(103, 108, 104, 109)
(104, 118, 105, 117)
(118, 41, 119, 42)
(40, 119, 41, 120)
(87, 120, 88, 121)
(49, 88, 50, 89)
(89, 50, 90, 51)
(90, 111, 91, 112)
(100, 91, 101, 92)
(92, 116, 93, 115)
(116, 106, 117, 105)
(93, 44, 94, 45)
(43, 52, 44, 53)
(53, 42, 54, 43)
(33, 54, 34, 55)
(34, 22, 35, 21)
(22, 36, 23, 35)
(57, 36, 58, 37)
(27, 59, 28, 58)
(59, 27, 60, 26)
(60, 40, 61, 39)
(80, 61, 81, 62)
(62, 81, 63, 82)
(72, 64, 73, 63)
(66, 72, 67, 71)
(67, 10, 68, 11)
(9, 86, 10, 87)
(3, 9, 4, 8)
(7, 5, 8, 4)
(48, 31, 49, 32)
(32, 47, 33, 48)
(51, 46, 52, 47)
(45, 94, 46, 95)
(98, 95, 99, 96)
(112, 100, 113, 99)
(96, 113, 97, 114)
(114, 97, 115, 98)
(30, 19, 31, 20)
(20, 55, 21, 56)
(56, 23, 57, 24)
(24, 37, 25, 38)
(25, 28, 26, 29)
(29, 39, 30, 38)
(18, 84, 19, 83)
(79, 83, 80, 82)
(78, 74, 79, 73)
(64, 77, 65, 78)
(76, 65, 77, 66)
(75, 17, 76, 16)
(12, 15, 13, 16)
(11, 70, 12, 71)
(69, 15, 70, 14)
(13, 69, 14, 68)
(17, 75, 18, 74)
(121, 84, 122, 85)
(85, 122, 86, 123)
(128, 123, 129, 124)
(124, 129, 125, 0)
(125, 3, 126, 2)
(1, 127, 2, 126)
(5, 6, 6, 7)
(127, 1, 128, 0)
