(123, 9, 124, 8)
(9, 125, 10, 124)
(6, 126, 7, 125)
(128, 6, 129, 5)
(129, 119, 0, 118)
(122, 119, 123, 120)
(1, 120, 2, 121)
(11, 3, 12, 2)
(10, 7, 11, 8)
(3, 21, 4, 20)
(21, 58, 22, 59)
(57, 54, 58, 55)
(55, 126, 56, 127)
(127, 56, 128, 57)
(48, 54, 49, 53)
(49, 45, 50, 44)
(45, 33, 46, 32)
(33, 61, 34, 60)
(4, 61, 5, 62)
(63, 62, 64, 63)
(117, 69, 118, 68)
(67, 117, 68, 116)
(112, 116, 113, 115)
(113, 87, 114, 86)
(78, 88, 79, 87)
(88, 78, 89, 77)
(89, 94, 90, 95)
(12, 93, 13, 94)
(17, 93, 18, 92)
(18, 65, 19, 66)
(64, 19, 65, 20)
(66, 69, 67, 70)
(91, 71, 92, 70)
(90, 73, 91, 74)
(107, 75, 108, 74)
(106, 111, 107, 112)
(98, 106, 99, 105)
(84, 99, 85, 100)
(85, 115, 86, 114)
(81, 101, 82, 100)
(101, 81, 102, 80)
(79, 103, 80, 102)
(82, 103, 83, 104)
(104, 83, 105, 84)
(97, 111, 98, 110)
(109, 76, 110, 77)
(108, 96, 109, 95)
(75, 97, 76, 96)
(72, 15, 73, 16)
(16, 13, 17, 14)
(14, 71, 15, 72)
(59, 35, 60, 34)
(35, 47, 36, 46)
(22, 48, 23, 47)
(23, 43, 24, 42)
(43, 53, 44, 52)
(51, 24, 52, 25)
(25, 50, 26, 51)
(31, 26, 32, 27)
(40, 28, 41, 27)
(39, 37, 40, 36)
(38, 29, 39, 30)
(41, 30, 42, 31)
(28, 37, 29, 38)
(121, 0, 122, 1)
