(5, 3, 6, 2)
(9, 8, 10, 9)
(10, 20, 11, 19)
(20, 128, 21, 127)
(91, 127, 92, 126)
(121, 93, 122, 92)
(21, 120, 22, 121)
(119, 22, 120, 23)
(118, 93, 119, 94)
(23, 95, 24, 94)
(95, 25, 96, 24)
(113, 19, 114, 18)
(11, 115, 12, 114)
(115, 125, 116, 124)
(125, 91, 126, 90)
(116, 90, 117, 89)
(122, 118, 123, 117)
(88, 124, 89, 123)
(87, 41, 88, 40)
(36, 40, 37, 39)
(37, 30, 38, 31)
(32, 30, 33, 29)
(28, 34, 29, 33)
(60, 27, 61, 28)
(26, 59, 27, 60)
(25, 97, 26, 96)
(58, 98, 59, 97)
(62, 58, 63, 57)
(56, 64, 57, 63)
(71, 106, 72, 107)
(112, 106, 113, 105)
(104, 73, 105, 74)
(74, 18, 75, 17)
(16, 76, 17, 75)
(15, 13, 16, 12)
(77, 15, 78, 14)
(78, 41, 79, 42)
(79, 87, 80, 86)
(85, 81, 86, 80)
(35, 85, 36, 84)
(83, 35, 84, 34)
(43, 83, 44, 82)
(103, 45, 104, 44)
(99, 102, 100, 103)
(61, 98, 62, 99)
(101, 65, 102, 64)
(65, 101, 66, 100)
(45, 66, 46, 67)
(46, 56, 47, 55)
(107, 70, 108, 71)
(69, 108, 70, 109)
(50, 109, 51, 110)
(110, 51, 111, 52)
(72, 112, 73, 111)
(49, 53, 50, 52)
(53, 49, 54, 48)
(67, 55, 68, 54)
(47, 69, 48, 68)
(81, 43, 82, 42)
(13, 77, 14, 76)
(31, 38, 32, 39)
(128, 131, 129, 0)
(3, 130, 4, 131)
(129, 4, 130, 5)
(1, 7, 2, 6)
(7, 1, 8, 0)
