(126, 84, 127, 83)
(53, 85, 54, 84)
(25, 52, 26, 53)
(24, 111, 25, 112)
(112, 122, 113, 121)
(122, 19, 123, 20)
(81, 19, 82, 18)
(82, 126, 83, 125)
(11, 124, 12, 125)
(10, 69, 11, 70)
(70, 9, 71, 10)
(57, 8, 58, 9)
(131, 56, 0, 57)
(55, 130, 56, 131)
(54, 128, 55, 127)
(1, 128, 2, 129)
(7, 3, 8, 2)
(6, 41, 7, 42)
(42, 85, 43, 86)
(50, 44, 51, 43)
(44, 50, 45, 49)
(48, 46, 49, 45)
(47, 27, 48, 26)
(27, 47, 28, 46)
(51, 28, 52, 29)
(29, 87, 30, 86)
(87, 99, 88, 98)
(114, 99, 115, 100)
(115, 109, 116, 108)
(109, 106, 110, 107)
(105, 110, 106, 111)
(104, 117, 105, 118)
(118, 103, 119, 104)
(23, 103, 24, 102)
(120, 102, 121, 101)
(100, 22, 101, 21)
(113, 20, 114, 21)
(119, 23, 120, 22)
(107, 117, 108, 116)
(31, 31, 32, 30)
(32, 74, 33, 73)
(123, 75, 124, 74)
(78, 76, 79, 75)
(14, 77, 15, 78)
(16, 14, 17, 13)
(17, 81, 18, 80)
(12, 79, 13, 80)
(76, 15, 77, 16)
(68, 33, 69, 34)
(34, 67, 35, 68)
(71, 66, 72, 67)
(36, 66, 37, 65)
(62, 37, 63, 38)
(60, 64, 61, 63)
(59, 5, 60, 4)
(3, 59, 4, 58)
(40, 5, 41, 6)
(64, 40, 65, 39)
(38, 61, 39, 62)
(35, 72, 36, 73)
(96, 94, 97, 93)
(92, 90, 93, 89)
(97, 89, 98, 88)
(90, 92, 91, 91)
(95, 94, 96, 95)
(129, 0, 130, 1)
