(99, 28, 100, 29)
(98, 91, 99, 92)
(59, 92, 60, 93)
(93, 60, 94, 61)
(61, 94, 62, 95)
(95, 62, 96, 63)
(63, 96, 64, 97)
(29, 65, 30, 64)
(70, 66, 71, 65)
(74, 69, 75, 70)
(76, 74, 77, 73)
(100, 78, 101, 77)
(78, 90, 79, 89)
(27, 90, 28, 91)
(26, 11, 27, 12)
(45, 12, 46, 13)
(46, 43, 47, 44)
(37, 43, 38, 42)
(33, 38, 34, 39)
(34, 58, 35, 57)
(58, 98, 59, 97)
(35, 30, 36, 31)
(36, 47, 37, 48)
(48, 32, 49, 31)
(41, 32, 42, 33)
(53, 40, 54, 41)
(39, 52, 40, 53)
(56, 52, 57, 51)
(50, 56, 51, 55)
(54, 50, 55, 49)
(13, 44, 14, 45)
(14, 25, 15, 26)
(24, 72, 25, 71)
(16, 24, 17, 23)
(22, 18, 23, 17)
(18, 22, 19, 21)
(19, 66, 20, 67)
(68, 75, 69, 76)
(67, 20, 68, 21)
(72, 16, 73, 15)
(117, 10, 118, 11)
(113, 117, 114, 116)
(101, 115, 102, 114)
(115, 103, 116, 102)
(103, 107, 104, 106)
(107, 84, 108, 85)
(83, 108, 84, 109)
(109, 82, 110, 83)
(81, 110, 82, 111)
(111, 80, 112, 81)
(88, 80, 89, 79)
(112, 88, 113, 87)
(105, 87, 106, 86)
(85, 105, 86, 104)
(9, 119, 10, 118)
(5, 122, 6, 123)
(6, 122, 7, 121)
(120, 8, 121, 7)
(119, 8, 120, 9)
(123, 5, 124, 4)
(124, 130, 125, 129)
(130, 4, 131, 3)
(2, 0, 3, 131)
(1, 127, 2, 126)
(128, 126, 129, 125)
(127, 1, 128, 0)
