(60, 92, 61, 91)
(95, 93, 96, 92)
(65, 95, 66, 94)
(57, 66, 58, 67)
(58, 90, 59, 89)
(90, 60, 91, 59)
(88, 86, 89, 85)
(84, 101, 85, 102)
(51, 102, 52, 103)
(79, 53, 80, 52)
(53, 79, 54, 78)
(54, 61, 55, 62)
(55, 96, 56, 97)
(56, 64, 57, 63)
(93, 65, 94, 64)
(97, 63, 98, 62)
(98, 67, 99, 68)
(86, 100, 87, 99)
(100, 88, 101, 87)
(68, 84, 69, 83)
(69, 51, 70, 50)
(43, 71, 44, 70)
(42, 48, 43, 47)
(46, 42, 47, 41)
(40, 118, 41, 117)
(129, 127, 130, 126)
(80, 125, 81, 126)
(124, 81, 125, 82)
(82, 78, 83, 77)
(76, 119, 77, 120)
(73, 121, 74, 120)
(72, 49, 73, 50)
(71, 45, 72, 44)
(48, 46, 49, 45)
(121, 75, 122, 74)
(75, 123, 76, 122)
(118, 124, 119, 123)
(131, 128, 0, 129)
(1, 131, 2, 130)
(2, 6, 3, 5)
(103, 116, 104, 117)
(6, 115, 7, 116)
(11, 14, 12, 15)
(19, 11, 20, 10)
(9, 21, 10, 20)
(8, 37, 9, 38)
(107, 39, 108, 38)
(39, 107, 40, 106)
(110, 105, 111, 106)
(104, 109, 105, 110)
(111, 109, 112, 108)
(112, 7, 113, 8)
(26, 113, 27, 114)
(114, 27, 115, 28)
(35, 29, 36, 28)
(29, 35, 30, 34)
(15, 31, 16, 30)
(31, 17, 32, 16)
(17, 12, 18, 13)
(13, 18, 14, 19)
(32, 24, 33, 23)
(21, 25, 22, 24)
(25, 37, 26, 36)
(22, 34, 23, 33)
(3, 4, 4, 5)
(127, 0, 128, 1)
