(5, 55, 6, 54)
(55, 68, 56, 69)
(67, 56, 68, 57)
(57, 65, 58, 64)
(65, 59, 66, 58)
(82, 60, 83, 59)
(60, 82, 61, 81)
(80, 62, 81, 61)
(70, 80, 71, 79)
(78, 72, 79, 71)
(72, 78, 73, 77)
(73, 5, 74, 4)
(74, 131, 75, 0)
(89, 131, 90, 130)
(90, 113, 91, 114)
(112, 91, 113, 92)
(92, 96, 93, 95)
(96, 94, 97, 93)
(94, 98, 95, 97)
(111, 99, 112, 98)
(110, 86, 111, 85)
(69, 84, 70, 85)
(62, 84, 63, 83)
(63, 67, 64, 66)
(109, 88, 110, 89)
(108, 118, 109, 117)
(125, 117, 126, 116)
(115, 127, 116, 126)
(129, 115, 130, 114)
(99, 122, 100, 123)
(104, 121, 105, 122)
(120, 103, 121, 104)
(86, 119, 87, 120)
(118, 87, 119, 88)
(102, 107, 103, 108)
(106, 101, 107, 102)
(100, 105, 101, 106)
(128, 124, 129, 123)
(124, 128, 125, 127)
(53, 45, 54, 44)
(43, 24, 44, 25)
(25, 42, 26, 43)
(41, 51, 42, 50)
(49, 8, 50, 9)
(9, 6, 10, 7)
(23, 53, 24, 52)
(34, 31, 35, 32)
(26, 36, 27, 35)
(51, 37, 52, 36)
(7, 48, 8, 49)
(47, 11, 48, 10)
(11, 47, 12, 46)
(45, 13, 46, 12)
(22, 22, 23, 21)
(19, 21, 20, 20)
(27, 31, 28, 30)
(33, 28, 34, 29)
(29, 32, 30, 33)
(37, 16, 38, 17)
(15, 38, 16, 39)
(39, 41, 40, 40)
(14, 13, 15, 14)
(17, 18, 18, 19)
(75, 2, 76, 3)
(1, 76, 2, 77)
(3, 1, 4, 0)
