(12, 124, 13, 123)
(124, 12, 125, 11)
(125, 5, 126, 4)
(5, 127, 6, 126)
(2, 128, 3, 127)
(128, 2, 129, 1)
(129, 132, 130, 133)
(131, 28, 132, 29)
(29, 123, 30, 122)
(30, 69, 31, 70)
(68, 87, 69, 88)
(25, 88, 26, 89)
(13, 27, 14, 26)
(27, 130, 28, 131)
(14, 90, 15, 89)
(90, 16, 91, 15)
(121, 16, 122, 17)
(17, 120, 18, 121)
(119, 119, 120, 118)
(80, 117, 81, 118)
(79, 61, 80, 60)
(59, 76, 60, 77)
(77, 58, 78, 59)
(54, 57, 55, 58)
(72, 53, 73, 54)
(71, 45, 72, 44)
(43, 71, 44, 70)
(37, 42, 38, 43)
(31, 36, 32, 37)
(35, 32, 36, 33)
(48, 34, 49, 33)
(47, 50, 48, 51)
(51, 40, 52, 41)
(39, 52, 40, 53)
(45, 38, 46, 39)
(46, 42, 47, 41)
(34, 50, 35, 49)
(73, 108, 74, 109)
(66, 108, 67, 107)
(86, 67, 87, 68)
(106, 85, 107, 86)
(22, 106, 23, 105)
(23, 96, 24, 97)
(95, 24, 96, 25)
(94, 92, 95, 91)
(18, 93, 19, 94)
(92, 19, 93, 20)
(99, 20, 100, 21)
(21, 100, 22, 101)
(101, 105, 102, 104)
(97, 103, 98, 102)
(103, 99, 104, 98)
(65, 84, 66, 85)
(113, 65, 114, 64)
(63, 115, 64, 114)
(115, 63, 116, 62)
(116, 81, 117, 82)
(82, 61, 83, 62)
(83, 112, 84, 113)
(74, 112, 75, 111)
(75, 79, 76, 78)
(110, 56, 111, 55)
(56, 110, 57, 109)
(133, 8, 0, 9)
(10, 8, 11, 7)
(3, 7, 4, 6)
(9, 0, 10, 1)
