(55, 53, 56, 52)
(56, 93, 57, 94)
(53, 55, 54, 54)
(17, 92, 18, 93)
(16, 106, 17, 105)
(104, 102, 105, 101)
(95, 100, 96, 101)
(94, 51, 95, 52)
(35, 50, 36, 51)
(34, 58, 35, 57)
(24, 33, 25, 34)
(30, 23, 31, 24)
(29, 20, 30, 21)
(21, 18, 22, 19)
(69, 90, 70, 91)
(62, 92, 63, 91)
(61, 27, 62, 26)
(58, 25, 59, 26)
(32, 59, 33, 60)
(60, 31, 61, 32)
(22, 27, 23, 28)
(19, 28, 20, 29)
(74, 73, 75, 74)
(79, 73, 80, 72)
(89, 80, 90, 81)
(81, 88, 82, 89)
(87, 68, 88, 69)
(67, 86, 68, 87)
(66, 64, 67, 63)
(65, 84, 66, 85)
(85, 82, 86, 83)
(83, 64, 84, 65)
(75, 79, 76, 78)
(77, 70, 78, 71)
(71, 76, 72, 77)
(106, 49, 107, 50)
(15, 49, 16, 48)
(47, 15, 48, 14)
(13, 103, 14, 102)
(103, 13, 104, 12)
(11, 47, 12, 46)
(45, 11, 46, 10)
(9, 45, 10, 44)
(43, 9, 44, 8)
(7, 133, 8, 132)
(131, 97, 132, 96)
(130, 99, 131, 100)
(98, 129, 99, 130)
(128, 97, 129, 98)
(127, 114, 128, 115)
(112, 116, 113, 115)
(108, 111, 109, 112)
(36, 107, 37, 108)
(37, 110, 38, 111)
(109, 38, 110, 39)
(116, 39, 117, 40)
(117, 121, 118, 120)
(42, 121, 43, 122)
(133, 123, 0, 122)
(6, 123, 7, 124)
(124, 5, 125, 6)
(4, 125, 5, 126)
(113, 126, 114, 127)
(40, 3, 41, 4)
(119, 3, 120, 2)
(1, 119, 2, 118)
(41, 1, 42, 0)
