(92, 121, 93, 122)
(100, 129, 101, 130)
(130, 2, 131, 1)
(95, 3, 96, 2)
(94, 128, 95, 127)
(126, 43, 127, 44)
(44, 90, 45, 89)
(87, 91, 88, 90)
(91, 87, 92, 86)
(85, 74, 86, 75)
(64, 76, 65, 75)
(63, 123, 64, 122)
(47, 62, 48, 63)
(125, 47, 126, 46)
(88, 46, 89, 45)
(61, 124, 62, 125)
(60, 56, 61, 55)
(81, 54, 82, 55)
(73, 81, 74, 80)
(66, 79, 67, 80)
(65, 84, 66, 85)
(83, 77, 84, 76)
(51, 82, 52, 83)
(50, 57, 51, 58)
(58, 49, 59, 50)
(123, 48, 124, 49)
(56, 60, 57, 59)
(52, 72, 53, 71)
(72, 54, 73, 53)
(70, 68, 71, 67)
(78, 70, 79, 69)
(68, 78, 69, 77)
(93, 42, 94, 43)
(118, 115, 119, 116)
(116, 119, 117, 120)
(120, 117, 121, 118)
(101, 110, 102, 111)
(107, 105, 108, 104)
(109, 107, 110, 106)
(113, 112, 114, 113)
(111, 114, 112, 115)
(105, 109, 106, 108)
(102, 104, 103, 103)
(128, 42, 129, 41)
(30, 3, 31, 4)
(6, 31, 7, 32)
(26, 8, 27, 7)
(25, 36, 26, 37)
(37, 41, 38, 40)
(38, 11, 39, 12)
(35, 10, 36, 11)
(9, 34, 10, 35)
(33, 8, 34, 9)
(27, 33, 28, 32)
(28, 5, 29, 6)
(4, 29, 5, 30)
(24, 20, 25, 19)
(18, 24, 19, 23)
(13, 22, 14, 23)
(12, 39, 13, 40)
(20, 15, 21, 16)
(14, 17, 15, 18)
(16, 21, 17, 22)
(131, 96, 132, 97)
(97, 132, 98, 133)
(133, 98, 0, 99)
(99, 0, 100, 1)
