(86, 88, 87, 87)
(85, 91, 86, 90)
(89, 85, 90, 84)
(83, 77, 84, 76)
(92, 75, 93, 76)
(88, 91, 89, 92)
(78, 77, 79, 78)
(80, 79, 81, 80)
(82, 81, 83, 82)
(65, 94, 66, 95)
(93, 64, 94, 65)
(74, 64, 75, 63)
(62, 74, 63, 73)
(114, 120, 115, 119)
(113, 70, 114, 71)
(71, 66, 72, 67)
(72, 62, 73, 61)
(118, 116, 119, 115)
(117, 56, 118, 57)
(57, 54, 58, 55)
(120, 53, 121, 54)
(52, 121, 53, 122)
(122, 51, 123, 52)
(50, 21, 51, 22)
(109, 22, 110, 23)
(110, 99, 111, 100)
(98, 69, 99, 70)
(68, 97, 69, 98)
(67, 112, 68, 113)
(96, 111, 97, 112)
(60, 96, 61, 95)
(55, 116, 56, 117)
(124, 59, 125, 60)
(58, 123, 59, 124)
(48, 126, 49, 125)
(47, 20, 48, 21)
(46, 129, 47, 130)
(130, 45, 131, 46)
(44, 40, 45, 39)
(35, 38, 36, 39)
(31, 34, 32, 35)
(30, 128, 31, 127)
(126, 30, 127, 29)
(49, 29, 50, 28)
(104, 28, 105, 27)
(26, 106, 27, 105)
(106, 26, 107, 25)
(107, 102, 108, 103)
(101, 108, 102, 109)
(23, 100, 24, 101)
(103, 24, 104, 25)
(128, 20, 129, 19)
(18, 8, 19, 7)
(6, 42, 7, 41)
(131, 40, 132, 41)
(5, 133, 6, 132)
(43, 5, 44, 4)
(3, 37, 4, 36)
(37, 3, 38, 2)
(1, 13, 2, 12)
(14, 12, 15, 11)
(10, 16, 11, 15)
(32, 9, 33, 10)
(8, 33, 9, 34)
(16, 135, 17, 0)
(134, 17, 135, 18)
(133, 43, 134, 42)
(13, 1, 14, 0)
