(15, 13, 16, 12)
(14, 48, 15, 47)
(17, 46, 18, 47)
(11, 17, 12, 16)
(10, 50, 11, 49)
(48, 14, 49, 13)
(9, 19, 10, 18)
(8, 51, 9, 52)
(52, 32, 53, 31)
(6, 46, 7, 45)
(20, 8, 21, 7)
(19, 51, 20, 50)
(44, 22, 45, 21)
(22, 44, 23, 43)
(42, 24, 43, 23)
(24, 42, 25, 41)
(25, 31, 26, 30)
(26, 73, 27, 74)
(72, 54, 73, 53)
(71, 33, 72, 32)
(5, 99, 6, 98)
(80, 97, 81, 98)
(40, 80, 41, 79)
(78, 40, 79, 39)
(38, 78, 39, 77)
(76, 29, 77, 30)
(28, 75, 29, 76)
(74, 27, 75, 28)
(37, 56, 38, 57)
(57, 64, 58, 65)
(66, 64, 67, 63)
(62, 68, 63, 67)
(61, 35, 62, 34)
(54, 33, 55, 34)
(70, 55, 71, 56)
(60, 69, 61, 70)
(59, 36, 60, 37)
(65, 58, 66, 59)
(68, 35, 69, 36)
(103, 107, 104, 106)
(85, 103, 86, 102)
(101, 87, 102, 86)
(87, 101, 88, 100)
(99, 89, 100, 88)
(82, 90, 83, 89)
(4, 82, 5, 81)
(3, 127, 4, 126)
(94, 126, 95, 125)
(124, 96, 125, 95)
(96, 124, 97, 123)
(122, 122, 123, 121)
(83, 121, 84, 120)
(119, 85, 120, 84)
(109, 118, 110, 119)
(108, 111, 109, 112)
(105, 112, 106, 113)
(113, 114, 114, 115)
(104, 116, 105, 115)
(116, 107, 117, 108)
(117, 110, 118, 111)
(93, 91, 94, 90)
(135, 92, 0, 93)
(127, 134, 128, 135)
(133, 128, 134, 129)
(129, 132, 130, 133)
(131, 2, 132, 3)
(1, 130, 2, 131)
(91, 0, 92, 1)
