(15, 49, 16, 48)
(49, 17, 50, 16)
(34, 18, 35, 17)
(33, 65, 34, 64)
(63, 14, 64, 15)
(51, 62, 52, 63)
(47, 51, 48, 50)
(61, 46, 62, 47)
(39, 61, 40, 60)
(40, 35, 41, 36)
(36, 41, 37, 42)
(42, 37, 43, 38)
(52, 44, 53, 43)
(44, 57, 45, 58)
(56, 45, 57, 46)
(55, 58, 56, 59)
(59, 39, 60, 38)
(54, 54, 55, 53)
(13, 30, 14, 31)
(31, 12, 32, 13)
(11, 130, 12, 131)
(131, 10, 132, 11)
(9, 129, 10, 128)
(127, 23, 128, 22)
(21, 127, 22, 126)
(66, 126, 67, 125)
(67, 120, 68, 121)
(119, 96, 120, 97)
(97, 18, 98, 19)
(19, 98, 20, 99)
(65, 21, 66, 20)
(99, 89, 100, 88)
(89, 93, 90, 92)
(93, 122, 94, 123)
(124, 122, 125, 121)
(123, 94, 124, 95)
(95, 68, 96, 69)
(69, 107, 70, 106)
(110, 108, 111, 107)
(109, 116, 110, 117)
(117, 85, 118, 84)
(85, 119, 86, 118)
(103, 87, 104, 86)
(87, 103, 88, 102)
(90, 102, 91, 101)
(100, 92, 101, 91)
(105, 105, 106, 104)
(114, 83, 115, 84)
(70, 113, 71, 114)
(112, 77, 113, 78)
(78, 111, 79, 112)
(79, 76, 80, 77)
(75, 73, 76, 72)
(82, 72, 83, 71)
(74, 81, 75, 82)
(80, 73, 81, 74)
(115, 108, 116, 109)
(23, 29, 24, 28)
(29, 33, 30, 32)
(27, 25, 28, 24)
(3, 27, 4, 26)
(4, 133, 5, 134)
(132, 129, 133, 130)
(5, 9, 6, 8)
(135, 7, 0, 6)
(1, 135, 2, 134)
(25, 3, 26, 2)
(7, 1, 8, 0)
