(42, 133, 43, 134)
(38, 41, 39, 42)
(37, 22, 38, 23)
(23, 36, 24, 37)
(35, 135, 36, 134)
(34, 46, 35, 45)
(44, 131, 45, 132)
(132, 43, 133, 44)
(33, 130, 34, 131)
(32, 40, 33, 39)
(40, 32, 41, 31)
(27, 30, 28, 31)
(19, 27, 20, 26)
(25, 21, 26, 20)
(21, 25, 22, 24)
(106, 12, 107, 11)
(107, 86, 108, 87)
(58, 85, 59, 86)
(82, 58, 83, 57)
(80, 84, 81, 83)
(46, 79, 47, 80)
(127, 79, 128, 78)
(87, 128, 88, 129)
(129, 88, 130, 89)
(89, 102, 90, 103)
(98, 101, 99, 102)
(92, 98, 93, 97)
(96, 94, 97, 93)
(95, 14, 96, 15)
(28, 18, 29, 17)
(18, 30, 19, 29)
(15, 16, 16, 17)
(13, 94, 14, 95)
(91, 3, 92, 2)
(12, 2, 13, 1)
(5, 91, 6, 90)
(6, 10, 7, 9)
(10, 106, 11, 105)
(104, 7, 105, 8)
(8, 103, 9, 104)
(99, 4, 100, 5)
(3, 100, 4, 101)
(77, 51, 78, 50)
(60, 49, 61, 50)
(59, 109, 60, 108)
(48, 110, 49, 109)
(54, 48, 55, 47)
(55, 85, 56, 84)
(56, 82, 57, 81)
(124, 54, 125, 53)
(52, 126, 53, 125)
(126, 52, 127, 51)
(123, 113, 124, 112)
(76, 112, 77, 111)
(110, 62, 111, 61)
(62, 75, 63, 76)
(74, 116, 75, 115)
(65, 115, 66, 114)
(113, 67, 114, 66)
(67, 70, 68, 71)
(69, 119, 70, 118)
(122, 118, 123, 117)
(116, 64, 117, 63)
(73, 64, 74, 65)
(72, 122, 73, 121)
(120, 72, 121, 71)
(119, 69, 120, 68)
(135, 0, 0, 1)
