(99, 106, 100, 107)
(105, 125, 106, 124)
(98, 124, 99, 123)
(113, 122, 114, 123)
(121, 112, 122, 113)
(120, 9, 121, 10)
(10, 107, 11, 108)
(126, 12, 127, 11)
(100, 125, 101, 126)
(101, 131, 102, 130)
(131, 103, 132, 102)
(56, 103, 57, 104)
(104, 57, 105, 58)
(79, 58, 80, 59)
(80, 38, 81, 37)
(38, 82, 39, 81)
(82, 40, 83, 39)
(40, 98, 41, 97)
(92, 42, 93, 41)
(91, 44, 92, 45)
(34, 46, 35, 45)
(88, 33, 89, 34)
(32, 87, 33, 88)
(31, 115, 32, 114)
(30, 117, 31, 118)
(111, 118, 112, 119)
(8, 119, 9, 120)
(7, 111, 8, 110)
(109, 129, 110, 128)
(127, 109, 128, 108)
(129, 12, 130, 13)
(13, 134, 14, 135)
(133, 54, 134, 55)
(55, 132, 56, 133)
(74, 54, 75, 53)
(78, 75, 79, 76)
(76, 59, 77, 60)
(60, 77, 61, 78)
(18, 61, 19, 62)
(19, 48, 20, 49)
(86, 47, 87, 48)
(85, 36, 86, 37)
(95, 85, 96, 84)
(83, 97, 84, 96)
(94, 44, 95, 43)
(42, 94, 43, 93)
(90, 36, 91, 35)
(46, 89, 47, 90)
(25, 20, 26, 21)
(26, 68, 27, 67)
(68, 28, 69, 27)
(28, 115, 29, 116)
(116, 29, 117, 30)
(4, 1, 5, 2)
(2, 5, 3, 6)
(6, 3, 7, 4)
(135, 70, 0, 71)
(72, 70, 73, 69)
(73, 14, 74, 15)
(64, 16, 65, 15)
(16, 64, 17, 63)
(17, 53, 18, 52)
(51, 63, 52, 62)
(23, 51, 24, 50)
(49, 25, 50, 24)
(22, 65, 23, 66)
(66, 21, 67, 22)
(71, 0, 72, 1)
