(53, 132, 54, 133)
(52, 20, 53, 19)
(18, 52, 19, 51)
(50, 135, 51, 136)
(136, 49, 137, 50)
(133, 48, 134, 49)
(47, 55, 48, 54)
(46, 36, 47, 35)
(34, 131, 35, 132)
(33, 104, 34, 105)
(20, 106, 21, 105)
(106, 22, 107, 21)
(22, 29, 23, 30)
(113, 29, 114, 28)
(55, 115, 56, 114)
(115, 57, 116, 56)
(57, 36, 58, 37)
(45, 58, 46, 59)
(59, 44, 60, 45)
(43, 38, 44, 39)
(122, 40, 123, 39)
(121, 130, 122, 131)
(129, 120, 130, 121)
(119, 128, 120, 129)
(97, 119, 98, 118)
(117, 99, 118, 98)
(116, 103, 117, 104)
(99, 103, 100, 102)
(60, 38, 61, 37)
(126, 62, 127, 61)
(62, 126, 63, 125)
(124, 64, 125, 63)
(123, 42, 124, 43)
(41, 67, 42, 66)
(65, 41, 66, 40)
(64, 67, 65, 68)
(68, 128, 69, 127)
(78, 89, 79, 90)
(77, 96, 78, 97)
(95, 76, 96, 77)
(75, 94, 76, 95)
(87, 74, 88, 75)
(101, 87, 102, 86)
(85, 101, 86, 100)
(84, 84, 85, 83)
(82, 70, 83, 69)
(90, 81, 91, 82)
(79, 80, 80, 81)
(93, 89, 94, 88)
(73, 70, 74, 71)
(72, 72, 73, 71)
(91, 92, 92, 93)
(32, 28, 33, 27)
(107, 26, 108, 27)
(25, 31, 26, 30)
(24, 112, 25, 111)
(110, 24, 111, 23)
(109, 112, 110, 113)
(31, 109, 32, 108)
(134, 0, 135, 137)
(16, 8, 17, 7)
(17, 2, 18, 3)
(8, 16, 9, 15)
(6, 9, 7, 10)
(10, 5, 11, 6)
(13, 4, 14, 5)
(3, 12, 4, 13)
(14, 12, 15, 11)
(1, 0, 2, 1)
