(124, 81, 125, 82)
(31, 46, 32, 47)
(26, 48, 27, 47)
(14, 25, 15, 26)
(10, 13, 11, 14)
(9, 80, 10, 81)
(8, 4, 9, 3)
(123, 3, 124, 2)
(1, 123, 2, 122)
(121, 119, 122, 118)
(117, 137, 118, 136)
(110, 136, 111, 135)
(111, 88, 112, 89)
(94, 88, 95, 87)
(84, 96, 85, 95)
(82, 83, 83, 84)
(96, 127, 97, 128)
(41, 126, 42, 127)
(125, 40, 126, 41)
(39, 34, 40, 35)
(35, 32, 36, 33)
(36, 46, 37, 45)
(44, 38, 45, 37)
(43, 100, 44, 101)
(101, 98, 102, 99)
(97, 102, 98, 103)
(114, 103, 115, 104)
(115, 58, 116, 59)
(57, 30, 58, 31)
(56, 28, 57, 27)
(22, 56, 23, 55)
(23, 48, 24, 49)
(24, 15, 25, 16)
(6, 76, 7, 75)
(76, 79, 77, 80)
(78, 12, 79, 11)
(12, 78, 13, 77)
(4, 8, 5, 7)
(74, 6, 75, 5)
(73, 16, 74, 17)
(17, 72, 18, 73)
(60, 71, 61, 72)
(59, 116, 60, 117)
(70, 53, 71, 54)
(54, 20, 55, 19)
(29, 20, 30, 21)
(21, 28, 22, 29)
(18, 50, 19, 49)
(50, 63, 51, 64)
(62, 68, 63, 67)
(66, 62, 67, 61)
(52, 66, 53, 65)
(69, 65, 70, 64)
(68, 52, 69, 51)
(104, 134, 105, 133)
(134, 110, 135, 109)
(108, 90, 109, 89)
(92, 108, 93, 107)
(112, 94, 113, 93)
(129, 87, 130, 86)
(85, 131, 86, 130)
(131, 128, 132, 129)
(113, 132, 114, 133)
(106, 92, 107, 91)
(90, 106, 91, 105)
(99, 42, 100, 43)
(33, 38, 34, 39)
(137, 120, 0, 121)
(119, 0, 120, 1)
