(88, 133, 89, 134)
(134, 131, 135, 132)
(130, 90, 131, 89)
(90, 130, 91, 129)
(91, 107, 92, 106)
(107, 81, 108, 80)
(81, 87, 82, 86)
(132, 87, 133, 88)
(82, 135, 83, 136)
(83, 68, 84, 69)
(14, 25, 15, 26)
(24, 13, 25, 14)
(23, 16, 24, 17)
(17, 77, 18, 76)
(6, 78, 7, 77)
(78, 6, 79, 5)
(79, 109, 80, 108)
(109, 102, 110, 103)
(101, 104, 102, 105)
(105, 129, 106, 128)
(120, 127, 121, 128)
(119, 93, 120, 92)
(111, 118, 112, 119)
(103, 110, 104, 111)
(122, 117, 123, 118)
(121, 100, 122, 101)
(124, 100, 125, 99)
(98, 126, 99, 125)
(126, 98, 127, 97)
(96, 114, 97, 113)
(93, 112, 94, 113)
(94, 116, 95, 115)
(116, 123, 117, 124)
(114, 96, 115, 95)
(4, 9, 5, 10)
(10, 137, 11, 0)
(85, 137, 86, 136)
(69, 84, 70, 85)
(73, 71, 74, 70)
(67, 73, 68, 72)
(26, 44, 27, 43)
(44, 28, 45, 27)
(28, 46, 29, 45)
(46, 54, 47, 53)
(54, 48, 55, 47)
(48, 34, 49, 33)
(65, 34, 66, 35)
(71, 67, 72, 66)
(35, 64, 36, 65)
(38, 64, 39, 63)
(62, 40, 63, 39)
(61, 42, 62, 43)
(60, 49, 61, 50)
(50, 59, 51, 60)
(58, 30, 59, 29)
(30, 58, 31, 57)
(52, 31, 53, 32)
(32, 55, 33, 56)
(51, 57, 52, 56)
(36, 41, 37, 42)
(40, 37, 41, 38)
(74, 12, 75, 11)
(15, 13, 16, 12)
(75, 23, 76, 22)
(18, 21, 19, 22)
(1, 21, 2, 20)
(2, 7, 3, 8)
(8, 3, 9, 4)
(19, 1, 20, 0)
