(2, 95, 3, 96)
(94, 3, 95, 4)
(4, 55, 5, 56)
(54, 80, 55, 79)
(78, 54, 79, 53)
(52, 25, 53, 26)
(26, 51, 27, 52)
(45, 50, 46, 51)
(44, 74, 45, 73)
(63, 72, 64, 73)
(71, 62, 72, 63)
(61, 70, 62, 71)
(65, 61, 66, 60)
(41, 67, 42, 66)
(37, 41, 38, 40)
(137, 39, 0, 38)
(1, 137, 2, 136)
(133, 131, 134, 130)
(131, 128, 132, 129)
(127, 92, 128, 93)
(96, 94, 97, 93)
(88, 98, 89, 97)
(87, 57, 88, 56)
(86, 75, 87, 76)
(76, 85, 77, 86)
(84, 6, 85, 5)
(6, 84, 7, 83)
(82, 8, 83, 7)
(81, 11, 82, 10)
(9, 81, 10, 80)
(11, 9, 12, 8)
(12, 78, 13, 77)
(13, 34, 14, 35)
(24, 34, 25, 33)
(32, 24, 33, 23)
(29, 22, 30, 23)
(21, 28, 22, 29)
(27, 20, 28, 21)
(30, 20, 31, 19)
(18, 32, 19, 31)
(48, 17, 49, 18)
(16, 47, 17, 48)
(46, 15, 47, 16)
(14, 49, 15, 50)
(35, 74, 36, 75)
(36, 58, 37, 57)
(43, 58, 44, 59)
(68, 59, 69, 60)
(69, 64, 70, 65)
(67, 43, 68, 42)
(129, 135, 130, 134)
(135, 132, 136, 133)
(91, 126, 92, 127)
(125, 90, 126, 91)
(89, 124, 90, 125)
(112, 123, 113, 124)
(114, 112, 115, 111)
(108, 115, 109, 116)
(109, 119, 110, 118)
(100, 120, 101, 119)
(99, 99, 100, 98)
(122, 113, 123, 114)
(121, 103, 122, 102)
(101, 104, 102, 105)
(105, 111, 106, 110)
(106, 117, 107, 118)
(116, 107, 117, 108)
(103, 121, 104, 120)
(39, 1, 40, 0)
