(69, 60, 70, 61)
(130, 62, 131, 61)
(129, 54, 130, 55)
(118, 56, 119, 55)
(56, 118, 57, 117)
(70, 58, 71, 57)
(58, 72, 59, 71)
(72, 60, 73, 59)
(83, 74, 84, 75)
(75, 41, 76, 40)
(41, 69, 42, 68)
(42, 95, 43, 96)
(94, 134, 95, 133)
(132, 94, 133, 93)
(92, 132, 93, 131)
(62, 91, 63, 92)
(90, 49, 91, 50)
(50, 54, 51, 53)
(51, 120, 52, 121)
(128, 120, 129, 119)
(127, 116, 128, 117)
(87, 127, 88, 126)
(88, 85, 89, 86)
(73, 84, 74, 85)
(106, 28, 107, 27)
(38, 106, 39, 105)
(39, 83, 40, 82)
(76, 81, 77, 82)
(80, 98, 81, 97)
(67, 97, 68, 96)
(43, 138, 44, 139)
(137, 44, 138, 45)
(45, 136, 46, 137)
(135, 65, 136, 64)
(63, 135, 64, 134)
(48, 65, 49, 66)
(3, 66, 4, 67)
(4, 11, 5, 12)
(10, 5, 11, 6)
(6, 112, 7, 111)
(112, 90, 113, 89)
(113, 124, 114, 125)
(123, 114, 124, 115)
(115, 122, 116, 123)
(121, 52, 122, 53)
(125, 87, 126, 86)
(110, 8, 111, 7)
(24, 109, 25, 110)
(108, 23, 109, 24)
(26, 108, 27, 107)
(28, 33, 29, 34)
(104, 38, 105, 37)
(101, 36, 102, 37)
(100, 78, 101, 77)
(78, 100, 79, 99)
(98, 80, 99, 79)
(30, 35, 31, 36)
(34, 29, 35, 30)
(102, 31, 103, 32)
(32, 103, 33, 104)
(25, 23, 26, 22)
(18, 22, 19, 21)
(19, 15, 20, 14)
(12, 16, 13, 15)
(9, 16, 10, 17)
(17, 8, 18, 9)
(13, 21, 14, 20)
(2, 0, 3, 139)
(1, 47, 2, 46)
(47, 1, 48, 0)
