(132, 121, 133, 122)
(122, 133, 123, 134)
(123, 127, 124, 126)
(120, 127, 121, 128)
(25, 128, 26, 129)
(26, 34, 27, 33)
(131, 34, 132, 35)
(134, 36, 135, 35)
(36, 41, 37, 42)
(40, 114, 41, 113)
(109, 113, 110, 112)
(110, 126, 111, 125)
(124, 112, 125, 111)
(117, 109, 118, 108)
(51, 119, 52, 118)
(119, 51, 120, 50)
(49, 16, 50, 17)
(17, 48, 18, 49)
(47, 18, 48, 19)
(24, 19, 25, 20)
(139, 21, 0, 20)
(29, 138, 30, 139)
(28, 31, 29, 32)
(32, 129, 33, 130)
(27, 131, 28, 130)
(137, 30, 138, 31)
(136, 5, 137, 6)
(6, 135, 7, 136)
(42, 8, 43, 7)
(8, 44, 9, 43)
(44, 10, 45, 9)
(10, 46, 11, 45)
(46, 12, 47, 11)
(15, 13, 16, 12)
(53, 15, 54, 14)
(54, 115, 55, 116)
(114, 38, 115, 37)
(38, 82, 39, 81)
(82, 40, 83, 39)
(104, 83, 105, 84)
(84, 105, 85, 106)
(106, 85, 107, 86)
(107, 117, 108, 116)
(86, 55, 87, 56)
(80, 87, 81, 88)
(61, 88, 62, 89)
(97, 62, 98, 63)
(63, 98, 64, 99)
(99, 64, 100, 65)
(103, 100, 104, 101)
(56, 102, 57, 101)
(102, 58, 103, 57)
(79, 58, 80, 59)
(68, 59, 69, 60)
(60, 69, 61, 70)
(70, 91, 71, 92)
(90, 95, 91, 96)
(96, 89, 97, 90)
(94, 73, 95, 74)
(74, 78, 75, 77)
(78, 65, 79, 66)
(75, 66, 76, 67)
(67, 76, 68, 77)
(72, 93, 73, 94)
(92, 71, 93, 72)
(13, 53, 14, 52)
(1, 5, 2, 4)
(2, 24, 3, 23)
(22, 4, 23, 3)
(21, 1, 22, 0)
