(53, 35, 54, 34)
(52, 59, 53, 60)
(60, 51, 61, 52)
(29, 51, 30, 50)
(33, 30, 34, 31)
(31, 54, 32, 55)
(55, 32, 56, 33)
(49, 57, 50, 56)
(48, 20, 49, 19)
(18, 48, 19, 47)
(46, 18, 47, 17)
(35, 16, 36, 17)
(62, 15, 63, 16)
(58, 62, 59, 61)
(28, 58, 29, 57)
(27, 15, 28, 14)
(66, 14, 67, 13)
(12, 68, 13, 67)
(40, 12, 41, 11)
(41, 72, 42, 73)
(71, 44, 72, 45)
(45, 20, 46, 21)
(21, 36, 22, 37)
(65, 23, 66, 22)
(25, 64, 26, 65)
(63, 24, 64, 25)
(23, 26, 24, 27)
(37, 70, 38, 71)
(69, 38, 70, 39)
(39, 68, 40, 69)
(116, 43, 117, 44)
(115, 10, 116, 11)
(91, 115, 92, 114)
(109, 93, 110, 92)
(93, 109, 94, 108)
(73, 95, 74, 94)
(95, 75, 96, 74)
(130, 76, 131, 75)
(129, 121, 130, 120)
(8, 120, 9, 119)
(118, 10, 119, 9)
(42, 117, 43, 118)
(7, 90, 8, 91)
(6, 113, 7, 114)
(5, 111, 6, 110)
(4, 107, 5, 108)
(134, 3, 135, 4)
(133, 97, 134, 96)
(132, 78, 133, 77)
(76, 132, 77, 131)
(121, 79, 122, 78)
(128, 89, 129, 90)
(79, 123, 80, 122)
(86, 124, 87, 123)
(85, 88, 86, 89)
(81, 85, 82, 84)
(127, 82, 128, 83)
(83, 126, 84, 127)
(125, 81, 126, 80)
(124, 88, 125, 87)
(102, 98, 103, 97)
(136, 101, 137, 102)
(104, 136, 105, 135)
(105, 113, 106, 112)
(111, 107, 112, 106)
(2, 104, 3, 103)
(100, 1, 101, 2)
(138, 100, 139, 99)
(98, 0, 99, 139)
(137, 1, 138, 0)
