(129, 7, 130, 6)
(7, 67, 8, 66)
(67, 9, 68, 8)
(84, 9, 85, 10)
(85, 129, 86, 128)
(127, 87, 128, 86)
(137, 4, 138, 5)
(5, 138, 6, 139)
(139, 134, 0, 135)
(133, 131, 134, 130)
(3, 133, 4, 132)
(65, 127, 66, 126)
(125, 65, 126, 64)
(63, 125, 64, 124)
(48, 123, 49, 124)
(78, 48, 79, 47)
(82, 79, 83, 80)
(83, 68, 84, 69)
(69, 74, 70, 75)
(73, 13, 74, 12)
(58, 88, 59, 87)
(62, 58, 63, 57)
(56, 104, 57, 103)
(102, 105, 103, 106)
(49, 107, 50, 106)
(107, 51, 108, 50)
(51, 92, 52, 93)
(114, 92, 115, 91)
(115, 23, 116, 22)
(23, 28, 24, 29)
(27, 24, 28, 25)
(25, 123, 26, 122)
(121, 27, 122, 26)
(17, 120, 18, 121)
(31, 17, 32, 16)
(15, 33, 16, 32)
(45, 15, 46, 14)
(46, 78, 47, 77)
(81, 77, 82, 76)
(75, 81, 76, 80)
(13, 71, 14, 70)
(71, 73, 72, 72)
(88, 60, 89, 59)
(60, 100, 61, 99)
(100, 62, 101, 61)
(54, 101, 55, 102)
(104, 56, 105, 55)
(53, 109, 54, 108)
(93, 52, 94, 53)
(94, 114, 95, 113)
(112, 96, 113, 95)
(96, 112, 97, 111)
(110, 98, 111, 97)
(98, 110, 99, 109)
(89, 37, 90, 36)
(37, 91, 38, 90)
(38, 35, 39, 36)
(34, 21, 35, 22)
(20, 33, 21, 34)
(19, 31, 20, 30)
(116, 29, 117, 30)
(18, 118, 19, 117)
(118, 120, 119, 119)
(40, 39, 41, 40)
(41, 44, 42, 45)
(42, 44, 43, 43)
(10, 12, 11, 11)
(131, 3, 132, 2)
(1, 136, 2, 137)
(135, 0, 136, 1)
