(70, 97, 71, 98)
(96, 69, 97, 70)
(75, 69, 76, 68)
(98, 95, 99, 96)
(71, 94, 72, 95)
(93, 90, 94, 91)
(91, 75, 92, 74)
(73, 93, 74, 92)
(89, 72, 90, 73)
(67, 53, 68, 52)
(51, 63, 52, 62)
(56, 62, 57, 61)
(78, 58, 79, 57)
(58, 78, 59, 77)
(76, 60, 77, 59)
(79, 60, 80, 61)
(138, 2, 139, 1)
(137, 102, 138, 103)
(108, 104, 109, 103)
(107, 87, 108, 86)
(85, 88, 86, 89)
(82, 81, 83, 82)
(47, 55, 48, 54)
(53, 49, 54, 48)
(49, 67, 50, 66)
(63, 51, 64, 50)
(45, 64, 46, 65)
(46, 43, 47, 44)
(55, 43, 56, 42)
(41, 81, 42, 80)
(40, 36, 41, 35)
(10, 100, 11, 99)
(104, 115, 105, 116)
(87, 107, 88, 106)
(114, 105, 115, 106)
(37, 84, 38, 85)
(83, 36, 84, 37)
(16, 113, 17, 114)
(34, 16, 35, 15)
(11, 14, 12, 15)
(20, 13, 21, 14)
(19, 22, 20, 23)
(136, 23, 137, 24)
(119, 25, 120, 24)
(118, 128, 119, 127)
(126, 118, 127, 117)
(116, 110, 117, 109)
(110, 32, 111, 31)
(32, 112, 33, 111)
(112, 17, 113, 18)
(18, 34, 19, 33)
(30, 135, 31, 136)
(29, 125, 30, 124)
(123, 29, 124, 28)
(27, 123, 28, 122)
(130, 122, 131, 121)
(120, 132, 121, 131)
(25, 133, 26, 132)
(128, 134, 129, 133)
(125, 134, 126, 135)
(129, 27, 130, 26)
(12, 21, 13, 22)
(39, 38, 40, 39)
(2, 102, 3, 101)
(100, 4, 101, 3)
(4, 7, 5, 8)
(6, 9, 7, 10)
(8, 5, 9, 6)
(65, 44, 66, 45)
(139, 0, 0, 1)
