(112, 45, 113, 46)
(44, 113, 45, 114)
(114, 43, 115, 44)
(42, 100, 43, 99)
(98, 73, 99, 74)
(74, 112, 75, 111)
(110, 76, 111, 75)
(76, 110, 77, 109)
(104, 78, 105, 77)
(103, 47, 104, 46)
(17, 103, 18, 102)
(101, 19, 102, 18)
(100, 116, 101, 115)
(41, 116, 42, 117)
(117, 97, 118, 96)
(72, 97, 73, 98)
(108, 72, 109, 71)
(79, 70, 80, 71)
(78, 106, 79, 105)
(67, 107, 68, 106)
(66, 33, 67, 34)
(34, 47, 35, 48)
(35, 17, 36, 16)
(23, 37, 24, 36)
(22, 20, 23, 19)
(40, 22, 41, 21)
(20, 40, 21, 39)
(137, 39, 138, 38)
(91, 138, 92, 139)
(3, 92, 4, 93)
(4, 96, 5, 95)
(84, 6, 85, 5)
(118, 83, 119, 84)
(107, 83, 108, 82)
(81, 68, 82, 69)
(69, 80, 70, 81)
(32, 119, 33, 120)
(49, 121, 50, 120)
(65, 49, 66, 48)
(15, 65, 16, 64)
(63, 126, 64, 127)
(24, 128, 25, 127)
(128, 26, 129, 25)
(133, 26, 134, 27)
(134, 90, 135, 89)
(90, 136, 91, 135)
(37, 137, 38, 136)
(29, 89, 30, 88)
(30, 7, 31, 8)
(6, 86, 7, 85)
(86, 32, 87, 31)
(87, 9, 88, 8)
(9, 50, 10, 51)
(10, 131, 11, 132)
(130, 11, 131, 12)
(121, 13, 122, 12)
(13, 57, 14, 56)
(57, 15, 58, 14)
(58, 62, 59, 61)
(125, 62, 126, 63)
(124, 59, 125, 60)
(60, 123, 61, 124)
(55, 122, 56, 123)
(129, 54, 130, 55)
(53, 132, 54, 133)
(52, 28, 53, 27)
(28, 52, 29, 51)
(1, 95, 2, 94)
(139, 3, 0, 2)
(93, 1, 94, 0)
