(5, 10, 6, 11)
(11, 4, 12, 5)
(3, 45, 4, 44)
(43, 3, 44, 2)
(8, 2, 9, 1)
(9, 6, 10, 7)
(7, 140, 8, 141)
(12, 139, 13, 140)
(135, 138, 136, 139)
(45, 122, 46, 123)
(112, 121, 113, 122)
(36, 112, 37, 111)
(18, 37, 19, 38)
(38, 19, 39, 20)
(39, 16, 40, 17)
(15, 42, 16, 43)
(14, 129, 15, 130)
(130, 13, 131, 14)
(136, 132, 137, 131)
(132, 138, 133, 137)
(134, 124, 135, 123)
(124, 134, 125, 133)
(125, 94, 126, 95)
(96, 94, 97, 93)
(97, 84, 98, 85)
(83, 47, 84, 46)
(82, 103, 83, 104)
(104, 81, 105, 82)
(80, 119, 81, 120)
(120, 113, 121, 114)
(114, 117, 115, 118)
(116, 35, 117, 36)
(34, 115, 35, 116)
(110, 34, 111, 33)
(32, 110, 33, 109)
(108, 32, 109, 31)
(30, 78, 31, 77)
(76, 67, 77, 68)
(68, 21, 69, 22)
(17, 21, 18, 20)
(22, 69, 23, 70)
(92, 23, 93, 24)
(24, 87, 25, 88)
(99, 86, 100, 87)
(85, 98, 86, 99)
(100, 47, 101, 48)
(56, 102, 57, 101)
(102, 56, 103, 55)
(54, 57, 55, 58)
(58, 53, 59, 54)
(105, 52, 106, 53)
(51, 106, 52, 107)
(107, 79, 108, 78)
(118, 79, 119, 80)
(59, 51, 60, 50)
(60, 66, 61, 65)
(66, 30, 67, 29)
(28, 72, 29, 71)
(70, 75, 71, 76)
(91, 75, 92, 74)
(73, 91, 74, 90)
(26, 89, 27, 90)
(88, 25, 89, 26)
(72, 28, 73, 27)
(64, 62, 65, 61)
(48, 63, 49, 64)
(62, 49, 63, 50)
(95, 126, 96, 127)
(127, 40, 128, 41)
(41, 128, 42, 129)
(141, 1, 0, 0)
