(21, 20, 22, 21)
(60, 20, 61, 19)
(90, 62, 91, 61)
(89, 72, 90, 73)
(73, 88, 74, 89)
(87, 140, 88, 141)
(141, 84, 0, 85)
(83, 2, 84, 3)
(138, 4, 139, 3)
(24, 138, 25, 137)
(22, 26, 23, 25)
(15, 26, 16, 27)
(16, 17, 17, 18)
(18, 60, 19, 59)
(58, 12, 59, 11)
(10, 92, 11, 91)
(9, 63, 10, 62)
(74, 69, 75, 70)
(68, 81, 69, 82)
(82, 140, 83, 139)
(67, 5, 68, 4)
(63, 67, 64, 66)
(64, 31, 65, 32)
(30, 35, 31, 36)
(36, 29, 37, 30)
(28, 13, 29, 14)
(14, 136, 15, 135)
(136, 24, 137, 23)
(134, 28, 135, 27)
(12, 133, 13, 134)
(115, 133, 116, 132)
(116, 54, 117, 53)
(54, 58, 55, 57)
(55, 98, 56, 99)
(97, 39, 98, 38)
(37, 97, 38, 96)
(95, 93, 96, 92)
(94, 34, 95, 33)
(32, 65, 33, 66)
(34, 94, 35, 93)
(112, 40, 113, 39)
(111, 114, 112, 115)
(110, 131, 111, 132)
(130, 109, 131, 110)
(129, 48, 130, 49)
(49, 128, 50, 129)
(127, 52, 128, 53)
(51, 126, 52, 127)
(125, 50, 126, 51)
(121, 125, 122, 124)
(119, 123, 120, 122)
(105, 119, 106, 118)
(117, 107, 118, 106)
(107, 100, 108, 101)
(99, 56, 100, 57)
(108, 41, 109, 42)
(40, 114, 41, 113)
(101, 42, 102, 43)
(102, 48, 103, 47)
(123, 121, 124, 120)
(103, 45, 104, 44)
(45, 105, 46, 104)
(46, 43, 47, 44)
(8, 8, 9, 7)
(6, 79, 7, 80)
(80, 77, 81, 78)
(76, 71, 77, 72)
(70, 75, 71, 76)
(78, 5, 79, 6)
(1, 86, 2, 87)
(85, 0, 86, 1)
