(97, 101, 98, 100)
(101, 108, 102, 109)
(96, 94, 97, 93)
(92, 96, 93, 95)
(94, 92, 95, 91)
(90, 87, 91, 88)
(88, 20, 89, 19)
(77, 20, 78, 21)
(78, 26, 79, 25)
(26, 80, 27, 79)
(80, 100, 81, 99)
(98, 82, 99, 81)
(109, 83, 110, 82)
(134, 84, 135, 83)
(104, 133, 105, 134)
(103, 106, 104, 107)
(107, 102, 108, 103)
(132, 105, 133, 106)
(84, 132, 85, 131)
(40, 85, 41, 86)
(86, 41, 87, 42)
(42, 45, 43, 46)
(44, 17, 45, 18)
(18, 90, 19, 89)
(16, 43, 17, 44)
(46, 16, 47, 15)
(14, 48, 15, 47)
(13, 62, 14, 63)
(63, 77, 64, 76)
(9, 65, 10, 64)
(21, 8, 22, 9)
(7, 22, 8, 23)
(23, 4, 24, 5)
(3, 24, 4, 25)
(141, 2, 0, 3)
(69, 141, 70, 140)
(139, 71, 140, 70)
(138, 112, 139, 111)
(110, 28, 111, 27)
(28, 35, 29, 36)
(37, 35, 38, 34)
(38, 135, 39, 136)
(130, 39, 131, 40)
(129, 59, 130, 58)
(57, 51, 58, 50)
(122, 50, 123, 49)
(48, 124, 49, 123)
(117, 125, 118, 124)
(61, 117, 62, 116)
(115, 33, 116, 32)
(31, 115, 32, 114)
(72, 114, 73, 113)
(73, 68, 74, 69)
(67, 74, 68, 75)
(75, 13, 76, 12)
(11, 67, 12, 66)
(65, 11, 66, 10)
(112, 72, 113, 71)
(137, 31, 138, 30)
(36, 29, 37, 30)
(33, 137, 34, 136)
(59, 60, 60, 61)
(53, 121, 54, 120)
(55, 53, 56, 52)
(51, 57, 52, 56)
(121, 55, 122, 54)
(126, 120, 127, 119)
(118, 128, 119, 127)
(128, 125, 129, 126)
(1, 6, 2, 7)
(5, 0, 6, 1)
