(109, 18, 110, 19)
(88, 17, 89, 18)
(104, 87, 105, 88)
(108, 104, 109, 103)
(102, 20, 103, 19)
(110, 101, 111, 102)
(100, 118, 101, 117)
(116, 100, 117, 99)
(98, 90, 99, 89)
(90, 98, 91, 97)
(94, 92, 95, 91)
(93, 16, 94, 17)
(15, 92, 16, 93)
(14, 95, 15, 96)
(96, 13, 97, 14)
(115, 12, 116, 13)
(114, 106, 115, 105)
(106, 114, 107, 113)
(86, 107, 87, 108)
(85, 113, 86, 112)
(20, 111, 21, 112)
(28, 22, 29, 21)
(118, 27, 119, 28)
(26, 23, 27, 24)
(41, 25, 42, 24)
(49, 41, 50, 40)
(11, 50, 12, 51)
(134, 140, 135, 139)
(126, 136, 127, 135)
(121, 84, 122, 85)
(29, 120, 30, 121)
(119, 23, 120, 22)
(43, 31, 44, 30)
(25, 43, 26, 42)
(31, 49, 32, 48)
(5, 32, 6, 33)
(6, 9, 7, 10)
(39, 9, 40, 8)
(7, 39, 8, 38)
(10, 38, 11, 37)
(143, 36, 0, 37)
(76, 75, 77, 76)
(51, 74, 52, 75)
(140, 73, 141, 74)
(69, 69, 70, 68)
(70, 67, 71, 68)
(66, 62, 67, 61)
(60, 57, 61, 58)
(59, 59, 60, 58)
(132, 133, 133, 134)
(131, 129, 132, 128)
(127, 138, 128, 139)
(130, 137, 131, 138)
(136, 129, 137, 130)
(125, 57, 126, 56)
(122, 55, 123, 56)
(82, 81, 83, 82)
(83, 81, 84, 80)
(54, 79, 55, 80)
(78, 53, 79, 54)
(77, 142, 78, 143)
(141, 53, 142, 52)
(64, 124, 65, 123)
(72, 64, 73, 63)
(62, 72, 63, 71)
(124, 66, 125, 65)
(35, 2, 36, 3)
(46, 3, 47, 4)
(44, 48, 45, 47)
(4, 45, 5, 46)
(1, 34, 2, 35)
(33, 0, 34, 1)
