(108, 121, 109, 122)
(109, 119, 110, 118)
(120, 119, 121, 120)
(4, 117, 5, 118)
(3, 113, 4, 112)
(106, 111, 107, 112)
(110, 105, 111, 106)
(107, 105, 108, 104)
(2, 103, 3, 104)
(93, 102, 94, 103)
(11, 93, 12, 92)
(12, 52, 13, 51)
(77, 53, 78, 52)
(76, 141, 77, 142)
(1, 142, 2, 143)
(143, 71, 0, 70)
(71, 74, 72, 75)
(72, 74, 73, 73)
(68, 76, 69, 75)
(67, 123, 68, 122)
(123, 67, 124, 66)
(61, 125, 62, 124)
(127, 61, 128, 60)
(33, 128, 34, 129)
(34, 90, 35, 89)
(90, 95, 91, 96)
(94, 10, 95, 9)
(8, 113, 9, 114)
(114, 7, 115, 8)
(6, 115, 7, 116)
(116, 5, 117, 6)
(101, 10, 102, 11)
(83, 50, 84, 51)
(82, 32, 83, 31)
(27, 30, 28, 31)
(79, 26, 80, 27)
(78, 14, 79, 13)
(53, 15, 54, 14)
(15, 139, 16, 138)
(64, 139, 65, 140)
(140, 65, 141, 66)
(16, 64, 17, 63)
(62, 18, 63, 17)
(18, 125, 19, 126)
(126, 19, 127, 20)
(135, 21, 136, 20)
(134, 58, 135, 57)
(56, 134, 57, 133)
(59, 133, 60, 132)
(131, 32, 132, 33)
(130, 37, 131, 38)
(38, 129, 39, 130)
(39, 36, 40, 37)
(88, 36, 89, 35)
(87, 40, 88, 41)
(41, 86, 42, 87)
(85, 42, 86, 43)
(43, 48, 44, 49)
(96, 47, 97, 48)
(46, 99, 47, 100)
(91, 101, 92, 100)
(98, 45, 99, 46)
(44, 97, 45, 98)
(49, 84, 50, 85)
(55, 58, 56, 59)
(25, 55, 26, 54)
(21, 25, 22, 24)
(137, 22, 138, 23)
(23, 136, 24, 137)
(80, 29, 81, 30)
(28, 81, 29, 82)
(69, 1, 70, 0)
