(38, 46, 39, 45)
(53, 46, 54, 47)
(73, 55, 74, 54)
(72, 37, 73, 38)
(36, 71, 37, 72)
(44, 36, 45, 35)
(34, 44, 35, 43)
(42, 40, 43, 39)
(24, 42, 25, 41)
(25, 86, 26, 87)
(85, 83, 86, 82)
(76, 81, 77, 82)
(48, 75, 49, 76)
(47, 52, 48, 53)
(51, 75, 52, 74)
(79, 51, 80, 50)
(80, 77, 81, 78)
(49, 79, 50, 78)
(84, 83, 85, 84)
(134, 13, 135, 14)
(69, 13, 70, 12)
(55, 71, 56, 70)
(11, 57, 12, 56)
(10, 68, 11, 67)
(5, 66, 6, 67)
(65, 4, 66, 5)
(33, 65, 34, 64)
(63, 33, 64, 32)
(14, 32, 15, 31)
(28, 16, 29, 15)
(22, 28, 23, 27)
(40, 24, 41, 23)
(87, 26, 88, 27)
(89, 89, 90, 88)
(133, 90, 134, 91)
(30, 91, 31, 92)
(92, 29, 93, 30)
(93, 96, 94, 97)
(122, 96, 123, 95)
(123, 108, 124, 109)
(107, 124, 108, 125)
(125, 21, 126, 20)
(16, 22, 17, 21)
(126, 17, 127, 18)
(127, 133, 128, 132)
(97, 119, 98, 118)
(119, 99, 120, 98)
(99, 121, 100, 120)
(94, 122, 95, 121)
(100, 109, 101, 110)
(106, 101, 107, 102)
(111, 102, 112, 103)
(117, 112, 118, 113)
(113, 116, 114, 117)
(104, 116, 105, 115)
(110, 106, 111, 105)
(114, 104, 115, 103)
(130, 20, 131, 19)
(18, 132, 19, 131)
(129, 129, 130, 128)
(3, 62, 4, 63)
(61, 2, 62, 3)
(60, 141, 61, 142)
(135, 143, 136, 142)
(143, 137, 0, 136)
(58, 138, 59, 137)
(57, 68, 58, 69)
(138, 7, 139, 8)
(9, 7, 10, 6)
(8, 139, 9, 140)
(140, 2, 141, 1)
(59, 1, 60, 0)
