(8, 70, 9, 69)
(7, 63, 8, 62)
(61, 68, 62, 69)
(60, 73, 61, 74)
(39, 74, 40, 75)
(40, 80, 41, 79)
(80, 57, 81, 58)
(51, 56, 52, 57)
(50, 87, 51, 88)
(88, 9, 89, 10)
(89, 16, 90, 17)
(2, 15, 3, 16)
(1, 65, 2, 64)
(70, 63, 71, 64)
(71, 67, 72, 66)
(67, 7, 68, 6)
(72, 6, 73, 5)
(4, 0, 5, 143)
(142, 44, 143, 43)
(36, 60, 37, 59)
(37, 77, 38, 76)
(77, 39, 78, 38)
(78, 75, 79, 76)
(58, 42, 59, 41)
(29, 33, 30, 32)
(27, 31, 28, 30)
(86, 56, 87, 55)
(54, 82, 55, 81)
(53, 85, 54, 84)
(83, 53, 84, 52)
(85, 83, 86, 82)
(26, 49, 27, 50)
(20, 25, 21, 26)
(19, 128, 20, 129)
(129, 18, 130, 19)
(10, 17, 11, 18)
(102, 11, 103, 12)
(12, 103, 13, 104)
(13, 90, 14, 91)
(14, 3, 15, 4)
(94, 92, 95, 91)
(93, 134, 94, 135)
(135, 109, 136, 108)
(124, 109, 125, 110)
(114, 125, 115, 126)
(115, 141, 116, 140)
(44, 142, 45, 141)
(22, 46, 23, 45)
(21, 48, 22, 49)
(47, 118, 48, 119)
(24, 119, 25, 120)
(120, 139, 121, 140)
(127, 139, 128, 138)
(112, 137, 113, 138)
(136, 111, 137, 112)
(110, 123, 111, 124)
(113, 123, 114, 122)
(126, 121, 127, 122)
(23, 117, 24, 116)
(117, 46, 118, 47)
(107, 133, 108, 132)
(131, 100, 132, 101)
(101, 130, 102, 131)
(99, 97, 100, 96)
(95, 105, 96, 104)
(98, 106, 99, 105)
(106, 98, 107, 97)
(133, 92, 134, 93)
(33, 34, 34, 35)
(31, 29, 32, 28)
(35, 43, 36, 42)
(65, 1, 66, 0)
