(7, 70, 8, 71)
(11, 8, 12, 9)
(12, 132, 13, 131)
(132, 70, 133, 69)
(71, 142, 72, 143)
(141, 72, 142, 73)
(76, 73, 77, 74)
(104, 78, 105, 77)
(94, 104, 95, 103)
(95, 11, 96, 10)
(9, 97, 10, 96)
(97, 85, 98, 84)
(85, 113, 86, 112)
(113, 129, 114, 128)
(129, 131, 130, 130)
(22, 13, 23, 14)
(23, 69, 24, 68)
(24, 58, 25, 57)
(58, 62, 59, 61)
(4, 5, 5, 6)
(133, 7, 134, 6)
(134, 121, 135, 122)
(120, 135, 121, 136)
(136, 119, 137, 120)
(118, 0, 119, 143)
(117, 138, 118, 139)
(139, 116, 140, 117)
(115, 140, 116, 141)
(125, 115, 126, 114)
(109, 126, 110, 127)
(107, 111, 108, 110)
(106, 75, 107, 76)
(74, 105, 75, 106)
(111, 87, 112, 86)
(87, 82, 88, 83)
(100, 82, 101, 81)
(80, 102, 81, 101)
(92, 79, 93, 80)
(78, 91, 79, 92)
(93, 91, 94, 90)
(89, 102, 90, 103)
(88, 100, 89, 99)
(83, 99, 84, 98)
(127, 108, 128, 109)
(124, 3, 125, 4)
(15, 21, 16, 20)
(14, 21, 15, 22)
(31, 33, 32, 32)
(30, 67, 31, 68)
(29, 34, 30, 35)
(35, 54, 36, 55)
(56, 54, 57, 53)
(25, 52, 26, 53)
(42, 52, 43, 51)
(48, 44, 49, 43)
(62, 60, 63, 59)
(65, 60, 66, 61)
(17, 19, 18, 18)
(19, 17, 20, 16)
(66, 33, 67, 34)
(47, 41, 48, 40)
(39, 28, 40, 29)
(27, 38, 28, 39)
(37, 26, 38, 27)
(55, 36, 56, 37)
(41, 47, 42, 46)
(50, 46, 51, 45)
(44, 50, 45, 49)
(63, 65, 64, 64)
(2, 123, 3, 124)
(122, 1, 123, 2)
(137, 0, 138, 1)
