(125, 120, 126, 121)
(121, 144, 122, 145)
(143, 127, 144, 126)
(142, 119, 143, 120)
(30, 141, 31, 142)
(140, 29, 141, 30)
(32, 140, 33, 139)
(104, 33, 105, 34)
(56, 105, 57, 106)
(106, 57, 107, 58)
(2, 107, 3, 108)
(3, 125, 4, 124)
(145, 5, 0, 4)
(122, 6, 123, 5)
(109, 6, 110, 7)
(59, 110, 60, 111)
(115, 60, 116, 61)
(131, 117, 132, 116)
(127, 130, 128, 131)
(118, 134, 119, 133)
(137, 133, 138, 132)
(27, 138, 28, 139)
(31, 29, 32, 28)
(26, 87, 27, 88)
(88, 101, 89, 102)
(100, 103, 101, 104)
(99, 35, 100, 34)
(35, 99, 36, 98)
(83, 37, 84, 36)
(82, 43, 83, 44)
(44, 19, 45, 20)
(18, 45, 19, 46)
(46, 17, 47, 18)
(16, 47, 17, 48)
(48, 51, 49, 52)
(65, 50, 66, 51)
(67, 65, 68, 64)
(63, 69, 64, 68)
(55, 11, 56, 10)
(112, 10, 113, 9)
(8, 114, 9, 113)
(58, 7, 59, 8)
(114, 111, 115, 112)
(61, 54, 62, 55)
(53, 70, 54, 71)
(24, 71, 25, 72)
(86, 25, 87, 26)
(85, 96, 86, 97)
(97, 90, 98, 91)
(102, 89, 103, 90)
(91, 84, 92, 85)
(93, 93, 94, 92)
(79, 39, 80, 38)
(37, 81, 38, 80)
(42, 81, 43, 82)
(41, 79, 42, 78)
(77, 72, 78, 73)
(73, 76, 74, 77)
(75, 21, 76, 20)
(21, 75, 22, 74)
(15, 22, 16, 23)
(23, 14, 24, 15)
(52, 13, 53, 14)
(12, 70, 13, 69)
(62, 12, 63, 11)
(40, 95, 41, 96)
(94, 39, 95, 40)
(49, 66, 50, 67)
(136, 118, 137, 117)
(135, 129, 136, 128)
(129, 135, 130, 134)
(108, 1, 109, 2)
(123, 1, 124, 0)
