(105, 90, 106, 91)
(89, 13, 90, 12)
(93, 110, 94, 111)
(21, 93, 22, 92)
(91, 23, 92, 22)
(20, 24, 21, 23)
(19, 109, 20, 108)
(107, 86, 108, 87)
(87, 106, 88, 107)
(13, 89, 14, 88)
(14, 50, 15, 49)
(83, 51, 84, 50)
(111, 102, 112, 103)
(101, 97, 102, 96)
(98, 96, 99, 95)
(94, 100, 95, 99)
(112, 25, 113, 26)
(109, 25, 110, 24)
(113, 47, 114, 46)
(47, 19, 48, 18)
(48, 86, 49, 85)
(84, 16, 85, 15)
(51, 123, 52, 122)
(123, 83, 124, 82)
(127, 124, 128, 125)
(43, 128, 44, 129)
(9, 44, 10, 45)
(10, 104, 11, 103)
(104, 12, 105, 11)
(97, 101, 98, 100)
(26, 46, 27, 45)
(32, 27, 33, 28)
(33, 38, 34, 39)
(37, 40, 38, 41)
(41, 114, 42, 115)
(115, 42, 116, 43)
(119, 116, 120, 117)
(120, 54, 121, 53)
(54, 122, 55, 121)
(16, 17, 17, 18)
(52, 56, 53, 55)
(56, 67, 57, 68)
(79, 67, 80, 66)
(80, 126, 81, 125)
(126, 82, 127, 81)
(65, 72, 66, 73)
(73, 64, 74, 65)
(58, 63, 59, 64)
(57, 71, 58, 70)
(118, 70, 119, 69)
(68, 118, 69, 117)
(71, 79, 72, 78)
(62, 77, 63, 78)
(76, 61, 77, 62)
(60, 75, 61, 76)
(74, 59, 75, 60)
(137, 36, 138, 37)
(129, 136, 130, 137)
(4, 136, 5, 135)
(5, 9, 6, 8)
(145, 7, 0, 6)
(131, 144, 132, 145)
(143, 130, 144, 131)
(142, 29, 143, 30)
(30, 141, 31, 142)
(140, 31, 141, 32)
(28, 139, 29, 140)
(35, 138, 36, 139)
(39, 34, 40, 35)
(132, 2, 133, 1)
(2, 134, 3, 133)
(134, 4, 135, 3)
(7, 1, 8, 0)
