(115, 6, 116, 7)
(116, 134, 117, 133)
(131, 135, 132, 134)
(5, 131, 6, 130)
(129, 2, 130, 3)
(126, 4, 127, 3)
(138, 126, 139, 125)
(124, 140, 125, 139)
(123, 118, 124, 119)
(119, 122, 120, 123)
(120, 122, 121, 121)
(13, 111, 14, 110)
(111, 115, 112, 114)
(15, 112, 16, 113)
(39, 17, 40, 16)
(7, 38, 8, 39)
(37, 102, 38, 103)
(106, 103, 107, 104)
(44, 108, 45, 107)
(108, 44, 109, 43)
(109, 13, 110, 12)
(11, 41, 12, 40)
(41, 11, 42, 10)
(9, 43, 10, 42)
(17, 8, 18, 9)
(18, 102, 19, 101)
(36, 19, 37, 20)
(105, 20, 106, 21)
(21, 104, 22, 105)
(25, 23, 26, 22)
(24, 74, 25, 73)
(72, 46, 73, 45)
(71, 78, 72, 79)
(79, 57, 80, 56)
(100, 57, 101, 58)
(58, 99, 59, 100)
(89, 98, 90, 99)
(88, 85, 89, 86)
(35, 86, 36, 87)
(87, 34, 88, 35)
(33, 66, 34, 67)
(67, 50, 68, 51)
(49, 27, 50, 26)
(27, 49, 28, 48)
(47, 29, 48, 28)
(46, 76, 47, 75)
(74, 24, 75, 23)
(69, 76, 70, 77)
(77, 70, 78, 71)
(29, 69, 30, 68)
(30, 56, 31, 55)
(52, 31, 53, 32)
(32, 53, 33, 54)
(51, 55, 52, 54)
(84, 65, 85, 66)
(83, 63, 84, 62)
(61, 83, 62, 82)
(81, 61, 82, 60)
(59, 81, 60, 80)
(63, 95, 64, 94)
(95, 92, 96, 93)
(91, 96, 92, 97)
(97, 90, 98, 91)
(93, 65, 94, 64)
(113, 14, 114, 15)
(132, 118, 133, 117)
(140, 135, 141, 136)
(136, 141, 137, 142)
(142, 137, 143, 138)
(4, 143, 5, 144)
(1, 144, 2, 145)
(145, 129, 0, 128)
(127, 1, 128, 0)
