(116, 117, 117, 118)
(118, 115, 119, 116)
(114, 61, 115, 62)
(65, 63, 66, 62)
(33, 64, 34, 65)
(143, 33, 144, 32)
(4, 119, 5, 120)
(120, 5, 121, 6)
(6, 121, 7, 122)
(58, 7, 59, 8)
(112, 60, 113, 59)
(60, 112, 61, 111)
(110, 113, 111, 114)
(66, 109, 67, 110)
(103, 108, 104, 109)
(102, 44, 103, 43)
(79, 43, 80, 42)
(80, 39, 81, 40)
(127, 38, 128, 39)
(37, 126, 38, 127)
(141, 37, 142, 36)
(35, 143, 36, 142)
(63, 34, 64, 35)
(29, 140, 30, 141)
(139, 28, 140, 29)
(31, 139, 32, 138)
(122, 137, 123, 138)
(136, 123, 137, 124)
(124, 25, 125, 26)
(24, 55, 25, 56)
(17, 57, 18, 56)
(57, 17, 58, 16)
(15, 20, 16, 21)
(10, 21, 11, 22)
(22, 11, 23, 12)
(8, 24, 9, 23)
(9, 13, 10, 12)
(13, 18, 14, 19)
(19, 14, 20, 15)
(133, 54, 134, 55)
(53, 132, 54, 133)
(52, 68, 53, 67)
(46, 52, 47, 51)
(50, 48, 51, 47)
(106, 50, 107, 49)
(107, 104, 108, 105)
(48, 106, 49, 105)
(100, 46, 101, 45)
(44, 102, 45, 101)
(99, 131, 100, 130)
(84, 129, 85, 130)
(78, 84, 79, 83)
(82, 41, 83, 42)
(40, 81, 41, 82)
(128, 77, 129, 78)
(91, 77, 92, 76)
(97, 93, 98, 92)
(93, 97, 94, 96)
(69, 95, 70, 94)
(68, 131, 69, 132)
(95, 71, 96, 70)
(71, 99, 72, 98)
(87, 72, 88, 73)
(73, 88, 74, 89)
(89, 74, 90, 75)
(85, 91, 86, 90)
(86, 76, 87, 75)
(134, 126, 135, 125)
(26, 135, 27, 136)
(27, 30, 28, 31)
(3, 145, 4, 144)
(145, 3, 0, 2)
(1, 0, 2, 1)
