(8, 5, 9, 6)
(53, 5, 54, 4)
(54, 19, 55, 20)
(93, 19, 94, 18)
(94, 8, 95, 7)
(6, 96, 7, 95)
(17, 97, 18, 96)
(101, 17, 102, 16)
(9, 103, 10, 102)
(103, 31, 104, 30)
(106, 31, 107, 32)
(107, 109, 108, 108)
(52, 109, 53, 110)
(110, 51, 111, 52)
(121, 51, 122, 50)
(122, 127, 123, 128)
(145, 126, 0, 127)
(1, 145, 2, 144)
(143, 3, 144, 2)
(3, 143, 4, 142)
(20, 21, 21, 22)
(91, 92, 92, 93)
(90, 88, 91, 87)
(86, 98, 87, 97)
(98, 86, 99, 85)
(99, 15, 100, 14)
(15, 101, 16, 100)
(10, 28, 11, 27)
(105, 29, 106, 28)
(29, 105, 30, 104)
(26, 12, 27, 11)
(25, 57, 26, 56)
(55, 23, 56, 22)
(80, 77, 81, 78)
(88, 82, 89, 81)
(82, 90, 83, 89)
(83, 79, 84, 78)
(79, 85, 80, 84)
(23, 59, 24, 58)
(57, 25, 58, 24)
(61, 67, 62, 66)
(75, 61, 76, 60)
(59, 77, 60, 76)
(73, 75, 74, 74)
(67, 73, 68, 72)
(65, 63, 66, 62)
(64, 70, 65, 69)
(71, 69, 72, 68)
(70, 64, 71, 63)
(13, 13, 14, 12)
(141, 125, 142, 124)
(123, 141, 124, 140)
(139, 33, 140, 32)
(135, 138, 136, 139)
(134, 40, 135, 39)
(119, 39, 120, 38)
(111, 121, 112, 120)
(112, 37, 113, 38)
(49, 37, 50, 36)
(35, 49, 36, 48)
(47, 131, 48, 130)
(129, 47, 130, 46)
(45, 129, 46, 128)
(44, 34, 45, 33)
(116, 43, 117, 44)
(42, 115, 43, 116)
(41, 137, 42, 136)
(137, 41, 138, 40)
(114, 133, 115, 134)
(118, 114, 119, 113)
(117, 133, 118, 132)
(131, 34, 132, 35)
(125, 0, 126, 1)
