(18, 56, 19, 55)
(56, 18, 57, 17)
(10, 57, 11, 58)
(11, 63, 12, 62)
(63, 13, 64, 12)
(13, 55, 14, 54)
(14, 19, 15, 20)
(6, 16, 7, 15)
(16, 6, 17, 5)
(7, 5, 8, 4)
(59, 8, 60, 9)
(9, 60, 10, 61)
(58, 62, 59, 61)
(3, 50, 4, 51)
(51, 64, 52, 65)
(87, 53, 88, 52)
(53, 87, 54, 86)
(49, 20, 50, 21)
(2, 21, 3, 22)
(22, 122, 23, 121)
(122, 24, 123, 23)
(24, 124, 25, 123)
(124, 65, 125, 66)
(88, 126, 89, 125)
(126, 38, 127, 37)
(85, 38, 86, 39)
(48, 39, 49, 40)
(40, 47, 41, 48)
(46, 111, 47, 112)
(114, 75, 115, 76)
(145, 74, 0, 75)
(144, 1, 145, 2)
(143, 73, 144, 72)
(68, 71, 69, 72)
(67, 120, 68, 121)
(25, 66, 26, 67)
(26, 89, 27, 90)
(138, 28, 139, 27)
(28, 138, 29, 137)
(128, 30, 129, 29)
(36, 128, 37, 127)
(96, 36, 97, 35)
(97, 98, 98, 99)
(82, 99, 83, 100)
(83, 105, 84, 104)
(105, 85, 106, 84)
(107, 107, 108, 106)
(41, 45, 42, 44)
(110, 45, 111, 46)
(112, 114, 113, 113)
(141, 91, 142, 90)
(115, 143, 116, 142)
(119, 117, 120, 116)
(118, 70, 119, 69)
(70, 118, 71, 117)
(131, 140, 132, 141)
(139, 130, 140, 131)
(129, 136, 130, 137)
(132, 136, 133, 135)
(133, 95, 134, 94)
(30, 96, 31, 95)
(31, 35, 32, 34)
(91, 33, 92, 32)
(33, 93, 34, 92)
(93, 135, 94, 134)
(79, 79, 80, 78)
(80, 77, 81, 78)
(81, 77, 82, 76)
(101, 100, 102, 101)
(109, 108, 110, 109)
(42, 43, 43, 44)
(103, 103, 104, 102)
(73, 0, 74, 1)
