(91, 65, 92, 64)
(82, 66, 83, 65)
(68, 82, 69, 81)
(56, 70, 57, 69)
(98, 55, 99, 56)
(52, 98, 53, 97)
(96, 54, 97, 53)
(90, 96, 91, 95)
(94, 42, 95, 41)
(40, 94, 41, 93)
(63, 93, 64, 92)
(62, 79, 63, 80)
(80, 85, 81, 86)
(84, 68, 85, 67)
(66, 84, 67, 83)
(86, 73, 87, 74)
(72, 60, 73, 59)
(58, 72, 59, 71)
(70, 58, 71, 57)
(60, 88, 61, 87)
(99, 89, 100, 88)
(89, 51, 90, 50)
(54, 51, 55, 52)
(100, 50, 101, 49)
(101, 35, 102, 34)
(35, 46, 36, 47)
(118, 46, 119, 45)
(44, 120, 45, 119)
(43, 31, 44, 30)
(29, 43, 30, 42)
(31, 29, 32, 28)
(37, 32, 38, 33)
(38, 77, 39, 78)
(76, 39, 77, 40)
(78, 76, 79, 75)
(74, 61, 75, 62)
(48, 33, 49, 34)
(102, 47, 103, 48)
(103, 36, 104, 37)
(23, 105, 24, 104)
(17, 22, 18, 23)
(117, 17, 118, 16)
(108, 16, 109, 15)
(120, 110, 121, 109)
(110, 122, 111, 121)
(122, 112, 123, 111)
(112, 127, 113, 128)
(126, 144, 127, 143)
(9, 143, 10, 142)
(10, 26, 11, 25)
(26, 12, 27, 11)
(12, 28, 13, 27)
(13, 24, 14, 25)
(14, 116, 15, 115)
(116, 107, 117, 108)
(19, 107, 20, 106)
(105, 21, 106, 20)
(21, 18, 22, 19)
(123, 114, 124, 115)
(128, 113, 129, 114)
(144, 130, 145, 129)
(5, 130, 6, 131)
(135, 6, 136, 7)
(7, 136, 8, 137)
(125, 8, 126, 9)
(124, 141, 125, 142)
(147, 140, 0, 141)
(133, 146, 134, 147)
(145, 132, 146, 133)
(131, 4, 132, 5)
(3, 134, 4, 135)
(137, 2, 138, 3)
(1, 138, 2, 139)
(139, 0, 140, 1)
