(117, 127, 118, 126)
(118, 113, 119, 114)
(112, 119, 113, 120)
(109, 120, 110, 121)
(144, 145, 145, 146)
(146, 4, 147, 3)
(1, 4, 2, 5)
(24, 9, 25, 10)
(127, 11, 128, 10)
(107, 111, 108, 110)
(122, 111, 123, 112)
(123, 115, 124, 114)
(115, 125, 116, 124)
(125, 117, 126, 116)
(121, 108, 122, 109)
(27, 12, 28, 13)
(143, 27, 144, 26)
(8, 25, 9, 26)
(19, 143, 20, 142)
(20, 136, 21, 135)
(136, 24, 137, 23)
(128, 138, 129, 137)
(141, 138, 142, 139)
(139, 130, 140, 131)
(129, 132, 130, 133)
(22, 134, 23, 133)
(134, 22, 135, 21)
(131, 140, 132, 141)
(11, 18, 12, 19)
(55, 48, 56, 49)
(47, 56, 48, 57)
(94, 57, 95, 58)
(95, 105, 96, 104)
(105, 97, 106, 96)
(97, 107, 98, 106)
(98, 61, 99, 62)
(60, 40, 61, 39)
(51, 38, 52, 39)
(37, 50, 38, 51)
(36, 35, 37, 36)
(34, 30, 35, 29)
(13, 28, 14, 29)
(17, 14, 18, 15)
(15, 32, 16, 33)
(54, 32, 55, 31)
(30, 54, 31, 53)
(52, 50, 53, 49)
(33, 16, 34, 17)
(59, 46, 60, 47)
(58, 93, 59, 94)
(92, 76, 93, 75)
(103, 75, 104, 74)
(73, 86, 74, 87)
(87, 62, 88, 63)
(63, 88, 64, 89)
(99, 65, 100, 64)
(65, 91, 66, 90)
(91, 80, 92, 81)
(79, 42, 80, 43)
(43, 78, 44, 79)
(40, 77, 41, 78)
(45, 77, 46, 76)
(44, 41, 45, 42)
(81, 103, 82, 102)
(82, 71, 83, 72)
(85, 71, 86, 70)
(69, 85, 70, 84)
(83, 69, 84, 68)
(67, 72, 68, 73)
(101, 66, 102, 67)
(89, 100, 90, 101)
(7, 2, 8, 3)
(147, 6, 0, 7)
(5, 0, 6, 1)
