(137, 25, 138, 24)
(23, 8, 24, 9)
(9, 22, 10, 23)
(21, 10, 22, 11)
(144, 11, 145, 12)
(12, 145, 13, 146)
(146, 13, 147, 14)
(138, 2, 139, 1)
(121, 3, 122, 2)
(3, 121, 4, 120)
(119, 5, 120, 4)
(118, 131, 119, 132)
(132, 116, 133, 115)
(116, 134, 117, 133)
(134, 25, 135, 26)
(124, 135, 125, 136)
(136, 125, 137, 126)
(126, 123, 127, 124)
(7, 123, 8, 122)
(129, 7, 130, 6)
(5, 131, 6, 130)
(65, 129, 66, 128)
(66, 69, 67, 70)
(68, 75, 69, 76)
(57, 77, 58, 76)
(85, 57, 86, 56)
(113, 86, 114, 87)
(114, 118, 115, 117)
(28, 88, 29, 87)
(27, 90, 28, 91)
(91, 26, 92, 27)
(92, 34, 93, 33)
(34, 94, 35, 93)
(94, 98, 95, 97)
(49, 99, 50, 98)
(99, 49, 100, 48)
(47, 101, 48, 100)
(63, 47, 64, 46)
(127, 65, 128, 64)
(40, 46, 41, 45)
(41, 70, 42, 71)
(71, 42, 72, 43)
(43, 72, 44, 73)
(73, 44, 74, 45)
(74, 67, 75, 68)
(62, 39, 63, 40)
(58, 61, 59, 62)
(60, 53, 61, 54)
(54, 84, 55, 83)
(77, 85, 78, 84)
(78, 56, 79, 55)
(112, 79, 113, 80)
(80, 111, 81, 112)
(35, 110, 36, 111)
(96, 105, 97, 106)
(106, 95, 107, 96)
(107, 102, 108, 103)
(101, 51, 102, 50)
(38, 51, 39, 52)
(52, 59, 53, 60)
(82, 38, 83, 37)
(36, 82, 37, 81)
(103, 108, 104, 109)
(109, 104, 110, 105)
(29, 32, 30, 33)
(88, 31, 89, 32)
(30, 89, 31, 90)
(139, 143, 140, 142)
(20, 143, 21, 144)
(14, 19, 15, 20)
(147, 18, 0, 19)
(16, 141, 17, 142)
(140, 15, 141, 16)
(17, 0, 18, 1)
