(78, 83, 79, 84)
(81, 143, 82, 142)
(143, 83, 144, 82)
(141, 145, 142, 144)
(140, 125, 141, 126)
(126, 139, 127, 140)
(71, 139, 72, 138)
(93, 73, 94, 72)
(73, 93, 74, 92)
(74, 78, 75, 77)
(75, 84, 76, 85)
(85, 76, 86, 77)
(7, 87, 8, 86)
(80, 79, 81, 80)
(65, 7, 66, 6)
(5, 67, 6, 66)
(4, 32, 5, 31)
(30, 4, 31, 3)
(2, 146, 3, 145)
(146, 2, 147, 1)
(147, 26, 0, 27)
(25, 34, 26, 35)
(35, 69, 36, 68)
(69, 95, 70, 94)
(134, 96, 135, 95)
(133, 128, 134, 129)
(118, 130, 119, 129)
(117, 122, 118, 123)
(123, 116, 124, 117)
(115, 124, 116, 125)
(127, 114, 128, 115)
(113, 99, 114, 98)
(97, 104, 98, 105)
(105, 108, 106, 109)
(136, 108, 137, 107)
(137, 71, 138, 70)
(106, 136, 107, 135)
(96, 110, 97, 109)
(110, 103, 111, 104)
(102, 100, 103, 99)
(101, 112, 102, 113)
(111, 100, 112, 101)
(132, 122, 133, 121)
(120, 132, 121, 131)
(130, 120, 131, 119)
(36, 23, 37, 24)
(22, 37, 23, 38)
(38, 46, 39, 45)
(61, 47, 62, 46)
(91, 61, 92, 60)
(10, 59, 11, 60)
(9, 89, 10, 88)
(87, 9, 88, 8)
(14, 89, 15, 90)
(64, 15, 65, 16)
(19, 16, 20, 17)
(20, 51, 21, 52)
(50, 21, 51, 22)
(49, 44, 50, 45)
(48, 40, 49, 39)
(47, 63, 48, 62)
(63, 55, 64, 54)
(55, 91, 56, 90)
(11, 57, 12, 56)
(57, 13, 58, 12)
(13, 59, 14, 58)
(40, 54, 41, 53)
(41, 19, 42, 18)
(17, 43, 18, 42)
(43, 52, 44, 53)
(67, 25, 68, 24)
(28, 34, 29, 33)
(32, 30, 33, 29)
(27, 0, 28, 1)
