(141, 137, 142, 136)
(137, 143, 138, 142)
(143, 76, 144, 77)
(75, 26, 76, 27)
(27, 36, 28, 37)
(35, 42, 36, 43)
(30, 43, 31, 44)
(44, 31, 45, 32)
(134, 45, 135, 46)
(135, 141, 136, 140)
(139, 9, 140, 8)
(7, 139, 8, 138)
(6, 81, 7, 82)
(82, 77, 83, 78)
(83, 144, 84, 145)
(84, 11, 85, 12)
(19, 11, 20, 10)
(87, 20, 88, 21)
(88, 24, 89, 23)
(73, 24, 74, 25)
(25, 74, 26, 75)
(89, 73, 90, 72)
(71, 91, 72, 90)
(119, 70, 120, 71)
(118, 52, 119, 51)
(50, 118, 51, 117)
(37, 116, 38, 117)
(115, 38, 116, 39)
(28, 34, 29, 33)
(41, 34, 42, 35)
(40, 29, 41, 30)
(32, 39, 33, 40)
(55, 115, 56, 114)
(47, 57, 48, 56)
(46, 133, 47, 134)
(129, 132, 130, 133)
(105, 128, 106, 129)
(127, 104, 128, 105)
(95, 126, 96, 127)
(94, 22, 95, 21)
(22, 94, 23, 93)
(121, 92, 122, 93)
(91, 120, 92, 121)
(97, 122, 98, 123)
(98, 102, 99, 101)
(107, 102, 108, 103)
(108, 70, 109, 69)
(64, 109, 65, 110)
(52, 66, 53, 65)
(66, 54, 67, 53)
(49, 54, 50, 55)
(113, 49, 114, 48)
(59, 113, 60, 112)
(57, 61, 58, 60)
(61, 130, 62, 131)
(131, 62, 132, 63)
(68, 63, 69, 64)
(67, 111, 68, 110)
(111, 59, 112, 58)
(103, 106, 104, 107)
(124, 99, 125, 100)
(125, 96, 126, 97)
(100, 123, 101, 124)
(86, 10, 87, 9)
(85, 19, 86, 18)
(146, 17, 147, 18)
(145, 2, 146, 3)
(78, 3, 79, 4)
(4, 79, 5, 80)
(80, 5, 81, 6)
(16, 1, 17, 2)
(12, 15, 13, 16)
(147, 14, 0, 15)
(13, 0, 14, 1)
