(57, 106, 58, 107)
(145, 58, 146, 59)
(53, 146, 54, 147)
(97, 54, 98, 55)
(119, 99, 120, 98)
(105, 119, 106, 118)
(117, 102, 118, 103)
(103, 116, 104, 117)
(56, 116, 57, 115)
(133, 114, 134, 115)
(132, 135, 133, 136)
(129, 136, 130, 137)
(130, 142, 131, 141)
(142, 109, 143, 110)
(108, 143, 109, 144)
(144, 107, 145, 108)
(31, 110, 32, 111)
(29, 33, 30, 32)
(51, 29, 52, 28)
(59, 53, 60, 52)
(45, 61, 46, 60)
(11, 45, 12, 44)
(12, 9, 13, 10)
(85, 9, 86, 8)
(147, 87, 0, 86)
(96, 87, 97, 88)
(88, 123, 89, 124)
(55, 122, 56, 123)
(121, 101, 122, 100)
(99, 121, 100, 120)
(101, 105, 102, 104)
(124, 89, 125, 90)
(112, 125, 113, 126)
(113, 134, 114, 135)
(126, 132, 127, 131)
(127, 139, 128, 138)
(139, 129, 140, 128)
(137, 141, 138, 140)
(111, 30, 112, 31)
(90, 4, 91, 3)
(4, 92, 5, 91)
(92, 6, 93, 5)
(83, 7, 84, 6)
(82, 17, 83, 18)
(79, 18, 80, 19)
(19, 80, 20, 81)
(20, 33, 21, 34)
(34, 21, 35, 22)
(50, 35, 51, 36)
(36, 49, 37, 50)
(25, 49, 26, 48)
(47, 27, 48, 26)
(27, 47, 28, 46)
(37, 25, 38, 24)
(65, 39, 66, 38)
(39, 65, 40, 64)
(63, 41, 64, 40)
(41, 63, 42, 62)
(61, 43, 62, 42)
(43, 11, 44, 10)
(66, 13, 67, 14)
(14, 67, 15, 68)
(15, 70, 16, 71)
(69, 16, 70, 17)
(68, 71, 69, 72)
(77, 72, 78, 73)
(78, 82, 79, 81)
(73, 76, 74, 77)
(22, 75, 23, 76)
(74, 23, 75, 24)
(7, 85, 8, 84)
(93, 2, 94, 3)
(1, 94, 2, 95)
(95, 0, 96, 1)
