(116, 52, 117, 51)
(47, 51, 48, 50)
(73, 49, 74, 48)
(93, 73, 94, 72)
(71, 95, 72, 94)
(70, 16, 71, 15)
(14, 66, 15, 65)
(125, 64, 126, 65)
(124, 146, 125, 145)
(144, 124, 145, 123)
(122, 131, 123, 132)
(9, 133, 10, 132)
(119, 8, 120, 9)
(135, 119, 136, 118)
(117, 137, 118, 136)
(6, 138, 7, 137)
(12, 6, 13, 5)
(60, 14, 61, 13)
(59, 53, 60, 52)
(17, 59, 18, 58)
(18, 44, 19, 43)
(115, 44, 116, 45)
(76, 46, 77, 45)
(46, 76, 47, 75)
(49, 75, 50, 74)
(24, 78, 25, 77)
(78, 24, 79, 23)
(84, 80, 85, 79)
(80, 84, 81, 83)
(92, 81, 93, 82)
(82, 91, 83, 92)
(87, 91, 88, 90)
(29, 88, 30, 89)
(30, 97, 31, 98)
(96, 41, 97, 42)
(42, 95, 43, 96)
(40, 108, 41, 107)
(106, 113, 107, 114)
(114, 19, 115, 20)
(103, 21, 104, 20)
(21, 103, 22, 102)
(22, 25, 23, 26)
(26, 85, 27, 86)
(86, 27, 87, 28)
(89, 28, 90, 29)
(34, 101, 35, 102)
(100, 33, 101, 34)
(32, 99, 33, 100)
(98, 31, 99, 32)
(35, 105, 36, 104)
(105, 37, 106, 36)
(37, 108, 38, 109)
(111, 39, 112, 38)
(39, 111, 40, 110)
(109, 112, 110, 113)
(57, 17, 58, 16)
(56, 67, 57, 68)
(68, 55, 69, 56)
(54, 69, 55, 70)
(66, 53, 67, 54)
(126, 62, 127, 61)
(147, 63, 148, 62)
(63, 147, 64, 146)
(1, 148, 2, 149)
(2, 130, 3, 129)
(143, 130, 144, 131)
(142, 140, 143, 139)
(11, 138, 12, 139)
(121, 11, 122, 10)
(133, 120, 134, 121)
(134, 8, 135, 7)
(141, 4, 142, 5)
(3, 140, 4, 141)
(149, 129, 0, 128)
(127, 1, 128, 0)
