(108, 77, 109, 78)
(78, 107, 79, 108)
(106, 99, 107, 100)
(117, 101, 118, 100)
(37, 116, 38, 117)
(36, 112, 37, 111)
(34, 36, 35, 35)
(33, 127, 34, 126)
(125, 72, 126, 73)
(73, 111, 74, 110)
(109, 75, 110, 74)
(75, 143, 76, 142)
(143, 77, 144, 76)
(121, 145, 122, 144)
(43, 120, 44, 121)
(119, 42, 120, 43)
(103, 119, 104, 118)
(104, 86, 105, 85)
(86, 81, 87, 82)
(80, 87, 81, 88)
(88, 79, 89, 80)
(89, 94, 90, 95)
(93, 90, 94, 91)
(98, 91, 99, 92)
(92, 97, 93, 98)
(83, 97, 84, 96)
(84, 106, 85, 105)
(95, 83, 96, 82)
(102, 40, 103, 39)
(38, 102, 39, 101)
(115, 113, 116, 112)
(129, 29, 130, 28)
(29, 33, 30, 32)
(1, 30, 2, 31)
(2, 149, 3, 0)
(148, 71, 149, 72)
(147, 69, 148, 68)
(138, 68, 139, 67)
(124, 139, 125, 140)
(140, 123, 141, 124)
(122, 141, 123, 142)
(145, 66, 146, 67)
(65, 45, 66, 44)
(21, 65, 22, 64)
(63, 23, 64, 22)
(53, 63, 54, 62)
(61, 55, 62, 54)
(60, 25, 61, 26)
(26, 42, 27, 41)
(40, 28, 41, 27)
(128, 114, 129, 113)
(114, 128, 115, 127)
(59, 51, 60, 50)
(12, 49, 13, 50)
(4, 9, 5, 10)
(130, 3, 131, 4)
(131, 48, 132, 49)
(47, 132, 48, 133)
(18, 134, 19, 133)
(134, 18, 135, 17)
(70, 135, 71, 136)
(136, 69, 137, 70)
(137, 147, 138, 146)
(16, 19, 17, 20)
(20, 45, 21, 46)
(46, 15, 47, 16)
(57, 14, 58, 15)
(23, 56, 24, 57)
(55, 52, 56, 53)
(51, 24, 52, 25)
(13, 58, 14, 59)
(8, 8, 9, 7)
(6, 11, 7, 12)
(10, 5, 11, 6)
(31, 0, 32, 1)
