(129, 138, 130, 139)
(130, 136, 131, 135)
(6, 131, 7, 132)
(7, 136, 8, 137)
(127, 9, 128, 8)
(137, 128, 138, 129)
(23, 97, 24, 96)
(93, 25, 94, 24)
(9, 91, 10, 90)
(91, 11, 92, 10)
(11, 127, 12, 126)
(16, 22, 17, 21)
(97, 23, 98, 22)
(125, 99, 126, 98)
(99, 125, 100, 124)
(100, 121, 101, 122)
(120, 103, 121, 104)
(95, 104, 96, 105)
(105, 94, 106, 95)
(29, 107, 30, 106)
(107, 29, 108, 28)
(108, 114, 109, 113)
(114, 25, 115, 26)
(80, 116, 81, 115)
(40, 79, 41, 80)
(70, 39, 71, 40)
(92, 89, 93, 90)
(88, 32, 89, 31)
(30, 119, 31, 120)
(118, 88, 119, 87)
(86, 118, 87, 117)
(116, 82, 117, 81)
(82, 85, 83, 86)
(45, 84, 46, 85)
(47, 45, 48, 44)
(43, 49, 44, 48)
(42, 33, 43, 34)
(34, 41, 35, 42)
(72, 36, 73, 35)
(71, 78, 72, 79)
(74, 78, 75, 77)
(38, 75, 39, 76)
(76, 37, 77, 38)
(36, 74, 37, 73)
(32, 69, 33, 70)
(65, 62, 66, 63)
(55, 67, 56, 66)
(49, 54, 50, 55)
(53, 50, 54, 51)
(51, 59, 52, 58)
(68, 59, 69, 60)
(63, 60, 64, 61)
(61, 64, 62, 65)
(67, 57, 68, 56)
(57, 53, 58, 52)
(83, 46, 84, 47)
(111, 27, 112, 26)
(27, 111, 28, 110)
(112, 110, 113, 109)
(102, 123, 103, 124)
(122, 101, 123, 102)
(14, 18, 15, 17)
(18, 14, 19, 13)
(12, 20, 13, 19)
(20, 16, 21, 15)
(147, 133, 148, 132)
(133, 147, 134, 146)
(134, 139, 135, 140)
(140, 145, 141, 146)
(1, 145, 2, 144)
(143, 3, 144, 2)
(142, 0, 143, 149)
(5, 149, 6, 148)
(141, 4, 142, 5)
(3, 0, 4, 1)
