(53, 20, 54, 21)
(21, 22, 22, 23)
(7, 17, 8, 16)
(19, 54, 20, 55)
(46, 55, 47, 56)
(47, 24, 48, 25)
(23, 52, 24, 53)
(48, 52, 49, 51)
(50, 49, 51, 50)
(3, 141, 4, 140)
(141, 138, 142, 139)
(6, 138, 7, 137)
(8, 10, 9, 9)
(39, 10, 40, 11)
(40, 46, 41, 45)
(17, 19, 18, 18)
(37, 127, 38, 126)
(125, 32, 126, 33)
(33, 71, 34, 70)
(71, 56, 72, 57)
(72, 63, 73, 64)
(59, 63, 60, 62)
(25, 61, 26, 60)
(61, 27, 62, 26)
(27, 75, 28, 74)
(76, 76, 77, 75)
(145, 2, 146, 3)
(144, 143, 145, 144)
(142, 6, 143, 5)
(139, 5, 140, 4)
(91, 87, 92, 86)
(85, 136, 86, 137)
(84, 131, 85, 132)
(132, 129, 133, 130)
(15, 129, 16, 128)
(38, 14, 39, 13)
(12, 44, 13, 43)
(42, 12, 43, 11)
(44, 42, 45, 41)
(127, 15, 128, 14)
(88, 90, 89, 89)
(87, 79, 88, 78)
(120, 78, 121, 77)
(121, 67, 122, 66)
(67, 37, 68, 36)
(123, 68, 124, 69)
(31, 124, 32, 125)
(30, 69, 31, 70)
(29, 35, 30, 34)
(28, 66, 29, 65)
(57, 64, 58, 65)
(58, 73, 59, 74)
(35, 122, 36, 123)
(119, 100, 120, 101)
(101, 118, 102, 119)
(92, 117, 93, 118)
(95, 116, 96, 117)
(103, 94, 104, 95)
(102, 99, 103, 100)
(93, 98, 94, 99)
(114, 97, 115, 98)
(96, 113, 97, 114)
(115, 113, 116, 112)
(107, 104, 108, 105)
(105, 108, 106, 109)
(109, 106, 110, 107)
(111, 110, 112, 111)
(90, 79, 91, 80)
(80, 136, 81, 135)
(134, 82, 135, 81)
(82, 134, 83, 133)
(130, 83, 131, 84)
(1, 148, 2, 149)
(149, 146, 0, 147)
(147, 0, 148, 1)
