(144, 142, 145, 141)
(142, 3, 143, 4)
(2, 143, 3, 144)
(134, 2, 135, 1)
(135, 141, 136, 140)
(139, 137, 140, 136)
(149, 138, 0, 139)
(101, 149, 102, 148)
(147, 103, 148, 102)
(5, 146, 6, 147)
(145, 4, 146, 5)
(6, 104, 7, 103)
(133, 104, 134, 105)
(105, 82, 106, 83)
(81, 106, 82, 107)
(10, 108, 11, 107)
(28, 9, 29, 10)
(8, 27, 9, 28)
(100, 8, 101, 7)
(99, 131, 100, 130)
(132, 130, 133, 129)
(89, 128, 90, 129)
(127, 88, 128, 89)
(91, 127, 92, 126)
(83, 93, 84, 92)
(93, 24, 94, 25)
(23, 20, 24, 21)
(74, 22, 75, 21)
(73, 76, 74, 77)
(77, 81, 78, 80)
(13, 79, 14, 78)
(12, 110, 13, 109)
(108, 12, 109, 11)
(110, 71, 111, 72)
(70, 69, 71, 70)
(34, 122, 35, 121)
(29, 120, 30, 121)
(119, 30, 120, 31)
(116, 32, 117, 31)
(122, 116, 123, 115)
(123, 27, 124, 26)
(124, 96, 125, 95)
(85, 96, 86, 97)
(97, 86, 98, 87)
(131, 99, 132, 98)
(87, 90, 88, 91)
(125, 85, 126, 84)
(25, 94, 26, 95)
(17, 114, 18, 115)
(19, 17, 20, 16)
(15, 72, 16, 73)
(79, 15, 80, 14)
(113, 18, 114, 19)
(111, 112, 112, 113)
(35, 55, 36, 54)
(55, 60, 56, 61)
(59, 56, 60, 57)
(57, 58, 58, 59)
(68, 62, 69, 61)
(67, 65, 68, 64)
(63, 67, 64, 66)
(65, 63, 66, 62)
(49, 39, 50, 38)
(48, 46, 49, 45)
(43, 45, 44, 44)
(42, 40, 43, 39)
(41, 47, 42, 46)
(47, 41, 48, 40)
(51, 51, 52, 50)
(37, 53, 38, 52)
(53, 37, 54, 36)
(32, 118, 33, 117)
(118, 34, 119, 33)
(22, 76, 23, 75)
(137, 0, 138, 1)
