(41, 118, 42, 119)
(8, 97, 9, 98)
(98, 118, 99, 117)
(138, 100, 139, 99)
(100, 138, 101, 137)
(40, 101, 41, 102)
(102, 39, 103, 40)
(38, 120, 39, 119)
(120, 38, 121, 37)
(20, 122, 21, 121)
(96, 19, 97, 20)
(42, 95, 43, 96)
(9, 90, 10, 91)
(14, 90, 15, 89)
(48, 16, 49, 15)
(47, 18, 48, 19)
(46, 70, 47, 69)
(68, 46, 69, 45)
(44, 68, 45, 67)
(66, 44, 67, 43)
(56, 66, 57, 65)
(57, 12, 58, 13)
(92, 11, 93, 12)
(91, 94, 92, 95)
(10, 93, 11, 94)
(13, 58, 14, 59)
(59, 81, 60, 80)
(81, 89, 82, 88)
(82, 76, 83, 75)
(76, 84, 77, 83)
(84, 78, 85, 77)
(73, 79, 74, 78)
(55, 72, 56, 73)
(54, 50, 55, 49)
(16, 53, 17, 54)
(52, 17, 53, 18)
(51, 71, 52, 70)
(71, 51, 72, 50)
(64, 79, 65, 80)
(63, 61, 64, 60)
(62, 87, 63, 88)
(86, 61, 87, 62)
(85, 74, 86, 75)
(25, 122, 26, 123)
(5, 26, 6, 27)
(6, 114, 7, 113)
(114, 8, 115, 7)
(115, 140, 116, 141)
(139, 116, 140, 117)
(141, 137, 142, 136)
(103, 143, 104, 142)
(143, 105, 144, 104)
(36, 105, 37, 106)
(106, 31, 107, 32)
(30, 145, 31, 146)
(146, 129, 147, 130)
(149, 128, 0, 129)
(1, 149, 2, 148)
(2, 125, 3, 126)
(124, 23, 125, 24)
(24, 21, 25, 22)
(22, 123, 23, 124)
(130, 3, 131, 4)
(4, 131, 5, 132)
(29, 133, 30, 132)
(133, 29, 134, 28)
(27, 135, 28, 134)
(112, 135, 113, 136)
(111, 145, 112, 144)
(110, 33, 111, 34)
(34, 109, 35, 110)
(108, 35, 109, 36)
(32, 107, 33, 108)
(147, 127, 148, 126)
(127, 0, 128, 1)
