(81, 87, 82, 86)
(79, 83, 80, 82)
(75, 79, 76, 78)
(76, 89, 77, 90)
(119, 89, 120, 88)
(87, 121, 88, 120)
(121, 85, 122, 84)
(85, 81, 86, 80)
(83, 123, 84, 122)
(132, 124, 133, 123)
(131, 74, 132, 75)
(130, 137, 131, 138)
(138, 141, 139, 142)
(117, 141, 118, 140)
(118, 91, 119, 92)
(90, 77, 91, 78)
(133, 93, 134, 92)
(93, 135, 94, 134)
(124, 136, 125, 135)
(136, 74, 137, 73)
(72, 129, 73, 130)
(71, 50, 72, 51)
(142, 52, 143, 51)
(52, 116, 53, 115)
(139, 117, 140, 116)
(53, 27, 54, 26)
(22, 28, 23, 27)
(21, 33, 22, 32)
(31, 21, 32, 20)
(19, 97, 20, 96)
(126, 96, 127, 95)
(94, 128, 95, 127)
(128, 125, 129, 126)
(45, 19, 46, 18)
(46, 11, 47, 12)
(10, 148, 11, 147)
(49, 147, 50, 146)
(145, 14, 146, 15)
(15, 144, 16, 145)
(143, 70, 144, 71)
(69, 60, 70, 61)
(102, 62, 103, 61)
(112, 102, 113, 101)
(113, 25, 114, 24)
(25, 115, 26, 114)
(23, 55, 24, 54)
(55, 28, 56, 29)
(30, 33, 31, 34)
(34, 99, 35, 100)
(98, 42, 99, 41)
(40, 98, 41, 97)
(42, 40, 43, 39)
(38, 44, 39, 43)
(44, 38, 45, 37)
(64, 105, 65, 106)
(65, 62, 66, 63)
(66, 109, 67, 110)
(108, 111, 109, 112)
(68, 108, 69, 107)
(36, 59, 37, 60)
(58, 35, 59, 36)
(100, 58, 101, 57)
(29, 56, 30, 57)
(106, 63, 107, 64)
(110, 67, 111, 68)
(104, 104, 105, 103)
(13, 17, 14, 16)
(17, 13, 18, 12)
(3, 48, 4, 49)
(47, 2, 48, 3)
(1, 150, 2, 151)
(151, 6, 0, 7)
(148, 5, 149, 6)
(9, 5, 10, 4)
(8, 149, 9, 150)
(7, 0, 8, 1)
