(90, 82, 91, 81)
(138, 135, 139, 136)
(129, 137, 130, 136)
(128, 79, 129, 80)
(80, 127, 81, 128)
(126, 109, 127, 110)
(107, 111, 108, 110)
(100, 92, 101, 91)
(124, 100, 125, 99)
(108, 125, 109, 126)
(103, 99, 104, 98)
(113, 104, 114, 105)
(111, 115, 112, 114)
(115, 107, 116, 106)
(93, 117, 94, 116)
(92, 102, 93, 101)
(123, 102, 124, 103)
(122, 117, 123, 118)
(97, 118, 98, 119)
(119, 96, 120, 97)
(95, 120, 96, 121)
(121, 94, 122, 95)
(105, 112, 106, 113)
(82, 89, 83, 90)
(84, 87, 85, 88)
(88, 83, 89, 84)
(85, 86, 86, 87)
(75, 79, 76, 78)
(33, 77, 34, 76)
(139, 142, 140, 143)
(21, 132, 22, 133)
(131, 134, 132, 135)
(137, 131, 138, 130)
(133, 22, 134, 23)
(23, 75, 24, 74)
(71, 24, 72, 25)
(25, 72, 26, 73)
(35, 27, 36, 26)
(77, 35, 78, 34)
(3, 32, 4, 33)
(31, 2, 32, 3)
(143, 30, 144, 31)
(10, 30, 11, 29)
(11, 37, 12, 36)
(40, 37, 41, 38)
(41, 52, 42, 53)
(140, 51, 141, 52)
(50, 141, 51, 142)
(49, 47, 50, 46)
(45, 42, 46, 43)
(43, 44, 44, 45)
(20, 14, 21, 13)
(12, 69, 13, 70)
(70, 74, 71, 73)
(63, 68, 64, 69)
(62, 56, 63, 55)
(57, 55, 58, 54)
(59, 59, 60, 58)
(38, 39, 39, 40)
(53, 61, 54, 60)
(56, 62, 57, 61)
(14, 67, 15, 68)
(17, 66, 18, 67)
(16, 19, 17, 20)
(15, 65, 16, 64)
(65, 18, 66, 19)
(48, 47, 49, 48)
(28, 145, 29, 146)
(146, 27, 147, 28)
(8, 148, 9, 147)
(7, 5, 8, 4)
(5, 7, 6, 6)
(1, 149, 2, 148)
(9, 144, 10, 145)
(151, 150, 0, 151)
(149, 1, 150, 0)
