(46, 44, 47, 43)
(42, 74, 43, 73)
(47, 72, 48, 73)
(71, 107, 72, 106)
(102, 106, 103, 105)
(44, 104, 45, 103)
(104, 46, 105, 45)
(150, 101, 151, 102)
(149, 99, 150, 98)
(97, 75, 98, 74)
(96, 37, 97, 38)
(38, 42, 39, 41)
(39, 141, 40, 140)
(34, 142, 35, 141)
(33, 133, 34, 132)
(68, 132, 69, 131)
(48, 70, 49, 69)
(107, 71, 108, 70)
(123, 108, 124, 109)
(1, 11, 2, 10)
(2, 151, 3, 0)
(100, 3, 101, 4)
(4, 99, 5, 100)
(8, 6, 9, 5)
(7, 148, 8, 149)
(147, 6, 148, 7)
(146, 27, 147, 28)
(83, 29, 84, 28)
(82, 76, 83, 75)
(81, 30, 82, 31)
(31, 95, 32, 94)
(36, 95, 37, 96)
(138, 36, 139, 35)
(139, 41, 140, 40)
(134, 138, 135, 137)
(135, 142, 136, 143)
(143, 136, 144, 137)
(144, 133, 145, 134)
(32, 145, 33, 146)
(93, 81, 94, 80)
(79, 93, 80, 92)
(88, 92, 89, 91)
(84, 90, 85, 89)
(90, 86, 91, 85)
(77, 87, 78, 86)
(29, 76, 30, 77)
(87, 79, 88, 78)
(51, 125, 52, 124)
(125, 51, 126, 50)
(126, 60, 127, 59)
(67, 60, 68, 61)
(61, 64, 62, 65)
(63, 130, 64, 131)
(129, 62, 130, 63)
(128, 65, 129, 66)
(66, 127, 67, 128)
(58, 50, 59, 49)
(57, 52, 58, 53)
(118, 53, 119, 54)
(119, 123, 120, 122)
(120, 113, 121, 114)
(55, 113, 56, 112)
(109, 57, 110, 56)
(110, 118, 111, 117)
(116, 112, 117, 111)
(115, 55, 116, 54)
(114, 121, 115, 122)
(23, 27, 24, 26)
(11, 25, 12, 24)
(25, 23, 26, 22)
(14, 22, 15, 21)
(20, 16, 21, 15)
(18, 20, 19, 19)
(17, 13, 18, 12)
(13, 17, 14, 16)
(9, 1, 10, 0)
