(124, 89, 125, 90)
(88, 125, 89, 126)
(126, 17, 127, 18)
(16, 127, 17, 128)
(121, 128, 122, 129)
(122, 93, 123, 94)
(92, 123, 93, 124)
(91, 38, 92, 39)
(39, 90, 40, 91)
(65, 41, 66, 40)
(55, 64, 56, 65)
(54, 59, 55, 60)
(87, 60, 88, 61)
(61, 86, 62, 87)
(85, 51, 86, 50)
(82, 49, 83, 50)
(81, 78, 82, 79)
(30, 80, 31, 79)
(29, 118, 30, 119)
(18, 120, 19, 119)
(15, 120, 16, 121)
(19, 15, 20, 14)
(5, 21, 6, 20)
(21, 5, 22, 4)
(147, 23, 148, 22)
(141, 146, 142, 147)
(113, 140, 114, 141)
(131, 113, 132, 112)
(111, 133, 112, 132)
(135, 111, 136, 110)
(101, 96, 102, 97)
(95, 100, 96, 101)
(129, 94, 130, 95)
(130, 140, 131, 139)
(133, 109, 134, 108)
(109, 135, 110, 134)
(107, 139, 108, 138)
(137, 107, 138, 106)
(105, 137, 106, 136)
(104, 98, 105, 97)
(98, 104, 99, 103)
(102, 100, 103, 99)
(114, 10, 115, 9)
(10, 116, 11, 115)
(116, 35, 117, 36)
(37, 35, 38, 34)
(33, 67, 34, 66)
(67, 33, 68, 32)
(46, 74, 47, 73)
(72, 42, 73, 41)
(71, 57, 72, 56)
(57, 71, 58, 70)
(63, 58, 64, 59)
(53, 63, 54, 62)
(83, 53, 84, 52)
(51, 85, 52, 84)
(76, 70, 77, 69)
(77, 49, 78, 48)
(47, 69, 48, 68)
(75, 45, 76, 44)
(43, 75, 44, 74)
(45, 43, 46, 42)
(80, 32, 81, 31)
(36, 117, 37, 118)
(11, 8, 12, 9)
(7, 12, 8, 13)
(13, 29, 14, 28)
(6, 27, 7, 28)
(26, 146, 27, 145)
(1, 145, 2, 144)
(2, 149, 3, 150)
(148, 3, 149, 4)
(23, 151, 24, 150)
(151, 25, 0, 24)
(142, 26, 143, 25)
(143, 1, 144, 0)
