(6, 47, 7, 48)
(4, 5, 5, 6)
(7, 3, 8, 2)
(46, 3, 47, 4)
(124, 45, 125, 46)
(30, 123, 31, 124)
(122, 29, 123, 30)
(121, 152, 122, 153)
(12, 0, 13, 153)
(11, 49, 12, 48)
(10, 1, 11, 2)
(9, 53, 10, 52)
(51, 9, 52, 8)
(50, 53, 51, 54)
(129, 55, 130, 54)
(91, 128, 92, 129)
(127, 90, 128, 91)
(80, 126, 81, 125)
(76, 80, 77, 79)
(77, 148, 78, 149)
(36, 148, 37, 147)
(37, 32, 38, 33)
(44, 32, 45, 31)
(43, 38, 44, 39)
(39, 42, 40, 43)
(41, 34, 42, 35)
(146, 36, 147, 35)
(150, 146, 151, 145)
(28, 151, 29, 152)
(27, 112, 28, 113)
(116, 113, 117, 114)
(14, 118, 15, 117)
(13, 120, 14, 121)
(119, 139, 120, 138)
(137, 105, 138, 104)
(103, 100, 104, 101)
(132, 102, 133, 101)
(134, 132, 135, 131)
(130, 136, 131, 135)
(136, 99, 137, 100)
(98, 58, 99, 57)
(56, 98, 57, 97)
(96, 56, 97, 55)
(95, 93, 96, 92)
(94, 93, 95, 94)
(89, 126, 90, 127)
(83, 89, 84, 88)
(84, 85, 85, 86)
(81, 87, 82, 86)
(87, 83, 88, 82)
(58, 76, 59, 75)
(144, 59, 145, 60)
(60, 143, 61, 144)
(142, 61, 143, 62)
(65, 62, 66, 63)
(66, 71, 67, 72)
(70, 67, 71, 68)
(17, 68, 18, 69)
(18, 110, 19, 109)
(21, 110, 22, 111)
(111, 22, 112, 23)
(26, 23, 27, 24)
(115, 24, 116, 25)
(25, 114, 26, 115)
(20, 108, 21, 107)
(15, 106, 16, 107)
(140, 105, 141, 106)
(139, 119, 140, 118)
(74, 141, 75, 142)
(64, 74, 65, 73)
(72, 64, 73, 63)
(69, 16, 70, 17)
(108, 20, 109, 19)
(102, 134, 103, 133)
(149, 78, 150, 79)
(33, 40, 34, 41)
(49, 1, 50, 0)
