(54, 12, 55, 11)
(51, 12, 52, 13)
(52, 9, 53, 10)
(8, 53, 9, 54)
(7, 10, 8, 11)
(13, 7, 14, 6)
(5, 15, 6, 14)
(4, 125, 5, 126)
(55, 127, 56, 126)
(50, 127, 51, 128)
(48, 114, 49, 113)
(19, 112, 20, 113)
(111, 18, 112, 19)
(15, 110, 16, 111)
(43, 125, 44, 124)
(65, 45, 66, 44)
(64, 59, 65, 60)
(60, 152, 61, 151)
(1, 152, 2, 153)
(2, 147, 3, 148)
(146, 3, 147, 4)
(145, 57, 146, 56)
(141, 144, 142, 145)
(140, 122, 141, 121)
(117, 121, 118, 120)
(135, 119, 136, 118)
(49, 135, 50, 134)
(133, 129, 134, 128)
(129, 133, 130, 132)
(130, 131, 131, 132)
(119, 137, 120, 136)
(137, 116, 138, 117)
(115, 138, 116, 139)
(139, 114, 140, 115)
(122, 48, 123, 47)
(123, 67, 124, 66)
(67, 76, 68, 77)
(75, 21, 76, 20)
(23, 75, 24, 74)
(41, 25, 42, 24)
(25, 41, 26, 40)
(31, 26, 32, 27)
(17, 32, 18, 33)
(33, 16, 34, 17)
(109, 34, 110, 35)
(83, 83, 84, 82)
(81, 85, 82, 84)
(77, 80, 78, 81)
(79, 73, 80, 72)
(68, 71, 69, 72)
(70, 22, 71, 21)
(22, 70, 23, 69)
(73, 79, 74, 78)
(85, 42, 86, 43)
(35, 86, 36, 87)
(87, 36, 88, 37)
(37, 88, 38, 89)
(89, 38, 90, 39)
(39, 90, 40, 91)
(102, 92, 103, 91)
(92, 102, 93, 101)
(30, 93, 31, 94)
(27, 95, 28, 94)
(95, 29, 96, 28)
(29, 97, 30, 96)
(97, 107, 98, 106)
(107, 99, 108, 98)
(99, 109, 100, 108)
(100, 105, 101, 106)
(103, 104, 104, 105)
(46, 144, 47, 143)
(142, 46, 143, 45)
(148, 57, 149, 58)
(58, 149, 59, 150)
(150, 64, 151, 63)
(153, 63, 0, 62)
(61, 1, 62, 0)
