(26, 23, 27, 24)
(14, 26, 15, 25)
(24, 16, 25, 15)
(13, 17, 14, 16)
(29, 12, 30, 13)
(11, 28, 12, 29)
(27, 10, 28, 11)
(142, 9, 143, 10)
(141, 19, 142, 18)
(22, 18, 23, 17)
(96, 22, 97, 21)
(97, 40, 98, 41)
(39, 152, 40, 153)
(32, 0, 33, 153)
(31, 145, 32, 144)
(143, 31, 144, 30)
(145, 5, 146, 4)
(8, 5, 9, 6)
(6, 140, 7, 139)
(19, 141, 20, 140)
(20, 96, 21, 95)
(135, 94, 136, 95)
(91, 134, 92, 135)
(90, 116, 91, 115)
(114, 90, 115, 89)
(88, 107, 89, 108)
(108, 41, 109, 42)
(109, 102, 110, 103)
(101, 99, 102, 98)
(120, 150, 121, 149)
(150, 122, 151, 121)
(122, 152, 123, 151)
(148, 124, 149, 123)
(136, 148, 137, 147)
(146, 138, 147, 137)
(138, 8, 139, 7)
(129, 125, 130, 124)
(128, 131, 129, 132)
(93, 132, 94, 133)
(133, 92, 134, 93)
(127, 117, 128, 116)
(117, 127, 118, 126)
(86, 114, 87, 113)
(106, 87, 107, 88)
(80, 105, 81, 106)
(74, 79, 75, 80)
(78, 73, 79, 74)
(77, 68, 78, 69)
(44, 69, 45, 70)
(42, 46, 43, 45)
(103, 47, 104, 46)
(60, 47, 61, 48)
(48, 61, 49, 62)
(62, 49, 63, 50)
(50, 63, 51, 64)
(51, 110, 52, 111)
(57, 53, 58, 52)
(56, 85, 57, 86)
(99, 101, 100, 100)
(118, 120, 119, 119)
(112, 82, 113, 81)
(58, 112, 59, 111)
(59, 65, 60, 64)
(104, 65, 105, 66)
(71, 66, 72, 67)
(72, 75, 73, 76)
(67, 76, 68, 77)
(70, 43, 71, 44)
(54, 53, 55, 54)
(84, 55, 85, 56)
(82, 84, 83, 83)
(125, 131, 126, 130)
(36, 3, 37, 4)
(2, 35, 3, 36)
(34, 1, 35, 2)
(38, 34, 39, 33)
(37, 1, 38, 0)
