(15, 152, 16, 153)
(10, 151, 11, 152)
(9, 14, 10, 15)
(1, 9, 2, 8)
(153, 3, 0, 2)
(3, 6, 4, 7)
(26, 5, 27, 6)
(148, 26, 149, 25)
(12, 150, 13, 149)
(16, 11, 17, 12)
(150, 17, 151, 18)
(18, 14, 19, 13)
(28, 20, 29, 19)
(4, 27, 5, 28)
(20, 30, 21, 29)
(30, 148, 31, 147)
(31, 108, 32, 109)
(74, 42, 75, 41)
(24, 74, 25, 73)
(72, 22, 73, 21)
(22, 72, 23, 71)
(70, 24, 71, 23)
(66, 69, 67, 70)
(100, 65, 101, 66)
(64, 99, 65, 100)
(126, 63, 127, 64)
(62, 125, 63, 126)
(124, 61, 125, 62)
(123, 116, 124, 117)
(117, 147, 118, 146)
(145, 119, 146, 118)
(144, 142, 145, 141)
(109, 140, 110, 141)
(139, 51, 140, 50)
(49, 33, 50, 32)
(48, 107, 49, 108)
(47, 40, 48, 41)
(39, 46, 40, 47)
(45, 38, 46, 39)
(44, 44, 45, 43)
(42, 76, 43, 75)
(76, 67, 77, 68)
(68, 77, 69, 78)
(103, 78, 104, 79)
(104, 101, 105, 102)
(105, 81, 106, 80)
(84, 82, 85, 81)
(86, 84, 87, 83)
(54, 128, 55, 127)
(53, 56, 54, 57)
(131, 60, 132, 61)
(130, 52, 131, 51)
(93, 97, 94, 96)
(94, 92, 95, 91)
(98, 87, 99, 88)
(82, 86, 83, 85)
(128, 56, 129, 55)
(52, 138, 53, 137)
(136, 58, 137, 57)
(135, 133, 136, 132)
(134, 59, 135, 60)
(58, 133, 59, 134)
(129, 138, 130, 139)
(88, 97, 89, 98)
(92, 89, 93, 90)
(90, 96, 91, 95)
(33, 107, 34, 106)
(37, 35, 38, 34)
(36, 35, 37, 36)
(79, 102, 80, 103)
(143, 111, 144, 110)
(111, 143, 112, 142)
(112, 122, 113, 121)
(115, 122, 116, 123)
(114, 120, 115, 119)
(120, 114, 121, 113)
(7, 1, 8, 0)
