(2, 3, 3, 4)
(100, 100, 101, 99)
(5, 5, 6, 4)
(153, 90, 0, 91)
(88, 92, 89, 91)
(84, 87, 85, 88)
(83, 76, 84, 77)
(74, 78, 75, 77)
(73, 130, 74, 131)
(70, 132, 71, 131)
(64, 69, 65, 70)
(54, 64, 55, 63)
(55, 9, 56, 8)
(9, 6, 10, 7)
(61, 11, 62, 10)
(60, 31, 61, 32)
(27, 32, 28, 33)
(28, 25, 29, 26)
(35, 25, 36, 24)
(36, 101, 37, 102)
(102, 37, 103, 38)
(108, 103, 109, 104)
(114, 109, 115, 110)
(115, 119, 116, 118)
(119, 99, 120, 98)
(120, 95, 121, 96)
(94, 151, 95, 152)
(89, 152, 90, 153)
(93, 87, 94, 86)
(85, 93, 86, 92)
(79, 151, 80, 150)
(149, 81, 150, 80)
(81, 149, 82, 148)
(75, 82, 76, 83)
(78, 147, 79, 148)
(146, 142, 147, 141)
(140, 129, 141, 130)
(132, 140, 133, 139)
(138, 134, 139, 133)
(134, 138, 135, 137)
(72, 135, 73, 136)
(136, 71, 137, 72)
(145, 128, 146, 129)
(65, 144, 66, 145)
(143, 66, 144, 67)
(50, 68, 51, 67)
(68, 50, 69, 49)
(53, 49, 54, 48)
(47, 53, 48, 52)
(51, 47, 52, 46)
(12, 45, 13, 46)
(11, 59, 12, 58)
(57, 62, 58, 63)
(7, 57, 8, 56)
(30, 59, 31, 60)
(34, 29, 35, 30)
(33, 26, 34, 27)
(19, 44, 20, 45)
(23, 19, 24, 18)
(17, 39, 18, 38)
(16, 106, 17, 105)
(104, 107, 105, 108)
(106, 16, 107, 15)
(14, 39, 15, 40)
(40, 13, 41, 14)
(41, 22, 42, 23)
(21, 42, 22, 43)
(43, 20, 44, 21)
(142, 128, 143, 127)
(126, 121, 127, 122)
(122, 114, 123, 113)
(112, 124, 113, 123)
(124, 112, 125, 111)
(110, 126, 111, 125)
(117, 96, 118, 97)
(97, 116, 98, 117)
(1, 1, 2, 0)
