(114, 111, 115, 112)
(113, 113, 114, 112)
(115, 111, 116, 110)
(116, 109, 117, 110)
(119, 109, 120, 108)
(125, 120, 126, 121)
(117, 107, 118, 106)
(107, 119, 108, 118)
(131, 126, 132, 127)
(127, 125, 128, 124)
(123, 129, 124, 128)
(129, 123, 130, 122)
(121, 131, 122, 130)
(134, 134, 135, 133)
(132, 136, 133, 135)
(136, 150, 137, 149)
(150, 27, 151, 28)
(79, 26, 80, 27)
(75, 78, 76, 79)
(105, 75, 106, 74)
(62, 73, 63, 74)
(102, 62, 103, 61)
(60, 104, 61, 103)
(59, 56, 60, 57)
(57, 6, 58, 7)
(5, 51, 6, 50)
(4, 15, 5, 16)
(16, 31, 17, 32)
(30, 33, 31, 34)
(45, 35, 46, 34)
(49, 145, 50, 144)
(143, 49, 144, 48)
(148, 48, 149, 47)
(139, 46, 140, 47)
(29, 138, 30, 139)
(137, 28, 138, 29)
(35, 45, 36, 44)
(141, 36, 142, 37)
(145, 143, 146, 142)
(146, 40, 147, 39)
(40, 148, 41, 147)
(38, 42, 39, 41)
(42, 38, 43, 37)
(43, 140, 44, 141)
(32, 17, 33, 18)
(18, 2, 19, 1)
(2, 20, 3, 19)
(20, 153, 21, 0)
(152, 14, 153, 13)
(12, 152, 13, 151)
(80, 11, 81, 12)
(23, 11, 24, 10)
(77, 25, 78, 24)
(25, 77, 26, 76)
(9, 82, 10, 83)
(88, 83, 89, 84)
(104, 89, 105, 90)
(97, 90, 98, 91)
(98, 65, 99, 66)
(64, 99, 65, 100)
(100, 63, 101, 64)
(101, 73, 102, 72)
(71, 66, 72, 67)
(92, 68, 93, 67)
(91, 96, 92, 97)
(70, 96, 71, 95)
(94, 70, 95, 69)
(68, 94, 69, 93)
(84, 54, 85, 53)
(54, 86, 55, 85)
(86, 56, 87, 55)
(87, 52, 88, 53)
(8, 51, 9, 52)
(7, 58, 8, 59)
(22, 81, 23, 82)
(14, 22, 15, 21)
(3, 0, 4, 1)
