(5, 10, 6, 11)
(9, 4, 10, 5)
(3, 8, 4, 9)
(2, 145, 3, 146)
(146, 17, 147, 18)
(16, 37, 17, 38)
(38, 11, 39, 12)
(39, 22, 40, 23)
(21, 40, 22, 41)
(62, 41, 63, 42)
(63, 53, 64, 52)
(6, 54, 7, 53)
(54, 8, 55, 7)
(144, 55, 145, 56)
(56, 62, 57, 61)
(57, 124, 58, 125)
(136, 124, 137, 123)
(137, 120, 138, 121)
(132, 119, 133, 120)
(131, 70, 132, 71)
(71, 74, 72, 75)
(86, 73, 87, 74)
(42, 85, 43, 86)
(101, 84, 102, 85)
(83, 100, 84, 101)
(99, 82, 100, 83)
(98, 103, 99, 104)
(95, 104, 96, 105)
(105, 96, 106, 97)
(106, 52, 107, 51)
(107, 64, 108, 65)
(108, 129, 109, 130)
(143, 129, 144, 128)
(58, 128, 59, 127)
(126, 60, 127, 59)
(60, 126, 61, 125)
(142, 111, 143, 112)
(112, 136, 113, 135)
(134, 114, 135, 113)
(140, 133, 141, 134)
(139, 122, 140, 123)
(121, 138, 122, 139)
(141, 115, 142, 114)
(118, 115, 119, 116)
(116, 109, 117, 110)
(110, 117, 111, 118)
(69, 130, 70, 131)
(68, 77, 69, 78)
(75, 79, 76, 78)
(79, 92, 80, 93)
(44, 91, 45, 92)
(88, 43, 89, 44)
(72, 87, 73, 88)
(46, 89, 47, 90)
(47, 81, 48, 80)
(102, 82, 103, 81)
(93, 48, 94, 49)
(94, 98, 95, 97)
(49, 66, 50, 67)
(65, 50, 66, 51)
(76, 67, 77, 68)
(90, 45, 91, 46)
(20, 1, 21, 2)
(19, 26, 20, 27)
(27, 18, 28, 19)
(25, 29, 26, 28)
(155, 24, 0, 25)
(154, 34, 155, 33)
(32, 154, 33, 153)
(152, 148, 153, 147)
(151, 36, 152, 37)
(13, 150, 14, 151)
(15, 13, 16, 12)
(149, 14, 150, 15)
(35, 148, 36, 149)
(31, 34, 32, 35)
(23, 30, 24, 31)
(29, 0, 30, 1)
