(123, 121, 124, 120)
(140, 119, 141, 120)
(139, 134, 140, 135)
(132, 136, 133, 135)
(76, 132, 77, 131)
(77, 124, 78, 125)
(113, 79, 114, 78)
(112, 146, 113, 145)
(144, 104, 145, 103)
(102, 144, 103, 143)
(142, 69, 143, 70)
(70, 121, 71, 122)
(122, 71, 123, 72)
(72, 141, 73, 142)
(73, 117, 74, 116)
(136, 117, 137, 118)
(118, 137, 119, 138)
(133, 138, 134, 139)
(74, 128, 75, 127)
(128, 76, 129, 75)
(129, 126, 130, 127)
(125, 130, 126, 131)
(88, 115, 89, 116)
(114, 87, 115, 88)
(86, 82, 87, 81)
(91, 81, 92, 80)
(79, 93, 80, 92)
(93, 150, 94, 151)
(108, 150, 109, 149)
(148, 110, 149, 109)
(110, 148, 111, 147)
(146, 112, 147, 111)
(24, 107, 25, 108)
(106, 23, 107, 24)
(28, 106, 29, 105)
(104, 30, 105, 29)
(30, 11, 31, 12)
(10, 101, 11, 102)
(89, 85, 90, 84)
(82, 86, 83, 85)
(83, 91, 84, 90)
(37, 68, 38, 69)
(67, 36, 68, 37)
(95, 66, 96, 67)
(94, 154, 95, 153)
(152, 151, 153, 152)
(65, 155, 66, 154)
(64, 21, 65, 22)
(25, 23, 26, 22)
(26, 45, 27, 46)
(44, 27, 45, 28)
(43, 54, 44, 55)
(55, 42, 56, 43)
(41, 6, 42, 7)
(7, 12, 8, 13)
(8, 98, 9, 97)
(98, 33, 99, 34)
(32, 99, 33, 100)
(100, 31, 101, 32)
(9, 34, 10, 35)
(38, 36, 39, 35)
(39, 96, 40, 97)
(13, 40, 14, 41)
(3, 15, 4, 14)
(155, 2, 0, 3)
(1, 61, 2, 60)
(59, 62, 60, 63)
(20, 63, 21, 64)
(46, 19, 47, 20)
(57, 18, 58, 19)
(56, 53, 57, 54)
(52, 5, 53, 6)
(4, 51, 5, 52)
(50, 16, 51, 15)
(16, 50, 17, 49)
(48, 18, 49, 17)
(58, 48, 59, 47)
(61, 1, 62, 0)
