(132, 77, 133, 78)
(131, 140, 132, 141)
(141, 138, 142, 139)
(128, 137, 129, 138)
(78, 127, 79, 128)
(133, 126, 134, 127)
(80, 126, 81, 125)
(46, 81, 47, 82)
(47, 26, 48, 27)
(25, 67, 26, 66)
(65, 9, 66, 8)
(68, 8, 69, 7)
(150, 70, 151, 69)
(149, 76, 150, 77)
(148, 146, 149, 145)
(135, 145, 136, 144)
(143, 137, 144, 136)
(129, 143, 130, 142)
(139, 130, 140, 131)
(134, 80, 135, 79)
(72, 148, 73, 147)
(73, 35, 74, 34)
(35, 103, 36, 102)
(98, 103, 99, 104)
(104, 99, 105, 100)
(105, 84, 106, 85)
(83, 44, 84, 45)
(45, 125, 46, 124)
(82, 123, 83, 124)
(111, 122, 112, 123)
(121, 110, 122, 111)
(115, 121, 116, 120)
(116, 2, 117, 1)
(2, 118, 3, 117)
(118, 4, 119, 3)
(4, 27, 5, 28)
(50, 5, 51, 6)
(48, 52, 49, 51)
(67, 53, 68, 52)
(53, 16, 54, 17)
(15, 24, 16, 25)
(63, 15, 64, 14)
(9, 65, 10, 64)
(10, 17, 11, 18)
(11, 61, 12, 60)
(22, 61, 23, 62)
(54, 24, 55, 23)
(62, 55, 63, 56)
(13, 56, 14, 57)
(57, 20, 58, 21)
(19, 58, 20, 59)
(59, 18, 60, 19)
(12, 22, 13, 21)
(6, 49, 7, 50)
(155, 29, 0, 28)
(151, 154, 152, 155)
(30, 154, 31, 153)
(114, 32, 115, 31)
(32, 114, 33, 113)
(33, 75, 34, 74)
(75, 70, 76, 71)
(146, 72, 147, 71)
(109, 112, 110, 113)
(43, 108, 44, 109)
(107, 42, 108, 43)
(41, 106, 42, 107)
(40, 85, 41, 86)
(93, 87, 94, 86)
(87, 93, 88, 92)
(88, 37, 89, 38)
(101, 37, 102, 36)
(97, 101, 98, 100)
(96, 89, 97, 90)
(39, 90, 40, 91)
(94, 92, 95, 91)
(95, 38, 96, 39)
(152, 30, 153, 29)
(119, 0, 120, 1)
