(74, 96, 75, 95)
(86, 20, 87, 19)
(81, 19, 82, 18)
(82, 8, 83, 7)
(11, 9, 12, 8)
(155, 10, 0, 11)
(154, 80, 155, 79)
(75, 78, 76, 79)
(152, 77, 153, 78)
(136, 33, 137, 34)
(135, 97, 136, 96)
(73, 135, 74, 134)
(133, 90, 134, 91)
(93, 92, 94, 93)
(94, 92, 95, 91)
(101, 20, 102, 21)
(105, 102, 106, 103)
(109, 107, 110, 106)
(145, 109, 146, 108)
(146, 114, 147, 113)
(151, 114, 152, 115)
(76, 153, 77, 154)
(137, 47, 138, 46)
(47, 139, 48, 138)
(139, 123, 140, 122)
(123, 126, 124, 127)
(125, 32, 126, 33)
(31, 124, 32, 125)
(30, 26, 31, 25)
(24, 98, 25, 97)
(98, 24, 99, 23)
(70, 99, 71, 100)
(71, 89, 72, 88)
(89, 73, 90, 72)
(87, 132, 88, 133)
(100, 132, 101, 131)
(21, 130, 22, 131)
(67, 66, 68, 67)
(142, 66, 143, 65)
(143, 112, 144, 113)
(111, 104, 112, 105)
(103, 110, 104, 111)
(107, 145, 108, 144)
(117, 65, 118, 64)
(118, 150, 119, 149)
(147, 151, 148, 150)
(148, 120, 149, 119)
(63, 121, 64, 120)
(115, 62, 116, 63)
(56, 59, 57, 60)
(58, 55, 59, 56)
(42, 46, 43, 45)
(38, 42, 39, 41)
(39, 34, 40, 35)
(35, 40, 36, 41)
(37, 37, 38, 36)
(43, 44, 44, 45)
(48, 50, 49, 49)
(51, 50, 52, 51)
(52, 62, 53, 61)
(60, 54, 61, 53)
(54, 57, 55, 58)
(121, 116, 122, 117)
(141, 29, 142, 28)
(27, 141, 28, 140)
(127, 26, 128, 27)
(29, 128, 30, 129)
(68, 129, 69, 130)
(69, 23, 70, 22)
(85, 80, 86, 81)
(15, 85, 16, 84)
(16, 6, 17, 5)
(6, 18, 7, 17)
(83, 4, 84, 5)
(12, 3, 13, 4)
(2, 13, 3, 14)
(14, 1, 15, 2)
(9, 0, 10, 1)
