(37, 38, 38, 39)
(111, 37, 112, 36)
(35, 113, 36, 112)
(19, 35, 20, 34)
(20, 39, 21, 40)
(21, 85, 22, 84)
(85, 23, 86, 22)
(26, 23, 27, 24)
(27, 105, 28, 104)
(103, 29, 104, 28)
(29, 103, 30, 102)
(141, 31, 142, 30)
(31, 141, 32, 140)
(32, 144, 33, 143)
(144, 125, 145, 126)
(124, 145, 125, 146)
(146, 149, 147, 150)
(155, 148, 0, 149)
(154, 106, 155, 105)
(106, 154, 107, 153)
(107, 3, 108, 2)
(3, 109, 4, 108)
(4, 8, 5, 7)
(109, 9, 110, 8)
(9, 111, 10, 110)
(10, 15, 11, 16)
(14, 11, 15, 12)
(12, 122, 13, 121)
(122, 18, 123, 17)
(113, 19, 114, 18)
(129, 115, 130, 114)
(133, 129, 134, 128)
(127, 135, 128, 134)
(135, 127, 136, 126)
(136, 34, 137, 33)
(76, 137, 77, 138)
(77, 42, 78, 43)
(41, 83, 42, 82)
(81, 41, 82, 40)
(80, 83, 81, 84)
(68, 79, 69, 80)
(67, 49, 68, 48)
(47, 98, 48, 99)
(86, 100, 87, 99)
(89, 100, 90, 101)
(25, 90, 26, 91)
(91, 24, 92, 25)
(92, 102, 93, 101)
(96, 93, 97, 94)
(97, 46, 98, 47)
(58, 45, 59, 46)
(44, 57, 45, 58)
(43, 74, 44, 75)
(138, 75, 139, 76)
(139, 142, 140, 143)
(73, 71, 74, 70)
(78, 69, 79, 70)
(72, 56, 73, 55)
(54, 62, 55, 61)
(60, 54, 61, 53)
(65, 53, 66, 52)
(49, 67, 50, 66)
(63, 51, 64, 50)
(62, 60, 63, 59)
(51, 65, 52, 64)
(56, 72, 57, 71)
(87, 95, 88, 94)
(95, 89, 96, 88)
(115, 133, 116, 132)
(131, 117, 132, 116)
(117, 131, 118, 130)
(123, 118, 124, 119)
(16, 120, 17, 119)
(120, 14, 121, 13)
(150, 6, 151, 5)
(6, 152, 7, 151)
(152, 1, 153, 2)
(147, 0, 148, 1)
