(4, 35, 5, 36)
(20, 5, 21, 6)
(21, 11, 22, 10)
(11, 32, 12, 33)
(31, 34, 32, 35)
(30, 3, 31, 4)
(29, 14, 30, 15)
(15, 36, 16, 37)
(16, 7, 17, 8)
(6, 19, 7, 20)
(18, 9, 19, 10)
(8, 17, 9, 18)
(106, 37, 107, 38)
(22, 108, 23, 107)
(108, 24, 109, 23)
(24, 110, 25, 109)
(110, 26, 111, 25)
(26, 154, 27, 153)
(1, 154, 2, 155)
(2, 13, 3, 14)
(33, 12, 34, 13)
(28, 155, 29, 156)
(149, 156, 150, 157)
(147, 151, 148, 150)
(151, 147, 152, 146)
(95, 77, 96, 76)
(96, 133, 97, 134)
(132, 100, 133, 99)
(105, 99, 106, 98)
(126, 97, 127, 98)
(56, 125, 57, 126)
(44, 56, 45, 55)
(54, 46, 55, 45)
(46, 54, 47, 53)
(52, 48, 53, 47)
(48, 52, 49, 51)
(49, 122, 50, 123)
(121, 115, 122, 114)
(113, 121, 114, 120)
(119, 113, 120, 112)
(111, 39, 112, 38)
(118, 40, 119, 39)
(42, 118, 43, 117)
(124, 43, 125, 44)
(123, 50, 124, 51)
(116, 42, 117, 41)
(40, 116, 41, 115)
(60, 58, 61, 57)
(142, 60, 143, 59)
(145, 153, 146, 152)
(77, 144, 78, 145)
(143, 78, 144, 79)
(79, 75, 80, 74)
(75, 95, 76, 94)
(93, 63, 94, 62)
(61, 135, 62, 134)
(135, 88, 136, 89)
(90, 88, 91, 87)
(86, 92, 87, 91)
(85, 140, 86, 141)
(58, 142, 59, 141)
(65, 71, 66, 70)
(64, 73, 65, 74)
(63, 81, 64, 80)
(84, 82, 85, 81)
(83, 139, 84, 138)
(137, 92, 138, 93)
(89, 136, 90, 137)
(139, 83, 140, 82)
(72, 68, 73, 67)
(69, 67, 70, 66)
(68, 72, 69, 71)
(127, 100, 128, 101)
(131, 128, 132, 129)
(102, 130, 103, 129)
(104, 102, 105, 101)
(130, 104, 131, 103)
(157, 148, 0, 149)
(27, 1, 28, 0)
