(99, 66, 100, 67)
(95, 99, 96, 98)
(96, 67, 97, 68)
(68, 97, 69, 98)
(69, 65, 70, 64)
(65, 100, 66, 101)
(101, 152, 102, 153)
(151, 94, 152, 95)
(89, 150, 90, 151)
(73, 88, 74, 89)
(63, 73, 64, 72)
(71, 56, 72, 57)
(57, 70, 58, 71)
(58, 55, 59, 56)
(79, 54, 80, 55)
(81, 79, 82, 78)
(43, 82, 44, 83)
(153, 45, 154, 44)
(45, 104, 46, 105)
(103, 46, 104, 47)
(47, 102, 48, 103)
(48, 26, 49, 25)
(29, 27, 30, 26)
(93, 29, 94, 28)
(27, 93, 28, 92)
(91, 148, 92, 149)
(149, 90, 150, 91)
(50, 148, 51, 147)
(84, 51, 85, 52)
(60, 85, 61, 86)
(86, 61, 87, 62)
(87, 74, 88, 75)
(75, 63, 76, 62)
(59, 77, 60, 76)
(52, 77, 53, 78)
(53, 80, 54, 81)
(83, 42, 84, 43)
(41, 147, 42, 146)
(32, 146, 33, 145)
(12, 33, 13, 34)
(13, 154, 14, 155)
(118, 140, 119, 139)
(140, 115, 141, 116)
(114, 106, 115, 105)
(142, 114, 143, 113)
(143, 25, 144, 24)
(144, 40, 145, 39)
(40, 31, 41, 32)
(30, 50, 31, 49)
(3, 38, 4, 39)
(2, 36, 3, 35)
(34, 11, 35, 12)
(10, 156, 11, 155)
(14, 21, 15, 22)
(134, 118, 135, 117)
(135, 125, 136, 124)
(125, 137, 126, 136)
(137, 127, 138, 126)
(127, 139, 128, 138)
(128, 123, 129, 124)
(122, 129, 123, 130)
(119, 131, 120, 130)
(131, 121, 132, 120)
(121, 133, 122, 132)
(116, 134, 117, 133)
(20, 15, 21, 16)
(16, 107, 17, 108)
(141, 106, 142, 107)
(110, 17, 111, 18)
(111, 23, 112, 22)
(23, 113, 24, 112)
(18, 109, 19, 110)
(108, 19, 109, 20)
(4, 9, 5, 10)
(8, 37, 9, 38)
(36, 7, 37, 8)
(157, 6, 0, 7)
(156, 1, 157, 2)
(5, 0, 6, 1)
