(98, 120, 99, 119)
(120, 118, 121, 117)
(118, 98, 119, 97)
(109, 97, 110, 96)
(93, 111, 94, 110)
(99, 92, 100, 93)
(116, 92, 117, 91)
(90, 122, 91, 121)
(89, 102, 90, 103)
(103, 17, 104, 16)
(46, 18, 47, 17)
(45, 108, 46, 109)
(125, 44, 126, 45)
(124, 114, 125, 113)
(95, 113, 96, 112)
(111, 95, 112, 94)
(114, 124, 115, 123)
(115, 100, 116, 101)
(101, 122, 102, 123)
(88, 44, 89, 43)
(42, 15, 43, 16)
(41, 105, 42, 104)
(151, 41, 152, 40)
(19, 153, 20, 152)
(18, 48, 19, 47)
(48, 108, 49, 107)
(49, 126, 50, 127)
(87, 50, 88, 51)
(14, 51, 15, 52)
(52, 131, 53, 132)
(155, 130, 156, 131)
(154, 106, 155, 105)
(153, 138, 154, 139)
(20, 139, 21, 140)
(21, 149, 22, 148)
(149, 31, 150, 30)
(31, 151, 32, 150)
(145, 32, 146, 33)
(146, 40, 147, 39)
(147, 140, 148, 141)
(22, 142, 23, 141)
(27, 142, 28, 143)
(143, 28, 144, 29)
(29, 144, 30, 145)
(33, 26, 34, 27)
(36, 25, 37, 26)
(24, 35, 25, 36)
(23, 38, 24, 39)
(34, 37, 35, 38)
(137, 106, 138, 107)
(136, 128, 137, 127)
(128, 136, 129, 135)
(134, 130, 135, 129)
(9, 58, 10, 59)
(57, 79, 58, 78)
(77, 57, 78, 56)
(86, 56, 87, 55)
(54, 13, 55, 14)
(132, 53, 133, 54)
(133, 156, 134, 157)
(8, 63, 9, 64)
(59, 65, 60, 64)
(71, 71, 72, 70)
(81, 72, 82, 73)
(82, 79, 83, 80)
(83, 77, 84, 76)
(75, 85, 76, 84)
(85, 75, 86, 74)
(73, 80, 74, 81)
(69, 67, 70, 66)
(65, 12, 66, 13)
(10, 67, 11, 68)
(68, 11, 69, 12)
(60, 157, 61, 0)
(2, 61, 3, 62)
(4, 4, 5, 3)
(62, 5, 63, 6)
(1, 7, 2, 6)
(7, 1, 8, 0)
