(53, 31, 54, 30)
(29, 55, 30, 54)
(28, 43, 29, 44)
(44, 88, 45, 87)
(88, 46, 89, 45)
(46, 52, 47, 51)
(31, 53, 32, 52)
(32, 41, 33, 42)
(35, 41, 36, 40)
(39, 37, 40, 36)
(55, 38, 56, 39)
(37, 56, 38, 57)
(57, 34, 58, 35)
(33, 58, 34, 59)
(42, 59, 43, 60)
(91, 60, 92, 61)
(65, 93, 66, 92)
(93, 65, 94, 64)
(79, 95, 80, 94)
(95, 79, 96, 78)
(96, 86, 97, 85)
(86, 28, 87, 27)
(26, 49, 27, 50)
(50, 89, 51, 90)
(47, 91, 48, 90)
(48, 25, 49, 26)
(97, 25, 98, 24)
(103, 99, 104, 98)
(99, 103, 100, 102)
(157, 101, 0, 100)
(1, 157, 2, 156)
(155, 3, 156, 2)
(154, 145, 155, 146)
(61, 147, 62, 146)
(147, 63, 148, 62)
(66, 64, 67, 63)
(82, 82, 83, 81)
(83, 80, 84, 81)
(84, 78, 85, 77)
(76, 135, 77, 136)
(17, 137, 18, 136)
(23, 17, 24, 16)
(15, 105, 16, 104)
(14, 13, 15, 14)
(112, 113, 113, 114)
(114, 3, 115, 4)
(115, 145, 116, 144)
(153, 116, 154, 117)
(117, 148, 118, 149)
(118, 67, 119, 68)
(68, 133, 69, 134)
(134, 69, 135, 70)
(70, 150, 71, 149)
(73, 150, 74, 151)
(19, 75, 20, 74)
(75, 19, 76, 18)
(20, 137, 21, 138)
(106, 22, 107, 21)
(22, 106, 23, 105)
(107, 13, 108, 12)
(108, 109, 109, 110)
(110, 8, 111, 7)
(8, 112, 9, 111)
(9, 4, 10, 5)
(5, 10, 6, 11)
(11, 6, 12, 7)
(151, 138, 152, 139)
(143, 152, 144, 153)
(139, 143, 140, 142)
(140, 71, 141, 72)
(72, 141, 73, 142)
(127, 132, 128, 133)
(119, 126, 120, 127)
(122, 126, 123, 125)
(128, 124, 129, 123)
(124, 130, 125, 129)
(121, 131, 122, 130)
(131, 121, 132, 120)
(101, 1, 102, 0)
