(70, 27, 71, 28)
(28, 118, 29, 117)
(59, 118, 60, 119)
(129, 60, 130, 61)
(71, 131, 72, 130)
(131, 73, 132, 72)
(76, 73, 77, 74)
(68, 77, 69, 78)
(26, 69, 27, 70)
(12, 26, 13, 25)
(13, 19, 14, 18)
(144, 19, 145, 20)
(145, 152, 146, 153)
(156, 152, 157, 151)
(157, 2, 0, 3)
(1, 41, 2, 40)
(39, 42, 40, 43)
(43, 38, 44, 39)
(37, 37, 38, 36)
(114, 36, 115, 35)
(115, 93, 116, 92)
(93, 117, 94, 116)
(94, 29, 95, 30)
(55, 120, 56, 121)
(119, 58, 120, 59)
(57, 123, 58, 122)
(124, 122, 125, 121)
(125, 54, 126, 55)
(127, 128, 128, 129)
(7, 81, 8, 80)
(133, 9, 134, 8)
(132, 62, 133, 61)
(62, 76, 63, 75)
(74, 64, 75, 63)
(64, 68, 65, 67)
(10, 65, 11, 66)
(78, 12, 79, 11)
(134, 79, 135, 80)
(6, 136, 7, 135)
(136, 6, 137, 5)
(137, 22, 138, 23)
(21, 24, 22, 25)
(20, 139, 21, 140)
(17, 140, 18, 141)
(141, 16, 142, 17)
(15, 142, 16, 143)
(143, 14, 144, 15)
(23, 138, 24, 139)
(4, 150, 5, 149)
(155, 148, 156, 149)
(147, 154, 148, 155)
(153, 146, 154, 147)
(150, 4, 151, 3)
(66, 9, 67, 10)
(90, 114, 91, 113)
(91, 35, 92, 34)
(33, 110, 34, 111)
(111, 32, 112, 33)
(31, 85, 32, 84)
(83, 31, 84, 30)
(82, 96, 83, 95)
(81, 52, 82, 53)
(53, 126, 54, 127)
(51, 96, 52, 97)
(47, 44, 48, 45)
(101, 48, 102, 49)
(102, 90, 103, 89)
(106, 104, 107, 103)
(105, 87, 106, 86)
(108, 86, 109, 85)
(112, 109, 113, 110)
(107, 88, 108, 89)
(87, 105, 88, 104)
(99, 47, 100, 46)
(45, 101, 46, 100)
(97, 50, 98, 51)
(49, 98, 50, 99)
(123, 57, 124, 56)
(41, 1, 42, 0)
