(158, 141, 159, 142)
(142, 11, 143, 12)
(10, 143, 11, 144)
(144, 9, 145, 10)
(8, 4, 9, 3)
(2, 0, 3, 159)
(1, 149, 2, 148)
(150, 148, 151, 147)
(109, 110, 110, 111)
(140, 111, 141, 112)
(112, 156, 113, 155)
(145, 4, 146, 5)
(7, 146, 8, 147)
(108, 151, 109, 152)
(152, 140, 153, 139)
(116, 154, 117, 153)
(154, 116, 155, 115)
(114, 127, 115, 128)
(128, 113, 129, 114)
(129, 133, 130, 132)
(133, 156, 134, 157)
(157, 134, 158, 135)
(135, 26, 136, 27)
(22, 25, 23, 26)
(24, 21, 25, 22)
(5, 13, 6, 12)
(16, 14, 17, 13)
(6, 19, 7, 20)
(107, 138, 108, 139)
(93, 107, 94, 106)
(105, 95, 106, 94)
(104, 121, 105, 122)
(122, 117, 123, 118)
(123, 90, 124, 91)
(126, 90, 127, 89)
(88, 85, 89, 86)
(86, 132, 87, 131)
(130, 88, 131, 87)
(136, 51, 137, 52)
(50, 137, 51, 138)
(67, 80, 68, 81)
(79, 68, 80, 69)
(69, 78, 70, 79)
(92, 78, 93, 77)
(76, 92, 77, 91)
(124, 75, 125, 76)
(74, 125, 75, 126)
(70, 74, 71, 73)
(71, 83, 72, 82)
(60, 84, 61, 83)
(84, 60, 85, 59)
(61, 59, 62, 58)
(62, 27, 63, 28)
(63, 33, 64, 32)
(33, 65, 34, 64)
(52, 66, 53, 65)
(49, 46, 50, 47)
(47, 44, 48, 45)
(43, 66, 44, 67)
(57, 43, 58, 42)
(41, 29, 42, 28)
(35, 40, 36, 41)
(34, 31, 35, 32)
(53, 30, 54, 31)
(29, 56, 30, 57)
(55, 38, 56, 39)
(39, 36, 40, 37)
(37, 54, 38, 55)
(45, 48, 46, 49)
(81, 73, 82, 72)
(103, 119, 104, 118)
(102, 98, 103, 97)
(96, 102, 97, 101)
(100, 96, 101, 95)
(120, 100, 121, 99)
(98, 120, 99, 119)
(20, 23, 21, 24)
(18, 16, 19, 15)
(14, 18, 15, 17)
(149, 1, 150, 0)
