(12, 31, 13, 32)
(13, 8, 14, 9)
(28, 25, 29, 26)
(27, 30, 28, 31)
(32, 11, 33, 12)
(15, 10, 16, 11)
(9, 14, 10, 15)
(115, 17, 116, 16)
(114, 7, 115, 8)
(113, 3, 114, 2)
(1, 157, 2, 156)
(155, 111, 156, 110)
(38, 109, 39, 110)
(104, 37, 105, 38)
(36, 103, 37, 104)
(20, 36, 21, 35)
(34, 22, 35, 21)
(22, 34, 23, 33)
(23, 26, 24, 27)
(24, 29, 25, 30)
(19, 103, 20, 102)
(101, 19, 102, 18)
(17, 117, 18, 116)
(117, 54, 118, 55)
(53, 118, 54, 119)
(119, 151, 120, 150)
(4, 151, 5, 152)
(152, 5, 153, 6)
(6, 153, 7, 154)
(154, 3, 155, 4)
(65, 120, 66, 121)
(39, 106, 40, 107)
(105, 108, 106, 109)
(107, 40, 108, 41)
(41, 73, 42, 72)
(90, 73, 91, 74)
(84, 92, 85, 91)
(83, 141, 84, 140)
(139, 94, 140, 95)
(95, 136, 96, 137)
(135, 100, 136, 101)
(143, 135, 144, 134)
(55, 145, 56, 144)
(52, 145, 53, 146)
(146, 62, 147, 61)
(59, 63, 60, 62)
(58, 149, 59, 150)
(57, 64, 58, 65)
(56, 52, 57, 51)
(50, 122, 51, 121)
(66, 49, 67, 50)
(48, 71, 49, 72)
(44, 130, 45, 129)
(43, 127, 44, 126)
(125, 43, 126, 42)
(124, 70, 125, 69)
(68, 124, 69, 123)
(122, 133, 123, 134)
(132, 68, 133, 67)
(131, 70, 132, 71)
(130, 127, 131, 128)
(128, 46, 129, 45)
(46, 47, 47, 48)
(148, 63, 149, 64)
(60, 148, 61, 147)
(93, 142, 94, 143)
(92, 82, 93, 81)
(87, 81, 88, 80)
(79, 89, 80, 88)
(89, 79, 90, 78)
(77, 75, 78, 74)
(76, 86, 77, 85)
(86, 76, 87, 75)
(141, 83, 142, 82)
(99, 96, 100, 97)
(97, 139, 98, 138)
(137, 99, 138, 98)
(158, 111, 159, 112)
(112, 159, 113, 0)
(157, 1, 158, 0)
