(61, 148, 62, 149)
(149, 60, 150, 61)
(66, 59, 67, 60)
(65, 55, 66, 54)
(62, 53, 63, 54)
(151, 52, 152, 53)
(147, 151, 148, 150)
(146, 52, 147, 51)
(50, 146, 51, 145)
(144, 50, 145, 49)
(48, 144, 49, 143)
(142, 48, 143, 47)
(69, 47, 70, 46)
(45, 71, 46, 70)
(67, 44, 68, 45)
(158, 43, 159, 44)
(42, 157, 43, 158)
(2, 41, 3, 42)
(40, 1, 41, 2)
(8, 40, 9, 39)
(9, 19, 10, 18)
(19, 56, 20, 57)
(55, 58, 56, 59)
(57, 20, 58, 21)
(21, 65, 22, 64)
(63, 23, 64, 22)
(23, 39, 24, 38)
(29, 24, 30, 25)
(33, 31, 34, 30)
(17, 33, 18, 32)
(31, 17, 32, 16)
(12, 15, 13, 16)
(11, 26, 12, 27)
(27, 10, 28, 11)
(28, 38, 29, 37)
(36, 26, 37, 25)
(14, 35, 15, 36)
(34, 13, 35, 14)
(4, 8, 5, 7)
(5, 154, 6, 155)
(82, 154, 83, 153)
(152, 84, 153, 83)
(123, 85, 124, 84)
(122, 125, 123, 126)
(126, 88, 127, 87)
(141, 88, 142, 89)
(89, 140, 90, 141)
(139, 110, 140, 111)
(72, 112, 73, 111)
(68, 72, 69, 71)
(112, 82, 113, 81)
(113, 119, 114, 118)
(128, 120, 129, 119)
(120, 128, 121, 127)
(121, 86, 122, 87)
(85, 125, 86, 124)
(90, 130, 91, 129)
(130, 110, 131, 109)
(94, 131, 95, 132)
(95, 100, 96, 101)
(99, 96, 100, 97)
(97, 137, 98, 136)
(137, 134, 138, 135)
(133, 138, 134, 139)
(132, 101, 133, 102)
(107, 103, 108, 102)
(103, 107, 104, 106)
(104, 76, 105, 75)
(73, 77, 74, 76)
(92, 78, 93, 77)
(78, 92, 79, 91)
(116, 80, 117, 79)
(80, 116, 81, 115)
(117, 115, 118, 114)
(108, 93, 109, 94)
(74, 106, 75, 105)
(135, 99, 136, 98)
(155, 6, 156, 7)
(159, 157, 0, 156)
(3, 1, 4, 0)
