(133, 80, 134, 81)
(79, 134, 80, 135)
(16, 135, 17, 136)
(136, 17, 137, 18)
(18, 137, 19, 138)
(138, 19, 139, 20)
(132, 139, 133, 140)
(143, 141, 144, 140)
(159, 142, 0, 143)
(158, 1, 159, 2)
(2, 146, 3, 145)
(146, 57, 147, 58)
(56, 63, 57, 64)
(49, 65, 50, 64)
(48, 85, 49, 86)
(81, 87, 82, 86)
(87, 40, 88, 41)
(23, 79, 24, 78)
(24, 21, 25, 22)
(15, 21, 16, 20)
(14, 131, 15, 132)
(106, 14, 107, 13)
(107, 151, 108, 150)
(151, 117, 152, 116)
(154, 118, 155, 117)
(118, 154, 119, 153)
(119, 157, 120, 156)
(144, 158, 145, 157)
(120, 3, 121, 4)
(4, 121, 5, 122)
(5, 8, 6, 9)
(58, 7, 59, 8)
(6, 59, 7, 60)
(60, 147, 61, 148)
(54, 61, 55, 62)
(62, 55, 63, 56)
(102, 53, 103, 54)
(101, 34, 102, 35)
(35, 50, 36, 51)
(36, 99, 37, 100)
(98, 70, 99, 69)
(68, 66, 69, 65)
(67, 84, 68, 85)
(83, 66, 84, 67)
(82, 47, 83, 48)
(46, 92, 47, 91)
(90, 42, 91, 41)
(70, 90, 71, 89)
(88, 72, 89, 71)
(37, 72, 38, 73)
(39, 38, 40, 39)
(73, 30, 74, 31)
(29, 74, 30, 75)
(31, 27, 32, 26)
(25, 33, 26, 32)
(52, 33, 53, 34)
(100, 52, 101, 51)
(27, 76, 28, 77)
(75, 28, 76, 29)
(77, 23, 78, 22)
(42, 95, 43, 96)
(97, 95, 98, 94)
(44, 94, 45, 93)
(92, 46, 93, 45)
(96, 43, 97, 44)
(128, 103, 129, 104)
(104, 129, 105, 130)
(130, 105, 131, 106)
(127, 148, 128, 149)
(12, 149, 13, 150)
(11, 112, 12, 113)
(113, 124, 114, 125)
(108, 123, 109, 124)
(122, 115, 123, 116)
(109, 115, 110, 114)
(9, 111, 10, 110)
(111, 127, 112, 126)
(125, 10, 126, 11)
(155, 153, 156, 152)
(141, 0, 142, 1)
