(78, 73, 79, 74)
(74, 77, 75, 78)
(76, 67, 77, 68)
(68, 11, 69, 12)
(10, 151, 11, 152)
(152, 79, 153, 80)
(80, 153, 81, 154)
(154, 81, 155, 82)
(2, 155, 3, 156)
(3, 7, 4, 6)
(7, 87, 8, 86)
(72, 87, 73, 88)
(88, 149, 89, 150)
(148, 57, 149, 58)
(58, 53, 59, 54)
(65, 53, 66, 52)
(66, 75, 67, 76)
(51, 103, 52, 102)
(101, 51, 102, 50)
(49, 101, 50, 100)
(12, 89, 13, 90)
(44, 14, 45, 13)
(142, 44, 143, 43)
(143, 57, 144, 56)
(144, 148, 145, 147)
(145, 54, 146, 55)
(55, 146, 56, 147)
(139, 43, 140, 42)
(59, 136, 60, 137)
(123, 62, 124, 63)
(104, 64, 105, 63)
(64, 104, 65, 103)
(114, 106, 115, 105)
(118, 113, 119, 114)
(112, 117, 113, 118)
(92, 95, 93, 96)
(94, 99, 95, 100)
(91, 47, 92, 46)
(45, 91, 46, 90)
(40, 142, 41, 141)
(41, 139, 42, 138)
(137, 141, 138, 140)
(61, 126, 62, 127)
(127, 60, 128, 61)
(128, 133, 129, 134)
(132, 135, 133, 136)
(124, 131, 125, 132)
(130, 125, 131, 126)
(134, 129, 135, 130)
(122, 112, 123, 111)
(107, 110, 108, 111)
(106, 116, 107, 115)
(119, 117, 120, 116)
(109, 121, 110, 120)
(121, 109, 122, 108)
(48, 47, 49, 48)
(29, 15, 30, 14)
(28, 21, 29, 22)
(22, 26, 23, 25)
(26, 24, 27, 23)
(24, 28, 25, 27)
(31, 21, 32, 20)
(19, 33, 20, 32)
(33, 19, 34, 18)
(39, 34, 40, 35)
(35, 38, 36, 39)
(16, 37, 17, 38)
(15, 31, 16, 30)
(36, 17, 37, 18)
(96, 98, 97, 97)
(98, 93, 99, 94)
(69, 151, 70, 150)
(9, 70, 10, 71)
(71, 8, 72, 9)
(82, 85, 83, 86)
(159, 84, 0, 85)
(1, 159, 2, 158)
(4, 158, 5, 157)
(156, 6, 157, 5)
(83, 0, 84, 1)
