(114, 111, 115, 112)
(120, 114, 121, 113)
(112, 122, 113, 121)
(115, 139, 116, 138)
(139, 32, 140, 33)
(104, 32, 105, 31)
(88, 106, 89, 105)
(87, 110, 88, 111)
(101, 87, 102, 86)
(85, 103, 86, 102)
(84, 142, 85, 141)
(140, 36, 141, 35)
(119, 35, 120, 34)
(33, 119, 34, 118)
(132, 117, 133, 118)
(131, 125, 132, 124)
(128, 124, 129, 123)
(122, 130, 123, 129)
(130, 127, 131, 128)
(135, 126, 136, 127)
(134, 137, 135, 138)
(116, 133, 117, 134)
(125, 136, 126, 137)
(36, 144, 37, 143)
(144, 38, 145, 37)
(38, 10, 39, 9)
(103, 10, 104, 11)
(11, 100, 12, 101)
(99, 12, 100, 13)
(96, 14, 97, 13)
(90, 95, 91, 96)
(30, 90, 31, 89)
(23, 15, 24, 14)
(15, 23, 16, 22)
(91, 17, 92, 16)
(17, 93, 18, 92)
(28, 93, 29, 94)
(94, 29, 95, 30)
(20, 28, 21, 27)
(24, 22, 25, 21)
(18, 26, 19, 25)
(26, 20, 27, 19)
(97, 109, 98, 108)
(109, 106, 110, 107)
(107, 99, 108, 98)
(82, 146, 83, 145)
(142, 84, 143, 83)
(81, 149, 82, 148)
(8, 148, 9, 147)
(146, 40, 147, 39)
(156, 72, 157, 71)
(70, 156, 71, 155)
(154, 152, 155, 151)
(61, 150, 62, 151)
(149, 60, 150, 61)
(59, 62, 60, 63)
(6, 63, 7, 64)
(7, 81, 8, 80)
(79, 48, 80, 49)
(49, 78, 50, 79)
(66, 78, 67, 77)
(40, 68, 41, 67)
(68, 73, 69, 74)
(72, 158, 73, 157)
(69, 158, 70, 159)
(152, 160, 153, 159)
(160, 154, 161, 153)
(161, 3, 0, 2)
(3, 59, 4, 58)
(57, 5, 58, 4)
(5, 57, 6, 56)
(52, 55, 53, 56)
(64, 51, 65, 52)
(50, 47, 51, 48)
(46, 65, 47, 66)
(74, 46, 75, 45)
(42, 75, 43, 76)
(76, 43, 77, 44)
(44, 41, 45, 42)
(1, 55, 2, 54)
(53, 1, 54, 0)
