(151, 26, 152, 27)
(25, 150, 26, 151)
(24, 8, 25, 7)
(17, 7, 18, 6)
(27, 19, 28, 18)
(19, 152, 20, 153)
(20, 150, 21, 149)
(21, 12, 22, 13)
(11, 9, 12, 8)
(15, 11, 16, 10)
(16, 24, 17, 23)
(13, 22, 14, 23)
(9, 15, 10, 14)
(148, 153, 149, 154)
(118, 5, 119, 6)
(117, 33, 118, 32)
(31, 117, 32, 116)
(115, 31, 116, 30)
(29, 115, 30, 114)
(113, 29, 114, 28)
(147, 113, 148, 112)
(110, 112, 111, 111)
(154, 119, 155, 120)
(76, 156, 77, 155)
(36, 75, 37, 76)
(35, 41, 36, 40)
(39, 35, 40, 34)
(4, 34, 5, 33)
(146, 109, 147, 110)
(68, 145, 69, 146)
(67, 99, 68, 98)
(97, 132, 98, 133)
(133, 96, 134, 97)
(95, 92, 96, 93)
(93, 128, 94, 129)
(127, 121, 128, 120)
(77, 126, 78, 127)
(125, 80, 126, 81)
(81, 124, 82, 125)
(123, 82, 124, 83)
(58, 84, 59, 83)
(156, 57, 157, 58)
(56, 157, 57, 158)
(158, 55, 159, 56)
(54, 159, 55, 160)
(87, 160, 88, 161)
(43, 89, 44, 88)
(73, 43, 74, 42)
(74, 37, 75, 38)
(38, 41, 39, 42)
(72, 3, 73, 4)
(136, 72, 137, 71)
(70, 138, 71, 137)
(69, 108, 70, 109)
(107, 144, 108, 145)
(106, 142, 107, 141)
(140, 100, 141, 99)
(102, 139, 103, 140)
(138, 101, 139, 102)
(100, 103, 101, 104)
(104, 144, 105, 143)
(142, 106, 143, 105)
(66, 136, 67, 135)
(134, 131, 135, 132)
(130, 91, 131, 92)
(129, 94, 130, 95)
(65, 90, 66, 91)
(59, 65, 60, 64)
(121, 61, 122, 60)
(78, 62, 79, 61)
(62, 80, 63, 79)
(63, 123, 64, 122)
(89, 3, 90, 2)
(1, 44, 2, 45)
(45, 49, 46, 48)
(49, 53, 50, 52)
(84, 54, 85, 53)
(50, 85, 51, 86)
(86, 51, 87, 52)
(161, 47, 0, 46)
(47, 1, 48, 0)
