(81, 74, 82, 75)
(73, 82, 74, 83)
(158, 83, 159, 84)
(159, 81, 160, 80)
(160, 161, 161, 0)
(75, 78, 76, 79)
(77, 2, 78, 3)
(3, 12, 4, 13)
(42, 12, 43, 11)
(134, 44, 135, 43)
(130, 133, 131, 134)
(129, 49, 130, 48)
(64, 47, 65, 48)
(63, 66, 64, 67)
(67, 157, 68, 156)
(72, 157, 73, 158)
(116, 72, 117, 71)
(117, 89, 118, 88)
(89, 119, 90, 118)
(84, 120, 85, 119)
(120, 86, 121, 85)
(86, 122, 87, 121)
(122, 145, 123, 146)
(144, 149, 145, 150)
(150, 143, 151, 144)
(37, 143, 38, 142)
(13, 39, 14, 38)
(39, 17, 40, 16)
(17, 23, 18, 22)
(23, 19, 24, 18)
(4, 20, 5, 19)
(25, 20, 26, 21)
(26, 42, 27, 41)
(27, 11, 28, 10)
(31, 28, 32, 29)
(32, 135, 33, 136)
(33, 37, 34, 36)
(137, 35, 138, 34)
(136, 139, 137, 140)
(140, 30, 141, 29)
(30, 142, 31, 141)
(35, 139, 36, 138)
(14, 9, 15, 10)
(8, 15, 9, 16)
(7, 41, 8, 40)
(21, 7, 22, 6)
(5, 25, 6, 24)
(151, 148, 152, 149)
(124, 148, 125, 147)
(125, 54, 126, 55)
(53, 45, 54, 44)
(49, 53, 50, 52)
(50, 131, 51, 132)
(132, 51, 133, 52)
(45, 129, 46, 128)
(46, 65, 47, 66)
(127, 56, 128, 57)
(57, 63, 58, 62)
(155, 58, 156, 59)
(59, 68, 60, 69)
(69, 60, 70, 61)
(70, 116, 71, 115)
(114, 109, 115, 110)
(90, 87, 91, 88)
(104, 91, 105, 92)
(92, 105, 93, 106)
(102, 94, 103, 93)
(100, 96, 101, 95)
(94, 102, 95, 101)
(96, 99, 97, 100)
(98, 98, 99, 97)
(106, 103, 107, 104)
(107, 112, 108, 113)
(111, 108, 112, 109)
(110, 113, 111, 114)
(154, 62, 155, 61)
(146, 153, 147, 154)
(152, 124, 153, 123)
(55, 126, 56, 127)
(1, 76, 2, 77)
(79, 1, 80, 0)
