(17, 11, 18, 10)
(16, 150, 17, 149)
(148, 85, 149, 86)
(86, 147, 87, 148)
(146, 80, 147, 79)
(78, 95, 79, 96)
(7, 23, 8, 22)
(3, 8, 4, 9)
(9, 4, 10, 5)
(20, 6, 21, 5)
(160, 20, 161, 19)
(18, 0, 19, 161)
(155, 159, 156, 158)
(153, 157, 154, 156)
(152, 12, 153, 11)
(14, 152, 15, 151)
(150, 16, 151, 15)
(13, 84, 14, 85)
(83, 12, 84, 13)
(81, 83, 82, 82)
(80, 88, 81, 87)
(145, 92, 146, 93)
(93, 144, 94, 145)
(143, 94, 144, 95)
(137, 142, 138, 143)
(136, 125, 137, 126)
(126, 129, 127, 130)
(128, 77, 129, 78)
(76, 127, 77, 128)
(132, 76, 133, 75)
(74, 134, 75, 133)
(73, 106, 74, 107)
(107, 72, 108, 73)
(71, 103, 72, 102)
(98, 101, 99, 102)
(26, 97, 27, 98)
(24, 25, 25, 26)
(96, 23, 97, 24)
(139, 139, 140, 138)
(91, 88, 92, 89)
(90, 90, 91, 89)
(140, 63, 141, 64)
(62, 141, 63, 142)
(64, 62, 65, 61)
(65, 117, 66, 116)
(117, 68, 118, 69)
(67, 118, 68, 119)
(119, 123, 120, 122)
(112, 124, 113, 123)
(124, 112, 125, 111)
(105, 111, 106, 110)
(109, 105, 110, 104)
(103, 109, 104, 108)
(120, 113, 121, 114)
(114, 121, 115, 122)
(115, 71, 116, 70)
(66, 69, 67, 70)
(99, 35, 100, 34)
(35, 101, 36, 100)
(36, 44, 37, 43)
(44, 50, 45, 49)
(50, 46, 51, 45)
(46, 52, 47, 51)
(52, 55, 53, 56)
(27, 54, 28, 55)
(53, 28, 54, 29)
(56, 29, 57, 30)
(32, 57, 33, 58)
(60, 33, 61, 34)
(42, 60, 43, 59)
(58, 42, 59, 41)
(40, 32, 41, 31)
(30, 40, 31, 39)
(47, 39, 48, 38)
(37, 49, 38, 48)
(131, 135, 132, 134)
(135, 131, 136, 130)
(157, 155, 158, 154)
(6, 1, 7, 2)
(2, 22, 3, 21)
(159, 1, 160, 0)
