(83, 43, 84, 42)
(82, 128, 83, 127)
(126, 82, 127, 81)
(80, 126, 81, 125)
(41, 125, 42, 124)
(123, 155, 124, 154)
(86, 153, 87, 154)
(132, 85, 133, 86)
(84, 131, 85, 132)
(130, 77, 131, 78)
(78, 129, 79, 130)
(128, 44, 129, 43)
(79, 44, 80, 45)
(45, 27, 46, 26)
(10, 28, 11, 27)
(40, 10, 41, 9)
(8, 40, 9, 39)
(38, 160, 39, 159)
(133, 159, 134, 158)
(157, 135, 158, 134)
(156, 114, 157, 113)
(112, 156, 113, 155)
(111, 122, 112, 123)
(149, 110, 150, 111)
(148, 98, 149, 97)
(96, 148, 97, 147)
(146, 96, 147, 95)
(94, 88, 95, 87)
(140, 93, 141, 94)
(100, 140, 101, 139)
(106, 101, 107, 102)
(107, 136, 108, 137)
(152, 136, 153, 135)
(151, 115, 152, 114)
(150, 121, 151, 122)
(120, 109, 121, 110)
(91, 99, 92, 98)
(90, 144, 91, 143)
(142, 90, 143, 89)
(145, 89, 146, 88)
(141, 144, 142, 145)
(99, 93, 100, 92)
(116, 120, 117, 119)
(117, 105, 118, 104)
(138, 105, 139, 106)
(102, 137, 103, 138)
(103, 119, 104, 118)
(108, 115, 109, 116)
(37, 75, 38, 74)
(76, 74, 77, 73)
(25, 73, 26, 72)
(71, 25, 72, 24)
(23, 69, 24, 68)
(67, 23, 68, 22)
(16, 22, 17, 21)
(12, 18, 13, 17)
(11, 47, 12, 46)
(28, 48, 29, 47)
(52, 53, 53, 54)
(54, 6, 55, 5)
(6, 56, 7, 55)
(56, 8, 57, 7)
(62, 57, 63, 58)
(160, 64, 161, 63)
(35, 64, 36, 65)
(75, 37, 76, 36)
(70, 65, 71, 66)
(66, 69, 67, 70)
(15, 35, 16, 34)
(33, 20, 34, 21)
(19, 32, 20, 33)
(18, 14, 19, 13)
(14, 31, 15, 32)
(49, 31, 50, 30)
(29, 51, 30, 50)
(51, 48, 52, 49)
(59, 60, 60, 61)
(4, 61, 5, 62)
(3, 59, 4, 58)
(161, 2, 0, 3)
(1, 0, 2, 1)
