(42, 7, 43, 8)
(48, 43, 49, 44)
(6, 49, 7, 50)
(15, 51, 16, 50)
(37, 15, 38, 14)
(13, 39, 14, 38)
(39, 13, 40, 12)
(40, 10, 41, 9)
(10, 42, 11, 41)
(11, 8, 12, 9)
(36, 163, 37, 0)
(4, 46, 5, 45)
(44, 47, 45, 48)
(46, 4, 47, 3)
(5, 3, 6, 2)
(1, 31, 2, 30)
(32, 30, 33, 29)
(33, 16, 34, 17)
(34, 27, 35, 28)
(52, 118, 53, 117)
(116, 52, 117, 51)
(118, 116, 119, 115)
(162, 119, 163, 120)
(120, 86, 121, 85)
(86, 122, 87, 121)
(122, 78, 123, 77)
(78, 124, 79, 123)
(18, 35, 19, 36)
(17, 28, 18, 29)
(24, 135, 25, 136)
(136, 131, 137, 132)
(130, 57, 131, 58)
(58, 62, 59, 61)
(63, 63, 64, 62)
(64, 60, 65, 59)
(60, 66, 61, 65)
(73, 66, 74, 67)
(53, 75, 54, 74)
(146, 75, 147, 76)
(147, 149, 148, 148)
(149, 103, 150, 102)
(103, 106, 104, 107)
(105, 114, 106, 115)
(113, 104, 114, 105)
(112, 107, 113, 108)
(108, 160, 109, 159)
(155, 161, 156, 160)
(161, 155, 162, 154)
(153, 84, 154, 85)
(152, 88, 153, 87)
(88, 152, 89, 151)
(94, 90, 95, 89)
(90, 94, 91, 93)
(91, 98, 92, 99)
(97, 81, 98, 80)
(76, 80, 77, 79)
(96, 101, 97, 102)
(82, 96, 83, 95)
(150, 84, 151, 83)
(81, 101, 82, 100)
(99, 92, 100, 93)
(156, 112, 157, 111)
(110, 158, 111, 157)
(158, 110, 159, 109)
(145, 125, 146, 124)
(144, 143, 145, 144)
(142, 55, 143, 56)
(56, 141, 57, 142)
(137, 141, 138, 140)
(19, 139, 20, 138)
(139, 21, 140, 20)
(134, 21, 135, 22)
(25, 27, 26, 26)
(22, 133, 23, 134)
(132, 23, 133, 24)
(54, 125, 55, 126)
(129, 126, 130, 127)
(70, 127, 71, 128)
(71, 68, 72, 69)
(67, 72, 68, 73)
(128, 69, 129, 70)
(31, 1, 32, 0)
