(107, 80, 108, 81)
(79, 75, 80, 74)
(78, 75, 79, 76)
(76, 77, 77, 78)
(106, 84, 107, 83)
(82, 102, 83, 101)
(100, 82, 101, 81)
(2, 100, 3, 99)
(98, 140, 99, 139)
(138, 133, 139, 134)
(127, 134, 128, 135)
(128, 3, 129, 4)
(4, 129, 5, 130)
(130, 5, 131, 6)
(6, 131, 7, 132)
(7, 122, 8, 123)
(121, 8, 122, 9)
(9, 120, 10, 121)
(119, 10, 120, 11)
(39, 41, 40, 40)
(108, 74, 109, 73)
(17, 114, 18, 115)
(115, 56, 116, 57)
(55, 116, 56, 117)
(36, 117, 37, 118)
(118, 37, 119, 38)
(11, 39, 12, 38)
(59, 12, 60, 13)
(60, 50, 61, 49)
(72, 41, 73, 42)
(109, 18, 110, 19)
(23, 111, 24, 110)
(22, 113, 23, 114)
(112, 21, 113, 22)
(20, 111, 21, 112)
(24, 20, 25, 19)
(52, 25, 53, 26)
(16, 53, 17, 54)
(57, 55, 58, 54)
(58, 36, 59, 35)
(34, 14, 35, 13)
(46, 34, 47, 33)
(62, 48, 63, 47)
(48, 62, 49, 61)
(32, 64, 33, 63)
(66, 31, 67, 32)
(30, 65, 31, 66)
(44, 29, 45, 30)
(43, 51, 44, 50)
(42, 71, 43, 72)
(70, 51, 71, 52)
(28, 69, 29, 70)
(27, 14, 28, 15)
(15, 26, 16, 27)
(45, 69, 46, 68)
(67, 65, 68, 64)
(123, 133, 124, 132)
(135, 124, 136, 125)
(125, 136, 126, 137)
(137, 126, 138, 127)
(97, 142, 98, 143)
(160, 144, 161, 143)
(159, 85, 160, 84)
(158, 87, 159, 88)
(105, 88, 106, 89)
(150, 89, 151, 90)
(102, 152, 103, 151)
(152, 2, 153, 1)
(92, 153, 93, 154)
(93, 96, 94, 97)
(95, 141, 96, 140)
(141, 95, 142, 94)
(163, 155, 0, 154)
(162, 145, 163, 146)
(146, 161, 147, 162)
(144, 148, 145, 147)
(148, 156, 149, 155)
(156, 85, 157, 86)
(86, 157, 87, 158)
(149, 105, 150, 104)
(103, 91, 104, 90)
(91, 1, 92, 0)
