(131, 54, 132, 55)
(53, 130, 54, 131)
(45, 52, 46, 53)
(39, 45, 40, 44)
(40, 11, 41, 12)
(7, 11, 8, 10)
(1, 8, 2, 9)
(163, 3, 0, 2)
(79, 162, 80, 163)
(78, 85, 79, 86)
(86, 55, 87, 56)
(87, 132, 88, 133)
(133, 88, 134, 89)
(129, 134, 130, 135)
(135, 46, 136, 47)
(136, 52, 137, 51)
(144, 137, 145, 138)
(36, 145, 37, 146)
(37, 16, 38, 17)
(15, 38, 16, 39)
(3, 15, 4, 14)
(43, 4, 44, 5)
(5, 42, 6, 43)
(12, 41, 13, 42)
(13, 7, 14, 6)
(32, 17, 33, 18)
(33, 80, 34, 81)
(81, 34, 82, 35)
(75, 82, 76, 83)
(83, 76, 84, 77)
(84, 162, 85, 161)
(160, 77, 161, 78)
(159, 75, 160, 74)
(90, 73, 91, 74)
(56, 89, 57, 90)
(59, 68, 60, 69)
(67, 124, 68, 125)
(128, 125, 129, 126)
(126, 50, 127, 49)
(50, 47, 51, 48)
(48, 128, 49, 127)
(123, 66, 124, 67)
(122, 106, 123, 105)
(104, 122, 105, 121)
(120, 142, 121, 141)
(143, 141, 144, 140)
(139, 159, 140, 158)
(157, 139, 158, 138)
(35, 157, 36, 156)
(18, 156, 19, 155)
(154, 20, 155, 19)
(20, 154, 21, 153)
(21, 31, 22, 30)
(146, 32, 147, 31)
(23, 151, 24, 150)
(149, 23, 150, 22)
(151, 149, 152, 148)
(147, 153, 148, 152)
(24, 29, 25, 30)
(27, 27, 28, 26)
(28, 25, 29, 26)
(142, 120, 143, 119)
(118, 92, 119, 91)
(92, 118, 93, 117)
(93, 73, 94, 72)
(71, 95, 72, 94)
(70, 61, 71, 62)
(57, 63, 58, 62)
(63, 59, 64, 58)
(64, 69, 65, 70)
(65, 60, 66, 61)
(95, 103, 96, 102)
(103, 106, 104, 107)
(107, 117, 108, 116)
(115, 109, 116, 108)
(114, 111, 115, 112)
(112, 99, 113, 100)
(98, 101, 99, 102)
(97, 111, 98, 110)
(109, 97, 110, 96)
(100, 113, 101, 114)
(9, 0, 10, 1)
