(155, 17, 156, 16)
(154, 140, 155, 139)
(15, 139, 16, 138)
(137, 15, 138, 14)
(106, 13, 107, 14)
(105, 9, 106, 8)
(7, 2, 8, 3)
(3, 40, 4, 41)
(39, 33, 40, 32)
(18, 31, 19, 32)
(17, 157, 18, 156)
(157, 30, 158, 31)
(29, 22, 30, 23)
(90, 23, 91, 24)
(140, 92, 141, 91)
(92, 154, 93, 153)
(118, 94, 119, 93)
(132, 117, 133, 118)
(134, 132, 135, 131)
(135, 114, 136, 115)
(113, 136, 114, 137)
(107, 112, 108, 113)
(111, 108, 112, 109)
(128, 110, 129, 109)
(100, 128, 101, 127)
(10, 102, 11, 101)
(12, 10, 13, 9)
(102, 12, 103, 11)
(103, 126, 104, 127)
(125, 104, 126, 105)
(124, 121, 125, 122)
(122, 150, 123, 149)
(143, 151, 144, 150)
(151, 143, 152, 142)
(141, 153, 142, 152)
(95, 145, 96, 144)
(94, 120, 95, 119)
(99, 120, 100, 121)
(145, 99, 146, 98)
(97, 147, 98, 146)
(147, 97, 148, 96)
(148, 124, 149, 123)
(110, 130, 111, 129)
(115, 130, 116, 131)
(116, 133, 117, 134)
(24, 43, 25, 44)
(42, 1, 43, 2)
(6, 42, 7, 41)
(5, 36, 6, 37)
(37, 4, 38, 5)
(33, 39, 34, 38)
(163, 35, 0, 34)
(162, 78, 163, 77)
(76, 162, 77, 161)
(19, 160, 20, 161)
(159, 20, 160, 21)
(21, 158, 22, 159)
(26, 76, 27, 75)
(74, 28, 75, 27)
(28, 74, 29, 73)
(72, 68, 73, 67)
(66, 59, 67, 60)
(60, 90, 61, 89)
(61, 52, 62, 53)
(51, 45, 52, 44)
(50, 84, 51, 83)
(82, 70, 83, 69)
(68, 80, 69, 79)
(25, 78, 26, 79)
(80, 72, 81, 71)
(70, 82, 71, 81)
(84, 50, 85, 49)
(48, 86, 49, 85)
(86, 48, 87, 47)
(87, 57, 88, 56)
(64, 57, 65, 58)
(58, 65, 59, 66)
(88, 64, 89, 63)
(53, 62, 54, 63)
(54, 45, 55, 46)
(46, 55, 47, 56)
(35, 1, 36, 0)
