(75, 73, 76, 72)
(74, 93, 75, 94)
(89, 95, 90, 94)
(88, 153, 89, 154)
(154, 151, 155, 152)
(150, 155, 151, 156)
(54, 72, 55, 71)
(70, 56, 71, 55)
(56, 70, 57, 69)
(68, 58, 69, 57)
(66, 68, 67, 67)
(124, 104, 125, 103)
(144, 125, 145, 126)
(145, 142, 146, 143)
(141, 146, 142, 147)
(100, 148, 101, 147)
(99, 77, 100, 76)
(92, 73, 93, 74)
(85, 85, 86, 84)
(86, 95, 87, 96)
(152, 87, 153, 88)
(83, 97, 84, 96)
(97, 83, 98, 82)
(98, 79, 99, 80)
(149, 79, 150, 78)
(77, 149, 78, 148)
(81, 90, 82, 91)
(91, 80, 92, 81)
(156, 130, 157, 129)
(130, 8, 131, 7)
(8, 54, 9, 53)
(50, 10, 51, 9)
(49, 111, 50, 110)
(109, 59, 110, 58)
(63, 108, 64, 109)
(107, 62, 108, 63)
(61, 106, 62, 107)
(65, 61, 66, 60)
(104, 59, 105, 60)
(105, 64, 106, 65)
(111, 49, 112, 48)
(47, 113, 48, 112)
(46, 37, 47, 38)
(38, 124, 39, 123)
(10, 40, 11, 39)
(40, 119, 41, 120)
(113, 118, 114, 119)
(24, 118, 25, 117)
(18, 26, 19, 25)
(17, 32, 18, 33)
(28, 34, 29, 33)
(36, 28, 37, 27)
(15, 26, 16, 27)
(14, 41, 15, 42)
(42, 13, 43, 14)
(12, 43, 13, 44)
(121, 44, 122, 45)
(45, 122, 46, 123)
(120, 12, 121, 11)
(31, 16, 32, 17)
(30, 36, 31, 35)
(34, 30, 35, 29)
(19, 116, 20, 117)
(115, 23, 116, 22)
(21, 115, 22, 114)
(23, 21, 24, 20)
(51, 52, 52, 53)
(127, 102, 128, 103)
(126, 143, 127, 144)
(101, 140, 102, 141)
(139, 128, 140, 129)
(157, 7, 158, 6)
(131, 159, 132, 158)
(159, 163, 160, 162)
(138, 163, 139, 164)
(136, 138, 137, 137)
(132, 135, 133, 136)
(161, 135, 162, 134)
(133, 161, 134, 160)
(5, 164, 6, 165)
(165, 2, 0, 3)
(1, 4, 2, 5)
(3, 0, 4, 1)
