(161, 103, 162, 102)
(103, 117, 104, 116)
(104, 108, 105, 107)
(119, 109, 120, 108)
(5, 118, 6, 119)
(117, 4, 118, 5)
(3, 154, 4, 155)
(155, 2, 156, 3)
(1, 156, 2, 157)
(157, 161, 158, 160)
(165, 159, 0, 158)
(93, 165, 94, 164)
(94, 99, 95, 100)
(101, 99, 102, 98)
(97, 163, 98, 162)
(163, 97, 164, 96)
(100, 95, 101, 96)
(92, 9, 93, 10)
(31, 11, 32, 10)
(121, 30, 122, 31)
(120, 111, 121, 112)
(112, 116, 113, 115)
(106, 113, 107, 114)
(114, 105, 115, 106)
(7, 110, 8, 111)
(109, 6, 110, 7)
(8, 154, 9, 153)
(152, 60, 153, 59)
(58, 152, 59, 151)
(150, 58, 151, 57)
(61, 57, 62, 56)
(55, 63, 56, 62)
(54, 39, 55, 40)
(91, 40, 92, 41)
(41, 44, 42, 45)
(43, 69, 44, 68)
(32, 67, 33, 68)
(87, 66, 88, 67)
(27, 87, 28, 86)
(23, 29, 24, 28)
(17, 23, 18, 22)
(21, 19, 22, 18)
(129, 21, 130, 20)
(11, 131, 12, 130)
(131, 124, 132, 125)
(123, 14, 124, 15)
(15, 122, 16, 123)
(135, 16, 136, 17)
(136, 30, 137, 29)
(137, 25, 138, 24)
(25, 139, 26, 138)
(142, 140, 143, 139)
(141, 146, 142, 147)
(82, 147, 83, 148)
(148, 83, 149, 84)
(149, 60, 150, 61)
(79, 85, 80, 84)
(78, 66, 79, 65)
(64, 49, 65, 50)
(50, 63, 51, 64)
(38, 51, 39, 52)
(52, 73, 53, 74)
(72, 53, 73, 54)
(71, 47, 72, 46)
(45, 90, 46, 91)
(89, 71, 90, 70)
(69, 43, 70, 42)
(88, 34, 89, 33)
(34, 78, 35, 77)
(76, 36, 77, 35)
(48, 76, 49, 75)
(37, 75, 38, 74)
(47, 36, 48, 37)
(85, 27, 86, 26)
(143, 81, 144, 80)
(81, 145, 82, 144)
(145, 140, 146, 141)
(134, 127, 135, 128)
(19, 129, 20, 128)
(126, 133, 127, 134)
(12, 125, 13, 126)
(132, 14, 133, 13)
(159, 1, 160, 0)
