(140, 135, 141, 136)
(139, 139, 140, 138)
(152, 137, 153, 138)
(136, 151, 137, 152)
(149, 151, 150, 150)
(141, 148, 142, 149)
(147, 154, 148, 155)
(78, 156, 79, 155)
(156, 78, 157, 77)
(94, 157, 95, 158)
(134, 95, 135, 96)
(96, 65, 97, 66)
(153, 142, 154, 143)
(143, 85, 144, 84)
(80, 86, 81, 85)
(146, 80, 147, 79)
(145, 86, 146, 87)
(87, 77, 88, 76)
(88, 94, 89, 93)
(92, 90, 93, 89)
(91, 4, 92, 5)
(158, 6, 159, 5)
(61, 6, 62, 7)
(133, 62, 134, 63)
(63, 66, 64, 67)
(64, 97, 65, 98)
(83, 165, 84, 164)
(163, 83, 164, 82)
(81, 145, 82, 144)
(162, 75, 163, 76)
(74, 161, 75, 162)
(1, 72, 2, 73)
(71, 2, 72, 3)
(3, 90, 4, 91)
(159, 70, 160, 71)
(98, 70, 99, 69)
(99, 59, 100, 58)
(59, 101, 60, 100)
(101, 61, 102, 60)
(57, 103, 58, 102)
(103, 57, 104, 56)
(29, 105, 30, 104)
(11, 28, 12, 29)
(121, 11, 122, 10)
(7, 123, 8, 122)
(130, 123, 131, 124)
(131, 68, 132, 69)
(67, 132, 68, 133)
(124, 34, 125, 33)
(34, 31, 35, 32)
(30, 55, 31, 56)
(109, 54, 110, 55)
(105, 108, 106, 109)
(107, 118, 108, 119)
(26, 119, 27, 120)
(27, 12, 28, 13)
(13, 121, 14, 120)
(21, 15, 22, 14)
(9, 21, 10, 20)
(19, 9, 20, 8)
(129, 19, 130, 18)
(17, 129, 18, 128)
(127, 17, 128, 16)
(15, 127, 16, 126)
(32, 126, 33, 125)
(22, 25, 23, 26)
(24, 116, 25, 115)
(39, 114, 40, 115)
(35, 38, 36, 39)
(50, 38, 51, 37)
(51, 43, 52, 42)
(43, 44, 44, 45)
(45, 110, 46, 111)
(53, 46, 54, 47)
(47, 113, 48, 112)
(113, 40, 114, 41)
(41, 49, 42, 48)
(36, 50, 37, 49)
(52, 111, 53, 112)
(116, 24, 117, 23)
(117, 106, 118, 107)
(165, 161, 0, 160)
(73, 0, 74, 1)
