(165, 165, 0, 164)
(138, 86, 139, 85)
(137, 49, 138, 48)
(57, 137, 58, 136)
(135, 59, 136, 58)
(3, 5, 4, 4)
(2, 47, 3, 48)
(37, 156, 38, 157)
(155, 153, 156, 152)
(162, 152, 163, 151)
(46, 163, 47, 164)
(84, 140, 85, 139)
(126, 84, 127, 83)
(80, 128, 81, 127)
(55, 86, 56, 87)
(56, 49, 57, 50)
(89, 51, 90, 50)
(51, 89, 52, 88)
(92, 59, 93, 60)
(100, 93, 101, 94)
(101, 135, 102, 134)
(5, 103, 6, 102)
(103, 13, 104, 12)
(106, 13, 107, 14)
(107, 109, 108, 108)
(109, 37, 110, 36)
(110, 41, 111, 42)
(40, 114, 41, 113)
(112, 40, 113, 39)
(157, 38, 158, 39)
(143, 158, 144, 159)
(153, 145, 154, 144)
(145, 155, 146, 154)
(161, 146, 162, 147)
(147, 160, 148, 161)
(159, 148, 160, 149)
(150, 149, 151, 150)
(140, 45, 141, 46)
(116, 119, 117, 120)
(125, 119, 126, 118)
(117, 125, 118, 124)
(123, 120, 124, 121)
(121, 83, 122, 82)
(81, 123, 82, 122)
(131, 7, 132, 6)
(69, 133, 70, 132)
(79, 69, 80, 68)
(74, 68, 75, 67)
(66, 76, 67, 75)
(65, 94, 66, 95)
(54, 95, 55, 96)
(96, 53, 97, 54)
(52, 92, 53, 91)
(87, 90, 88, 91)
(97, 64, 98, 65)
(63, 61, 64, 60)
(99, 63, 100, 62)
(61, 99, 62, 98)
(76, 73, 77, 74)
(72, 77, 73, 78)
(78, 71, 79, 72)
(133, 71, 134, 70)
(129, 9, 130, 8)
(9, 129, 10, 128)
(105, 11, 106, 10)
(11, 105, 12, 104)
(7, 131, 8, 130)
(42, 115, 43, 116)
(111, 114, 112, 115)
(142, 43, 143, 44)
(44, 141, 45, 142)
(24, 35, 25, 36)
(14, 23, 15, 24)
(27, 22, 28, 23)
(21, 26, 22, 27)
(25, 20, 26, 21)
(19, 28, 20, 29)
(29, 18, 30, 19)
(17, 34, 18, 35)
(31, 33, 32, 32)
(30, 16, 31, 15)
(33, 16, 34, 17)
(1, 0, 2, 1)
