(3, 43, 4, 42)
(68, 43, 69, 44)
(69, 12, 70, 13)
(11, 162, 12, 163)
(163, 3, 164, 2)
(1, 165, 2, 164)
(166, 9, 167, 10)
(35, 9, 36, 8)
(7, 37, 8, 36)
(41, 7, 42, 6)
(5, 60, 6, 61)
(61, 4, 62, 5)
(62, 59, 63, 60)
(58, 66, 59, 65)
(64, 58, 65, 57)
(56, 67, 57, 68)
(55, 132, 56, 133)
(144, 134, 145, 133)
(134, 144, 135, 143)
(135, 44, 136, 45)
(136, 13, 137, 14)
(46, 137, 47, 138)
(18, 47, 19, 48)
(72, 20, 73, 19)
(160, 72, 161, 71)
(70, 162, 71, 161)
(20, 160, 21, 159)
(21, 108, 22, 109)
(107, 32, 108, 33)
(33, 39, 34, 38)
(39, 35, 40, 34)
(40, 37, 41, 38)
(125, 101, 126, 100)
(76, 99, 77, 100)
(98, 75, 99, 76)
(154, 97, 155, 98)
(96, 153, 97, 154)
(84, 96, 85, 95)
(54, 85, 55, 86)
(141, 86, 142, 87)
(145, 143, 146, 142)
(146, 88, 147, 87)
(88, 15, 89, 16)
(45, 14, 46, 15)
(138, 90, 139, 89)
(90, 18, 91, 17)
(48, 92, 49, 91)
(51, 92, 52, 93)
(151, 52, 152, 53)
(152, 83, 153, 84)
(82, 74, 83, 73)
(81, 158, 82, 159)
(80, 78, 81, 77)
(156, 79, 157, 80)
(155, 74, 156, 75)
(78, 157, 79, 158)
(53, 95, 54, 94)
(93, 151, 94, 150)
(50, 149, 51, 150)
(148, 49, 149, 50)
(140, 148, 141, 147)
(16, 139, 17, 140)
(124, 110, 125, 109)
(123, 118, 124, 119)
(22, 120, 23, 119)
(120, 24, 121, 23)
(24, 32, 25, 31)
(30, 26, 31, 25)
(26, 30, 27, 29)
(27, 107, 28, 106)
(105, 29, 106, 28)
(113, 104, 114, 105)
(101, 103, 102, 102)
(110, 104, 111, 103)
(112, 111, 113, 112)
(117, 114, 118, 115)
(115, 123, 116, 122)
(121, 117, 122, 116)
(126, 130, 127, 129)
(130, 128, 131, 127)
(128, 132, 129, 131)
(66, 64, 67, 63)
(10, 167, 11, 0)
(165, 1, 166, 0)
