(126, 82, 127, 81)
(127, 165, 128, 164)
(84, 166, 85, 165)
(83, 158, 84, 159)
(159, 82, 160, 83)
(160, 126, 161, 125)
(70, 162, 71, 161)
(80, 70, 81, 69)
(68, 80, 69, 79)
(163, 79, 164, 78)
(122, 77, 123, 78)
(121, 118, 122, 119)
(119, 128, 120, 129)
(129, 120, 130, 121)
(130, 85, 131, 86)
(26, 132, 27, 131)
(157, 108, 158, 109)
(109, 156, 110, 157)
(155, 110, 156, 111)
(111, 154, 112, 155)
(153, 112, 154, 113)
(64, 113, 65, 114)
(65, 125, 66, 124)
(71, 67, 72, 66)
(162, 68, 163, 67)
(123, 73, 124, 72)
(73, 117, 74, 116)
(117, 77, 118, 76)
(100, 75, 101, 76)
(99, 37, 100, 36)
(38, 36, 39, 35)
(39, 94, 40, 95)
(86, 93, 87, 94)
(92, 87, 93, 88)
(88, 44, 89, 43)
(95, 44, 96, 45)
(31, 97, 32, 96)
(51, 31, 52, 30)
(29, 53, 30, 52)
(151, 28, 152, 29)
(27, 150, 28, 151)
(149, 133, 150, 132)
(145, 149, 146, 148)
(146, 136, 147, 135)
(139, 136, 140, 137)
(137, 140, 138, 141)
(141, 138, 142, 139)
(134, 148, 135, 147)
(144, 133, 145, 134)
(106, 144, 107, 143)
(142, 108, 143, 107)
(105, 152, 106, 153)
(104, 58, 105, 57)
(56, 61, 57, 62)
(62, 115, 63, 116)
(114, 63, 115, 64)
(60, 55, 61, 56)
(54, 59, 55, 60)
(102, 53, 103, 54)
(74, 101, 75, 102)
(58, 104, 59, 103)
(97, 51, 98, 50)
(37, 99, 38, 98)
(46, 50, 47, 49)
(34, 47, 35, 48)
(48, 33, 49, 34)
(45, 32, 46, 33)
(40, 90, 41, 89)
(90, 42, 91, 41)
(42, 92, 43, 91)
(13, 25, 14, 24)
(25, 13, 26, 12)
(14, 12, 15, 11)
(10, 16, 11, 15)
(9, 5, 10, 4)
(22, 4, 23, 3)
(166, 24, 167, 23)
(1, 19, 2, 18)
(19, 16, 20, 17)
(20, 8, 21, 7)
(5, 9, 6, 8)
(6, 22, 7, 21)
(17, 3, 18, 2)
(167, 1, 0, 0)
