(162, 164, 163, 163)
(161, 81, 162, 80)
(42, 79, 43, 80)
(41, 126, 42, 127)
(32, 128, 33, 127)
(159, 128, 160, 129)
(81, 161, 82, 160)
(82, 151, 83, 152)
(150, 44, 151, 43)
(44, 150, 45, 149)
(45, 77, 46, 76)
(77, 125, 78, 124)
(125, 79, 126, 78)
(123, 46, 124, 47)
(62, 48, 63, 47)
(48, 62, 49, 61)
(66, 49, 67, 50)
(67, 37, 68, 36)
(37, 41, 38, 40)
(38, 33, 39, 34)
(34, 39, 35, 40)
(35, 69, 36, 68)
(112, 70, 113, 69)
(156, 112, 157, 111)
(142, 157, 143, 158)
(158, 143, 159, 144)
(129, 145, 130, 144)
(145, 131, 146, 130)
(131, 147, 132, 146)
(152, 148, 153, 147)
(83, 149, 84, 148)
(153, 84, 154, 85)
(71, 154, 72, 155)
(72, 118, 73, 117)
(121, 118, 122, 119)
(75, 122, 76, 123)
(119, 75, 120, 74)
(73, 121, 74, 120)
(59, 117, 60, 116)
(60, 63, 61, 64)
(51, 64, 52, 65)
(65, 52, 66, 53)
(53, 50, 54, 51)
(57, 55, 58, 54)
(56, 114, 57, 113)
(114, 56, 115, 55)
(115, 59, 116, 58)
(155, 70, 156, 71)
(85, 133, 86, 132)
(135, 139, 136, 138)
(139, 111, 140, 110)
(140, 92, 141, 91)
(92, 142, 93, 141)
(93, 86, 94, 87)
(133, 137, 134, 136)
(137, 135, 138, 134)
(87, 94, 88, 95)
(88, 110, 89, 109)
(108, 90, 109, 89)
(96, 107, 97, 108)
(95, 90, 96, 91)
(100, 104, 101, 103)
(97, 102, 98, 103)
(101, 106, 102, 107)
(98, 106, 99, 105)
(104, 100, 105, 99)
(18, 32, 19, 31)
(25, 23, 26, 22)
(21, 27, 22, 26)
(20, 29, 21, 30)
(30, 19, 31, 20)
(23, 28, 24, 29)
(27, 24, 28, 25)
(164, 17, 165, 18)
(16, 165, 17, 166)
(166, 16, 167, 15)
(7, 6, 8, 7)
(5, 11, 6, 10)
(9, 14, 10, 15)
(8, 2, 9, 1)
(13, 3, 14, 2)
(3, 13, 4, 12)
(11, 5, 12, 4)
(167, 0, 0, 1)
