(94, 101, 95, 102)
(26, 96, 27, 95)
(25, 109, 26, 108)
(99, 25, 100, 24)
(100, 108, 101, 107)
(37, 107, 38, 106)
(105, 39, 106, 38)
(135, 104, 136, 105)
(103, 134, 104, 135)
(102, 93, 103, 94)
(92, 128, 93, 127)
(126, 28, 127, 27)
(125, 89, 126, 88)
(87, 113, 88, 112)
(111, 97, 112, 96)
(97, 111, 98, 110)
(109, 99, 110, 98)
(86, 21, 87, 22)
(22, 85, 23, 86)
(84, 23, 85, 24)
(83, 36, 84, 37)
(5, 82, 6, 83)
(7, 5, 8, 4)
(39, 9, 40, 8)
(136, 10, 137, 9)
(10, 142, 11, 141)
(145, 143, 146, 142)
(144, 133, 145, 134)
(132, 143, 133, 144)
(16, 132, 17, 131)
(17, 128, 18, 129)
(18, 31, 19, 32)
(91, 31, 92, 30)
(29, 91, 30, 90)
(89, 29, 90, 28)
(19, 117, 20, 116)
(117, 120, 118, 121)
(119, 124, 120, 125)
(123, 118, 124, 119)
(122, 114, 123, 113)
(114, 122, 115, 121)
(115, 21, 116, 20)
(32, 130, 33, 129)
(130, 34, 131, 33)
(34, 15, 35, 16)
(14, 35, 15, 36)
(13, 146, 14, 147)
(147, 153, 148, 152)
(153, 55, 154, 54)
(55, 155, 56, 154)
(155, 81, 156, 80)
(81, 6, 82, 7)
(159, 158, 160, 159)
(68, 157, 69, 158)
(40, 67, 41, 68)
(137, 66, 138, 67)
(65, 140, 66, 141)
(61, 65, 62, 64)
(62, 11, 63, 12)
(12, 63, 13, 64)
(60, 45, 61, 46)
(46, 57, 47, 58)
(49, 57, 50, 56)
(50, 152, 51, 151)
(150, 52, 151, 51)
(52, 150, 53, 149)
(148, 54, 149, 53)
(48, 59, 49, 60)
(58, 47, 59, 48)
(44, 42, 45, 41)
(138, 43, 139, 44)
(42, 139, 43, 140)
(79, 157, 80, 156)
(1, 79, 2, 78)
(2, 167, 3, 0)
(166, 3, 167, 4)
(76, 165, 77, 166)
(69, 75, 70, 74)
(164, 75, 165, 76)
(70, 164, 71, 163)
(162, 72, 163, 71)
(72, 162, 73, 161)
(160, 74, 161, 73)
(77, 1, 78, 0)
