(128, 130, 129, 129)
(130, 123, 131, 124)
(122, 22, 123, 21)
(147, 20, 148, 21)
(139, 147, 140, 146)
(143, 141, 144, 140)
(6, 7, 7, 8)
(127, 117, 128, 116)
(124, 115, 125, 116)
(114, 125, 115, 126)
(126, 113, 127, 114)
(112, 117, 113, 118)
(118, 47, 119, 48)
(46, 132, 47, 131)
(22, 45, 23, 46)
(29, 44, 30, 45)
(28, 93, 29, 94)
(94, 27, 95, 28)
(26, 78, 27, 77)
(76, 135, 77, 136)
(136, 122, 137, 121)
(137, 148, 138, 149)
(19, 138, 20, 139)
(149, 19, 150, 18)
(150, 160, 151, 159)
(160, 155, 161, 156)
(15, 155, 16, 154)
(16, 13, 17, 14)
(12, 1, 13, 2)
(5, 3, 6, 2)
(4, 3, 5, 4)
(145, 143, 146, 142)
(141, 145, 142, 144)
(166, 12, 167, 11)
(10, 0, 11, 167)
(9, 9, 10, 8)
(55, 72, 56, 73)
(54, 52, 55, 51)
(69, 50, 70, 51)
(49, 68, 50, 69)
(111, 49, 112, 48)
(110, 64, 111, 63)
(62, 110, 63, 109)
(108, 120, 109, 119)
(107, 74, 108, 75)
(75, 106, 76, 107)
(105, 25, 106, 24)
(132, 23, 133, 24)
(104, 134, 105, 133)
(103, 42, 104, 43)
(43, 30, 44, 31)
(31, 102, 32, 103)
(101, 32, 102, 33)
(98, 34, 99, 33)
(97, 92, 98, 93)
(96, 88, 97, 87)
(86, 96, 87, 95)
(40, 86, 41, 85)
(78, 42, 79, 41)
(79, 84, 80, 85)
(83, 100, 84, 101)
(99, 82, 100, 83)
(81, 35, 82, 34)
(35, 81, 36, 80)
(36, 92, 37, 91)
(90, 38, 91, 37)
(38, 90, 39, 89)
(88, 40, 89, 39)
(134, 26, 135, 25)
(73, 120, 74, 121)
(67, 56, 68, 57)
(64, 58, 65, 57)
(58, 62, 59, 61)
(59, 67, 60, 66)
(65, 61, 66, 60)
(70, 53, 71, 54)
(52, 71, 53, 72)
(164, 17, 165, 18)
(163, 153, 164, 152)
(158, 152, 159, 151)
(162, 157, 163, 158)
(156, 161, 157, 162)
(153, 15, 154, 14)
(165, 1, 166, 0)
