(32, 27, 33, 28)
(28, 31, 29, 32)
(169, 30, 0, 31)
(1, 169, 2, 168)
(2, 16, 3, 15)
(25, 16, 26, 17)
(26, 33, 27, 34)
(34, 37, 35, 38)
(36, 44, 37, 43)
(45, 43, 46, 42)
(167, 46, 168, 47)
(47, 166, 48, 167)
(165, 48, 166, 49)
(50, 50, 51, 49)
(4, 14, 5, 13)
(14, 4, 15, 3)
(5, 25, 6, 24)
(6, 17, 7, 18)
(10, 8, 11, 7)
(9, 40, 10, 41)
(41, 38, 42, 39)
(39, 8, 40, 9)
(22, 12, 23, 11)
(154, 21, 155, 22)
(164, 154, 165, 153)
(53, 152, 54, 153)
(107, 53, 108, 52)
(51, 109, 52, 108)
(109, 150, 110, 151)
(149, 129, 150, 128)
(127, 122, 128, 123)
(123, 138, 124, 139)
(137, 93, 138, 92)
(91, 105, 92, 104)
(160, 103, 161, 104)
(159, 157, 160, 156)
(20, 155, 21, 156)
(19, 12, 20, 13)
(18, 23, 19, 24)
(158, 163, 159, 164)
(162, 157, 163, 158)
(102, 161, 103, 162)
(101, 55, 102, 54)
(100, 71, 101, 72)
(72, 99, 73, 100)
(98, 73, 99, 74)
(69, 75, 70, 74)
(68, 86, 69, 85)
(84, 89, 85, 90)
(95, 91, 96, 90)
(105, 95, 106, 94)
(106, 152, 107, 151)
(93, 137, 94, 136)
(135, 140, 136, 141)
(141, 134, 142, 135)
(133, 111, 134, 110)
(111, 133, 112, 132)
(112, 129, 113, 130)
(130, 113, 131, 114)
(114, 131, 115, 132)
(148, 115, 149, 116)
(116, 147, 117, 148)
(119, 147, 120, 146)
(125, 120, 126, 121)
(121, 126, 122, 127)
(139, 124, 140, 125)
(142, 145, 143, 146)
(117, 144, 118, 145)
(143, 118, 144, 119)
(55, 97, 56, 96)
(70, 97, 71, 98)
(75, 57, 76, 56)
(80, 57, 81, 58)
(58, 81, 59, 82)
(59, 63, 60, 62)
(63, 88, 64, 89)
(87, 67, 88, 66)
(65, 87, 66, 86)
(64, 67, 65, 68)
(60, 77, 61, 78)
(76, 83, 77, 84)
(82, 79, 83, 80)
(78, 61, 79, 62)
(44, 36, 45, 35)
(29, 0, 30, 1)
