(31, 10, 32, 11)
(3, 32, 4, 33)
(33, 2, 34, 3)
(4, 6, 5, 5)
(6, 10, 7, 9)
(7, 8, 8, 9)
(12, 14, 13, 13)
(11, 30, 12, 31)
(60, 29, 61, 30)
(59, 18, 60, 19)
(19, 58, 20, 59)
(57, 20, 58, 21)
(54, 22, 55, 21)
(53, 35, 54, 34)
(52, 66, 53, 65)
(95, 64, 96, 65)
(169, 95, 0, 94)
(62, 93, 63, 94)
(14, 61, 15, 62)
(15, 29, 16, 28)
(55, 16, 56, 17)
(17, 56, 18, 57)
(27, 40, 28, 41)
(41, 22, 42, 23)
(35, 43, 36, 42)
(43, 37, 44, 36)
(68, 37, 69, 38)
(69, 66, 70, 67)
(70, 50, 71, 49)
(50, 118, 51, 117)
(118, 52, 119, 51)
(114, 120, 115, 119)
(113, 111, 114, 110)
(109, 77, 110, 76)
(75, 109, 76, 108)
(166, 108, 167, 107)
(96, 168, 97, 167)
(168, 64, 169, 63)
(136, 97, 137, 98)
(100, 138, 101, 137)
(138, 100, 139, 99)
(88, 139, 89, 140)
(92, 89, 93, 90)
(79, 91, 80, 90)
(78, 124, 79, 123)
(122, 74, 123, 73)
(115, 73, 116, 72)
(71, 117, 72, 116)
(112, 121, 113, 122)
(120, 111, 121, 112)
(77, 75, 78, 74)
(124, 132, 125, 131)
(132, 166, 133, 165)
(164, 134, 165, 133)
(134, 164, 135, 163)
(106, 135, 107, 136)
(102, 105, 103, 106)
(98, 101, 99, 102)
(104, 160, 105, 159)
(161, 159, 162, 158)
(157, 163, 158, 162)
(87, 157, 88, 156)
(140, 155, 141, 156)
(154, 129, 155, 130)
(81, 131, 82, 130)
(91, 81, 92, 80)
(82, 150, 83, 149)
(150, 84, 151, 83)
(147, 85, 148, 84)
(85, 147, 86, 146)
(125, 87, 126, 86)
(126, 145, 127, 146)
(144, 127, 145, 128)
(128, 141, 129, 142)
(153, 142, 154, 143)
(143, 152, 144, 153)
(148, 152, 149, 151)
(160, 104, 161, 103)
(48, 39, 49, 40)
(24, 48, 25, 47)
(46, 26, 47, 25)
(26, 46, 27, 45)
(44, 24, 45, 23)
(38, 67, 39, 68)
(1, 1, 2, 0)
