(101, 145, 102, 144)
(145, 103, 146, 102)
(103, 157, 104, 156)
(157, 105, 158, 104)
(105, 101, 106, 100)
(21, 107, 22, 106)
(143, 7, 144, 6)
(132, 5, 133, 6)
(4, 131, 5, 132)
(3, 147, 4, 146)
(147, 3, 148, 2)
(155, 148, 156, 149)
(166, 150, 167, 149)
(165, 96, 166, 97)
(58, 97, 59, 98)
(98, 59, 99, 60)
(158, 100, 159, 99)
(159, 61, 160, 60)
(61, 67, 62, 66)
(36, 67, 37, 68)
(37, 45, 38, 44)
(48, 46, 49, 45)
(47, 28, 48, 29)
(29, 22, 30, 23)
(30, 74, 31, 73)
(163, 74, 164, 75)
(75, 164, 76, 165)
(76, 112, 77, 111)
(109, 113, 110, 112)
(108, 17, 109, 18)
(18, 107, 19, 108)
(14, 20, 15, 19)
(20, 14, 21, 13)
(15, 13, 16, 12)
(11, 17, 12, 16)
(10, 135, 11, 136)
(7, 137, 8, 136)
(137, 9, 138, 8)
(9, 139, 10, 138)
(139, 134, 140, 135)
(133, 142, 134, 143)
(141, 130, 142, 131)
(129, 140, 130, 141)
(95, 129, 96, 128)
(78, 127, 79, 128)
(110, 78, 111, 77)
(93, 126, 94, 127)
(81, 93, 82, 92)
(119, 83, 120, 82)
(118, 114, 119, 113)
(117, 87, 118, 86)
(85, 123, 86, 122)
(121, 124, 122, 125)
(125, 80, 126, 81)
(79, 94, 80, 95)
(120, 91, 121, 92)
(90, 84, 91, 83)
(89, 115, 90, 114)
(115, 89, 116, 88)
(87, 117, 88, 116)
(123, 85, 124, 84)
(57, 163, 58, 162)
(161, 64, 162, 65)
(65, 160, 66, 161)
(63, 34, 64, 35)
(35, 62, 36, 63)
(68, 33, 69, 34)
(32, 69, 33, 70)
(70, 41, 71, 42)
(40, 43, 41, 44)
(54, 39, 55, 40)
(38, 53, 39, 54)
(52, 50, 53, 49)
(24, 51, 25, 52)
(26, 24, 27, 23)
(27, 46, 28, 47)
(50, 25, 51, 26)
(72, 55, 73, 56)
(31, 57, 32, 56)
(42, 71, 43, 72)
(150, 153, 151, 154)
(169, 152, 0, 153)
(1, 169, 2, 168)
(154, 168, 155, 167)
(151, 0, 152, 1)
