(131, 143, 132, 142)
(132, 113, 133, 114)
(128, 128, 129, 127)
(156, 28, 157, 27)
(155, 151, 156, 150)
(149, 30, 150, 31)
(148, 166, 149, 165)
(164, 148, 165, 147)
(146, 144, 147, 143)
(145, 26, 146, 27)
(111, 131, 112, 130)
(112, 115, 113, 116)
(114, 141, 115, 142)
(137, 139, 138, 138)
(136, 134, 137, 133)
(140, 136, 141, 135)
(134, 140, 135, 139)
(116, 117, 117, 118)
(118, 109, 119, 110)
(31, 108, 32, 109)
(107, 32, 108, 33)
(122, 126, 123, 125)
(126, 122, 127, 121)
(86, 83, 87, 84)
(87, 55, 88, 54)
(55, 89, 56, 88)
(94, 90, 95, 89)
(90, 94, 91, 93)
(91, 40, 92, 41)
(39, 102, 40, 103)
(103, 38, 104, 39)
(34, 37, 35, 38)
(33, 106, 34, 107)
(101, 80, 102, 81)
(100, 66, 101, 65)
(64, 85, 65, 86)
(84, 63, 85, 64)
(97, 62, 98, 63)
(96, 53, 97, 54)
(95, 57, 96, 56)
(57, 48, 58, 49)
(47, 45, 48, 44)
(72, 43, 73, 44)
(42, 71, 43, 72)
(41, 92, 42, 93)
(79, 71, 80, 70)
(69, 79, 70, 78)
(77, 69, 78, 68)
(98, 68, 99, 67)
(66, 100, 67, 99)
(73, 77, 74, 76)
(74, 45, 75, 46)
(46, 75, 47, 76)
(51, 58, 52, 59)
(52, 62, 53, 61)
(49, 60, 50, 61)
(59, 50, 60, 51)
(82, 82, 83, 81)
(36, 105, 37, 106)
(104, 35, 105, 36)
(119, 125, 120, 124)
(123, 121, 124, 120)
(129, 111, 130, 110)
(5, 158, 6, 159)
(159, 152, 160, 153)
(28, 151, 29, 152)
(29, 155, 30, 154)
(153, 160, 154, 161)
(166, 162, 167, 161)
(23, 162, 24, 163)
(163, 24, 164, 25)
(25, 144, 26, 145)
(13, 22, 14, 23)
(21, 12, 22, 13)
(7, 20, 8, 21)
(157, 6, 158, 7)
(2, 19, 3, 20)
(18, 1, 19, 2)
(17, 4, 18, 5)
(9, 17, 10, 16)
(15, 11, 16, 10)
(14, 168, 15, 167)
(11, 168, 12, 169)
(8, 0, 9, 169)
(3, 1, 4, 0)
