(147, 24, 148, 25)
(159, 146, 160, 147)
(158, 26, 159, 25)
(6, 157, 7, 158)
(5, 18, 6, 19)
(22, 19, 23, 20)
(23, 148, 24, 149)
(20, 149, 21, 150)
(150, 21, 151, 22)
(8, 152, 9, 151)
(7, 167, 8, 166)
(160, 165, 161, 166)
(164, 73, 165, 74)
(74, 96, 75, 95)
(145, 81, 146, 80)
(79, 39, 80, 38)
(37, 27, 38, 26)
(77, 36, 78, 37)
(68, 162, 69, 161)
(67, 72, 68, 73)
(66, 163, 67, 164)
(65, 77, 66, 76)
(94, 76, 95, 75)
(88, 93, 89, 94)
(87, 118, 88, 119)
(119, 54, 120, 55)
(53, 120, 54, 121)
(121, 52, 122, 53)
(51, 43, 52, 42)
(41, 138, 42, 139)
(98, 139, 99, 140)
(140, 99, 141, 100)
(100, 141, 101, 142)
(101, 96, 102, 97)
(81, 145, 82, 144)
(82, 39, 83, 40)
(83, 61, 84, 60)
(30, 62, 31, 61)
(34, 30, 35, 29)
(28, 36, 29, 35)
(78, 28, 79, 27)
(62, 34, 63, 33)
(32, 64, 33, 63)
(64, 32, 65, 31)
(113, 85, 114, 84)
(112, 115, 113, 116)
(116, 92, 117, 91)
(92, 89, 93, 90)
(90, 118, 91, 117)
(111, 86, 112, 87)
(59, 110, 60, 111)
(55, 58, 56, 59)
(106, 58, 107, 57)
(126, 107, 127, 108)
(127, 122, 128, 123)
(123, 128, 124, 129)
(129, 124, 130, 125)
(130, 50, 131, 49)
(43, 51, 44, 50)
(133, 45, 134, 44)
(137, 133, 138, 132)
(40, 104, 41, 103)
(143, 102, 144, 103)
(97, 143, 98, 142)
(109, 104, 110, 105)
(56, 106, 57, 105)
(108, 125, 109, 126)
(48, 132, 49, 131)
(47, 137, 48, 136)
(135, 47, 136, 46)
(45, 135, 46, 134)
(85, 115, 86, 114)
(162, 72, 163, 71)
(70, 70, 71, 69)
(167, 155, 168, 154)
(16, 155, 17, 156)
(156, 17, 157, 18)
(168, 16, 169, 15)
(14, 0, 15, 169)
(13, 3, 14, 2)
(1, 13, 2, 12)
(4, 12, 5, 11)
(10, 154, 11, 153)
(152, 10, 153, 9)
(3, 1, 4, 0)
