(71, 80, 72, 81)
(79, 72, 80, 73)
(76, 74, 77, 73)
(144, 75, 145, 76)
(143, 148, 144, 149)
(149, 142, 150, 143)
(30, 141, 31, 142)
(29, 109, 30, 108)
(48, 107, 49, 108)
(52, 48, 53, 47)
(62, 54, 63, 53)
(68, 62, 69, 61)
(60, 70, 61, 69)
(70, 60, 71, 59)
(99, 58, 100, 59)
(81, 98, 82, 99)
(132, 34, 133, 33)
(138, 134, 139, 133)
(134, 138, 135, 137)
(135, 79, 136, 78)
(77, 137, 78, 136)
(152, 140, 153, 139)
(146, 151, 147, 152)
(74, 145, 75, 146)
(150, 147, 151, 148)
(140, 31, 141, 32)
(109, 130, 110, 131)
(126, 130, 127, 129)
(10, 8, 11, 7)
(43, 7, 44, 6)
(44, 49, 45, 50)
(50, 45, 51, 46)
(51, 107, 52, 106)
(105, 46, 106, 47)
(104, 64, 105, 63)
(103, 66, 104, 67)
(67, 54, 68, 55)
(100, 56, 101, 55)
(56, 102, 57, 101)
(102, 58, 103, 57)
(88, 97, 89, 98)
(94, 87, 95, 88)
(93, 90, 94, 91)
(82, 92, 83, 91)
(92, 84, 93, 83)
(89, 85, 90, 84)
(96, 85, 97, 86)
(86, 95, 87, 96)
(163, 35, 164, 34)
(162, 117, 163, 118)
(118, 123, 119, 124)
(122, 156, 123, 155)
(154, 131, 155, 132)
(153, 32, 154, 33)
(111, 110, 112, 111)
(121, 113, 122, 112)
(157, 121, 158, 120)
(125, 158, 126, 159)
(128, 159, 129, 160)
(160, 127, 161, 128)
(116, 161, 117, 162)
(124, 115, 125, 116)
(119, 114, 120, 115)
(156, 113, 157, 114)
(23, 18, 24, 19)
(20, 20, 21, 19)
(15, 27, 16, 26)
(25, 28, 26, 29)
(24, 14, 25, 13)
(8, 12, 9, 11)
(12, 10, 13, 9)
(27, 15, 28, 14)
(21, 16, 22, 17)
(17, 22, 18, 23)
(35, 4, 36, 5)
(3, 36, 4, 37)
(37, 2, 38, 3)
(1, 40, 2, 41)
(41, 169, 42, 168)
(169, 43, 170, 42)
(167, 171, 168, 170)
(5, 167, 6, 166)
(64, 165, 65, 166)
(164, 65, 165, 66)
(171, 38, 0, 39)
(39, 0, 40, 1)
