(136, 134, 137, 133)
(134, 131, 135, 132)
(130, 135, 131, 136)
(87, 63, 88, 62)
(63, 119, 64, 118)
(119, 138, 120, 139)
(132, 138, 133, 137)
(120, 164, 121, 163)
(123, 164, 124, 165)
(129, 8, 130, 9)
(162, 10, 163, 9)
(10, 48, 11, 47)
(48, 162, 49, 161)
(160, 50, 161, 49)
(50, 160, 51, 159)
(146, 52, 147, 51)
(145, 143, 146, 142)
(141, 60, 142, 61)
(61, 87, 62, 86)
(85, 116, 86, 117)
(88, 118, 89, 117)
(89, 64, 90, 65)
(90, 139, 91, 140)
(110, 92, 111, 91)
(92, 110, 93, 109)
(93, 47, 94, 46)
(23, 94, 24, 95)
(107, 24, 108, 25)
(108, 11, 109, 12)
(12, 46, 13, 45)
(13, 35, 14, 34)
(16, 35, 17, 36)
(36, 17, 37, 18)
(37, 21, 38, 20)
(32, 22, 33, 21)
(22, 32, 23, 31)
(30, 105, 31, 106)
(106, 95, 107, 96)
(99, 97, 100, 96)
(98, 42, 99, 41)
(25, 40, 26, 41)
(39, 44, 40, 45)
(38, 33, 39, 34)
(43, 26, 44, 27)
(27, 105, 28, 104)
(28, 102, 29, 101)
(102, 30, 103, 29)
(103, 100, 104, 101)
(42, 98, 43, 97)
(19, 15, 20, 14)
(15, 19, 16, 18)
(111, 141, 112, 140)
(112, 82, 113, 81)
(82, 114, 83, 113)
(73, 114, 74, 115)
(115, 74, 116, 75)
(75, 85, 76, 84)
(76, 65, 77, 66)
(66, 77, 67, 78)
(80, 67, 81, 68)
(71, 68, 72, 69)
(83, 73, 84, 72)
(78, 70, 79, 69)
(70, 80, 71, 79)
(59, 152, 60, 153)
(153, 58, 154, 59)
(158, 58, 159, 57)
(53, 56, 54, 57)
(52, 148, 53, 147)
(143, 149, 144, 148)
(149, 145, 150, 144)
(155, 151, 156, 150)
(151, 155, 152, 154)
(55, 157, 56, 156)
(157, 55, 158, 54)
(168, 167, 169, 168)
(121, 166, 122, 167)
(165, 122, 166, 123)
(2, 169, 3, 170)
(128, 4, 129, 3)
(6, 128, 7, 127)
(124, 8, 125, 7)
(4, 126, 5, 125)
(126, 6, 127, 5)
(1, 171, 2, 170)
(171, 1, 0, 0)
