(162, 121, 163, 122)
(163, 169, 164, 168)
(169, 130, 170, 131)
(129, 105, 130, 104)
(103, 120, 104, 121)
(161, 103, 162, 102)
(101, 27, 102, 26)
(25, 97, 26, 96)
(95, 110, 96, 111)
(108, 112, 109, 111)
(107, 139, 108, 138)
(137, 125, 138, 124)
(123, 4, 124, 5)
(5, 122, 6, 123)
(6, 2, 7, 1)
(2, 8, 3, 7)
(8, 168, 9, 167)
(166, 10, 167, 9)
(165, 132, 166, 133)
(133, 164, 134, 165)
(134, 131, 135, 132)
(170, 136, 171, 135)
(11, 136, 12, 137)
(105, 13, 106, 12)
(13, 17, 14, 16)
(17, 129, 18, 128)
(21, 19, 22, 18)
(20, 116, 21, 115)
(117, 115, 118, 114)
(118, 152, 119, 151)
(152, 120, 153, 119)
(148, 154, 149, 153)
(84, 147, 85, 148)
(158, 84, 159, 83)
(159, 99, 160, 98)
(99, 161, 100, 160)
(27, 101, 28, 100)
(97, 29, 98, 28)
(29, 93, 30, 92)
(24, 93, 25, 94)
(109, 94, 110, 95)
(23, 141, 24, 140)
(139, 113, 140, 112)
(22, 114, 23, 113)
(86, 142, 87, 141)
(85, 157, 86, 156)
(150, 156, 151, 155)
(154, 150, 155, 149)
(157, 147, 158, 146)
(145, 142, 146, 143)
(56, 144, 57, 143)
(55, 82, 56, 83)
(69, 55, 70, 54)
(53, 71, 54, 70)
(52, 37, 53, 38)
(38, 92, 39, 91)
(39, 88, 40, 89)
(87, 31, 88, 30)
(58, 32, 59, 31)
(144, 58, 145, 57)
(32, 60, 33, 59)
(60, 79, 61, 80)
(78, 61, 79, 62)
(81, 62, 82, 63)
(76, 64, 77, 63)
(75, 66, 76, 67)
(67, 74, 68, 75)
(73, 68, 74, 69)
(72, 66, 73, 65)
(64, 72, 65, 71)
(77, 80, 78, 81)
(33, 49, 34, 48)
(42, 49, 43, 50)
(43, 37, 44, 36)
(51, 44, 52, 45)
(90, 45, 91, 46)
(46, 89, 47, 90)
(47, 40, 48, 41)
(41, 34, 42, 35)
(35, 50, 36, 51)
(116, 20, 117, 19)
(127, 14, 128, 15)
(15, 126, 16, 127)
(106, 126, 107, 125)
(171, 11, 0, 10)
(3, 0, 4, 1)
