(93, 55, 94, 54)
(83, 95, 84, 94)
(95, 85, 96, 84)
(85, 52, 86, 53)
(58, 51, 59, 52)
(50, 57, 51, 58)
(56, 49, 57, 50)
(82, 56, 83, 55)
(96, 53, 97, 54)
(97, 90, 98, 91)
(89, 86, 90, 87)
(88, 88, 89, 87)
(72, 60, 73, 59)
(46, 72, 47, 71)
(47, 81, 48, 80)
(81, 49, 82, 48)
(147, 92, 148, 93)
(91, 146, 92, 147)
(18, 146, 19, 145)
(98, 20, 99, 19)
(20, 23, 21, 24)
(33, 22, 34, 23)
(35, 33, 36, 32)
(36, 79, 37, 80)
(73, 78, 74, 79)
(77, 38, 78, 39)
(42, 39, 43, 40)
(68, 44, 69, 43)
(65, 60, 66, 61)
(66, 63, 67, 64)
(62, 67, 63, 68)
(61, 64, 62, 65)
(44, 70, 45, 69)
(70, 46, 71, 45)
(40, 75, 41, 76)
(74, 38, 75, 37)
(76, 41, 77, 42)
(25, 27, 26, 26)
(21, 34, 22, 35)
(31, 25, 32, 24)
(30, 28, 31, 27)
(28, 30, 29, 29)
(135, 150, 136, 151)
(136, 144, 137, 143)
(144, 18, 145, 17)
(16, 5, 17, 6)
(6, 99, 7, 100)
(7, 107, 8, 106)
(107, 9, 108, 8)
(9, 166, 10, 167)
(165, 112, 166, 113)
(113, 117, 114, 116)
(117, 127, 118, 126)
(148, 128, 149, 127)
(128, 150, 129, 149)
(129, 162, 130, 163)
(161, 130, 162, 131)
(131, 135, 132, 134)
(132, 153, 133, 154)
(155, 153, 156, 152)
(151, 157, 152, 156)
(138, 157, 139, 158)
(139, 143, 140, 142)
(140, 160, 141, 159)
(137, 161, 138, 160)
(158, 142, 159, 141)
(154, 133, 155, 134)
(118, 163, 119, 164)
(164, 119, 165, 120)
(125, 121, 126, 120)
(121, 125, 122, 124)
(115, 122, 116, 123)
(123, 114, 124, 115)
(10, 112, 11, 111)
(11, 170, 12, 171)
(4, 170, 5, 169)
(15, 169, 16, 168)
(110, 167, 111, 168)
(102, 109, 103, 110)
(104, 102, 105, 101)
(100, 106, 101, 105)
(108, 103, 109, 104)
(14, 1, 15, 2)
(2, 13, 3, 14)
(171, 12, 0, 13)
(3, 0, 4, 1)
