(168, 159, 169, 160)
(167, 165, 168, 164)
(160, 163, 161, 164)
(111, 162, 112, 163)
(110, 6, 111, 5)
(4, 110, 5, 109)
(108, 1, 109, 2)
(2, 107, 3, 108)
(171, 106, 0, 107)
(170, 12, 171, 11)
(10, 170, 11, 169)
(9, 12, 10, 13)
(13, 24, 14, 25)
(23, 14, 24, 15)
(146, 16, 147, 15)
(140, 146, 141, 145)
(144, 142, 145, 141)
(154, 144, 155, 143)
(155, 114, 156, 115)
(113, 156, 114, 157)
(157, 166, 158, 167)
(165, 158, 166, 159)
(161, 112, 162, 113)
(49, 7, 50, 6)
(79, 48, 80, 49)
(105, 79, 106, 78)
(77, 105, 78, 104)
(103, 77, 104, 76)
(75, 103, 76, 102)
(60, 101, 61, 102)
(59, 53, 60, 52)
(51, 8, 52, 9)
(35, 50, 36, 51)
(29, 34, 30, 35)
(25, 28, 26, 29)
(148, 17, 149, 18)
(22, 148, 23, 147)
(16, 21, 17, 22)
(20, 151, 21, 152)
(139, 152, 140, 153)
(142, 154, 143, 153)
(32, 123, 33, 124)
(33, 30, 34, 31)
(18, 149, 19, 150)
(150, 19, 151, 20)
(124, 31, 125, 32)
(134, 133, 135, 134)
(127, 133, 128, 132)
(125, 129, 126, 128)
(136, 130, 137, 129)
(135, 138, 136, 139)
(130, 138, 131, 137)
(131, 127, 132, 126)
(26, 28, 27, 27)
(119, 122, 120, 123)
(116, 121, 117, 122)
(118, 116, 119, 115)
(120, 117, 121, 118)
(7, 37, 8, 36)
(40, 38, 41, 37)
(39, 81, 40, 80)
(81, 39, 82, 38)
(43, 82, 44, 83)
(44, 48, 45, 47)
(45, 86, 46, 87)
(74, 86, 75, 85)
(84, 74, 85, 73)
(72, 62, 73, 61)
(62, 72, 63, 71)
(100, 63, 101, 64)
(95, 65, 96, 64)
(65, 95, 66, 94)
(93, 67, 94, 66)
(53, 92, 54, 93)
(91, 58, 92, 59)
(57, 90, 58, 91)
(56, 42, 57, 41)
(42, 56, 43, 55)
(54, 90, 55, 89)
(83, 88, 84, 89)
(87, 46, 88, 47)
(67, 99, 68, 98)
(70, 99, 71, 100)
(69, 97, 70, 96)
(97, 69, 98, 68)
(3, 0, 4, 1)
