(133, 77, 134, 76)
(75, 135, 76, 134)
(74, 68, 75, 67)
(55, 66, 56, 67)
(54, 78, 55, 77)
(132, 54, 133, 53)
(127, 53, 128, 52)
(128, 125, 129, 126)
(141, 124, 142, 125)
(140, 38, 141, 37)
(32, 136, 33, 135)
(150, 32, 151, 31)
(151, 155, 152, 154)
(155, 160, 156, 161)
(159, 156, 160, 157)
(157, 10, 158, 11)
(9, 168, 10, 169)
(70, 169, 71, 170)
(71, 68, 72, 69)
(3, 72, 4, 73)
(73, 4, 74, 5)
(2, 6, 3, 5)
(162, 1, 163, 2)
(14, 162, 15, 161)
(15, 63, 16, 62)
(63, 17, 64, 16)
(17, 56, 18, 57)
(65, 18, 66, 19)
(19, 59, 20, 58)
(78, 60, 79, 59)
(60, 80, 61, 79)
(80, 82, 81, 81)
(23, 82, 24, 83)
(83, 24, 84, 25)
(25, 84, 26, 85)
(26, 112, 27, 111)
(143, 113, 144, 112)
(142, 45, 143, 46)
(46, 132, 47, 131)
(47, 51, 48, 50)
(51, 127, 52, 126)
(48, 129, 49, 130)
(130, 49, 131, 50)
(41, 44, 42, 45)
(40, 121, 41, 122)
(122, 39, 123, 40)
(38, 123, 39, 124)
(139, 121, 140, 120)
(119, 114, 120, 115)
(115, 37, 116, 36)
(33, 117, 34, 116)
(117, 35, 118, 34)
(35, 119, 36, 118)
(113, 137, 114, 136)
(42, 138, 43, 137)
(138, 44, 139, 43)
(144, 150, 145, 149)
(145, 31, 146, 30)
(146, 27, 147, 28)
(28, 147, 29, 148)
(148, 29, 149, 30)
(85, 111, 86, 110)
(93, 87, 94, 86)
(87, 93, 88, 92)
(91, 89, 92, 88)
(101, 91, 102, 90)
(97, 107, 98, 106)
(105, 97, 106, 96)
(95, 105, 96, 104)
(103, 95, 104, 94)
(89, 101, 90, 100)
(102, 99, 103, 100)
(108, 154, 109, 153)
(152, 110, 153, 109)
(107, 99, 108, 98)
(21, 22, 22, 23)
(20, 61, 21, 62)
(64, 57, 65, 58)
(166, 14, 167, 13)
(12, 168, 13, 167)
(11, 158, 12, 159)
(165, 8, 166, 9)
(171, 164, 0, 165)
(170, 69, 171, 70)
(163, 7, 164, 6)
(7, 1, 8, 0)
