(123, 127, 124, 126)
(53, 122, 54, 123)
(29, 53, 30, 52)
(45, 31, 46, 30)
(71, 44, 72, 45)
(70, 69, 71, 70)
(165, 98, 166, 99)
(11, 167, 12, 166)
(10, 6, 11, 5)
(153, 5, 154, 4)
(157, 155, 158, 154)
(129, 156, 130, 157)
(125, 129, 126, 128)
(127, 125, 128, 124)
(155, 130, 156, 131)
(134, 144, 135, 143)
(135, 138, 136, 139)
(137, 63, 138, 62)
(61, 58, 62, 59)
(114, 59, 115, 60)
(54, 116, 55, 115)
(116, 66, 117, 65)
(66, 118, 67, 117)
(118, 122, 119, 121)
(119, 23, 120, 22)
(50, 24, 51, 23)
(26, 49, 27, 50)
(48, 25, 49, 26)
(47, 28, 48, 29)
(46, 51, 47, 52)
(24, 27, 25, 28)
(21, 121, 22, 120)
(20, 67, 21, 68)
(96, 83, 97, 84)
(84, 88, 85, 87)
(42, 82, 43, 81)
(80, 40, 81, 39)
(31, 38, 32, 39)
(37, 74, 38, 75)
(34, 75, 35, 76)
(76, 35, 77, 36)
(77, 72, 78, 73)
(78, 42, 79, 41)
(40, 80, 41, 79)
(73, 32, 74, 33)
(36, 33, 37, 34)
(82, 44, 83, 43)
(90, 89, 91, 90)
(88, 91, 89, 92)
(95, 92, 96, 93)
(93, 87, 94, 86)
(85, 95, 86, 94)
(97, 69, 98, 68)
(19, 164, 20, 165)
(15, 18, 16, 19)
(99, 14, 100, 15)
(13, 168, 14, 169)
(169, 12, 170, 13)
(170, 167, 171, 168)
(6, 172, 7, 171)
(1, 172, 2, 173)
(2, 10, 3, 9)
(3, 153, 4, 152)
(151, 100, 152, 101)
(101, 160, 102, 161)
(106, 160, 107, 159)
(158, 108, 159, 107)
(108, 145, 109, 146)
(131, 144, 132, 145)
(141, 133, 142, 132)
(133, 141, 134, 140)
(139, 142, 140, 143)
(109, 64, 110, 65)
(63, 137, 64, 136)
(110, 56, 111, 55)
(56, 112, 57, 111)
(112, 58, 113, 57)
(60, 113, 61, 114)
(146, 103, 147, 104)
(149, 103, 150, 102)
(161, 150, 162, 151)
(162, 17, 163, 18)
(16, 163, 17, 164)
(148, 105, 149, 106)
(104, 147, 105, 148)
(173, 9, 0, 8)
(7, 1, 8, 0)
