(39, 47, 40, 46)
(162, 45, 163, 46)
(161, 41, 162, 40)
(41, 161, 42, 160)
(149, 43, 150, 42)
(48, 66, 49, 65)
(64, 48, 65, 47)
(63, 66, 64, 67)
(54, 67, 55, 68)
(15, 38, 16, 39)
(14, 164, 15, 163)
(152, 155, 153, 156)
(151, 158, 152, 159)
(44, 159, 45, 160)
(43, 151, 44, 150)
(154, 157, 155, 158)
(156, 153, 157, 154)
(50, 145, 51, 146)
(49, 148, 50, 149)
(147, 145, 148, 144)
(143, 52, 144, 53)
(53, 63, 54, 62)
(84, 62, 85, 61)
(85, 56, 86, 57)
(68, 55, 69, 56)
(31, 16, 32, 17)
(17, 32, 18, 33)
(33, 18, 34, 19)
(77, 34, 78, 35)
(78, 38, 79, 37)
(79, 173, 80, 172)
(173, 10, 0, 11)
(9, 165, 10, 164)
(165, 9, 166, 8)
(7, 167, 8, 166)
(1, 7, 2, 6)
(2, 14, 3, 13)
(146, 51, 147, 52)
(4, 3, 5, 4)
(5, 12, 6, 13)
(168, 12, 169, 11)
(142, 169, 143, 170)
(170, 141, 171, 142)
(140, 83, 141, 84)
(136, 140, 137, 139)
(137, 61, 138, 60)
(59, 139, 60, 138)
(87, 58, 88, 59)
(57, 86, 58, 87)
(69, 96, 70, 97)
(95, 70, 96, 71)
(28, 71, 29, 72)
(29, 24, 30, 25)
(23, 30, 24, 31)
(19, 22, 20, 23)
(21, 74, 22, 75)
(75, 36, 76, 37)
(35, 76, 36, 77)
(73, 20, 74, 21)
(25, 73, 26, 72)
(81, 27, 82, 26)
(171, 81, 172, 80)
(27, 83, 28, 82)
(94, 123, 95, 124)
(103, 124, 104, 125)
(125, 104, 126, 105)
(101, 127, 102, 126)
(100, 135, 101, 136)
(99, 133, 100, 132)
(131, 99, 132, 98)
(97, 89, 98, 88)
(122, 89, 123, 90)
(109, 90, 110, 91)
(110, 94, 111, 93)
(111, 128, 112, 129)
(106, 127, 107, 128)
(105, 102, 106, 103)
(112, 107, 113, 108)
(113, 120, 114, 121)
(119, 114, 120, 115)
(115, 118, 116, 119)
(134, 118, 135, 117)
(116, 134, 117, 133)
(130, 121, 131, 122)
(129, 108, 130, 109)
(92, 91, 93, 92)
(167, 1, 168, 0)
