(136, 132, 137, 131)
(171, 133, 172, 132)
(135, 171, 136, 170)
(169, 142, 170, 143)
(143, 168, 144, 169)
(152, 168, 153, 167)
(153, 51, 154, 50)
(51, 59, 52, 58)
(59, 94, 60, 95)
(93, 130, 94, 131)
(92, 103, 93, 104)
(104, 123, 105, 124)
(122, 105, 123, 106)
(106, 121, 107, 122)
(120, 107, 121, 108)
(111, 109, 112, 108)
(137, 110, 138, 111)
(109, 138, 110, 139)
(139, 172, 140, 173)
(133, 141, 134, 140)
(141, 135, 142, 134)
(173, 148, 0, 149)
(147, 3, 148, 2)
(1, 147, 2, 146)
(145, 150, 146, 151)
(151, 144, 152, 145)
(149, 4, 150, 5)
(16, 20, 17, 19)
(15, 12, 16, 13)
(42, 13, 43, 14)
(166, 43, 167, 44)
(161, 45, 162, 44)
(160, 49, 161, 50)
(30, 159, 31, 160)
(25, 154, 26, 155)
(155, 26, 156, 27)
(27, 156, 28, 157)
(157, 28, 158, 29)
(21, 159, 22, 158)
(11, 20, 12, 21)
(67, 11, 68, 10)
(97, 69, 98, 68)
(96, 55, 97, 56)
(53, 57, 54, 56)
(57, 53, 58, 52)
(54, 95, 55, 96)
(69, 101, 70, 100)
(101, 60, 102, 61)
(129, 102, 130, 103)
(128, 89, 129, 90)
(125, 91, 126, 90)
(91, 125, 92, 124)
(73, 126, 74, 127)
(74, 120, 75, 119)
(112, 76, 113, 75)
(5, 77, 6, 76)
(18, 77, 19, 78)
(78, 17, 79, 18)
(79, 9, 80, 8)
(9, 67, 10, 66)
(62, 66, 63, 65)
(63, 98, 64, 99)
(99, 64, 100, 65)
(70, 61, 71, 62)
(88, 71, 89, 72)
(127, 72, 128, 73)
(87, 84, 88, 85)
(85, 119, 86, 118)
(117, 87, 118, 86)
(81, 117, 82, 116)
(115, 83, 116, 82)
(114, 8, 115, 7)
(6, 114, 7, 113)
(83, 80, 84, 81)
(36, 33, 37, 34)
(37, 41, 38, 40)
(14, 41, 15, 42)
(165, 38, 166, 39)
(39, 164, 40, 165)
(163, 46, 164, 47)
(47, 162, 48, 163)
(48, 45, 49, 46)
(34, 31, 35, 32)
(32, 35, 33, 36)
(22, 30, 23, 29)
(24, 24, 25, 23)
(3, 1, 4, 0)
