(117, 126, 118, 127)
(124, 128, 125, 127)
(123, 19, 124, 18)
(16, 17, 17, 18)
(170, 15, 171, 16)
(169, 165, 170, 164)
(163, 169, 164, 168)
(167, 163, 168, 162)
(161, 59, 162, 58)
(146, 57, 147, 58)
(114, 146, 115, 145)
(115, 118, 116, 119)
(125, 116, 126, 117)
(128, 120, 129, 119)
(120, 23, 121, 24)
(22, 121, 23, 122)
(19, 123, 20, 122)
(21, 21, 22, 20)
(14, 14, 15, 13)
(9, 13, 10, 12)
(1, 10, 2, 11)
(2, 165, 3, 166)
(166, 3, 167, 4)
(4, 173, 5, 0)
(172, 62, 173, 61)
(60, 150, 61, 149)
(148, 60, 149, 59)
(160, 148, 161, 147)
(159, 155, 160, 154)
(153, 159, 154, 158)
(157, 153, 158, 152)
(78, 152, 79, 151)
(48, 79, 49, 80)
(49, 55, 50, 54)
(55, 51, 56, 50)
(51, 57, 52, 56)
(52, 84, 53, 83)
(81, 85, 82, 84)
(85, 81, 86, 80)
(86, 102, 87, 101)
(102, 144, 103, 143)
(144, 114, 145, 113)
(112, 132, 113, 131)
(130, 72, 131, 71)
(70, 130, 71, 129)
(24, 69, 25, 70)
(68, 172, 69, 171)
(67, 62, 68, 63)
(63, 9, 64, 8)
(7, 65, 8, 64)
(65, 7, 66, 6)
(5, 67, 6, 66)
(25, 73, 26, 72)
(73, 36, 74, 37)
(35, 74, 36, 75)
(150, 76, 151, 75)
(155, 77, 156, 76)
(77, 157, 78, 156)
(31, 35, 32, 34)
(47, 32, 48, 33)
(33, 46, 34, 47)
(40, 45, 41, 46)
(39, 27, 40, 26)
(27, 39, 28, 38)
(37, 29, 38, 28)
(29, 43, 30, 42)
(43, 31, 44, 30)
(44, 41, 45, 42)
(111, 96, 112, 97)
(108, 98, 109, 97)
(107, 100, 108, 101)
(99, 106, 100, 107)
(91, 104, 92, 105)
(142, 104, 143, 103)
(94, 142, 95, 141)
(132, 96, 133, 95)
(133, 111, 134, 110)
(109, 135, 110, 134)
(135, 138, 136, 139)
(136, 138, 137, 137)
(105, 98, 106, 99)
(87, 91, 88, 90)
(88, 89, 89, 90)
(92, 140, 93, 139)
(140, 94, 141, 93)
(82, 54, 83, 53)
(11, 0, 12, 1)
