(63, 69, 64, 68)
(67, 63, 68, 62)
(61, 67, 62, 66)
(65, 71, 66, 70)
(69, 65, 70, 64)
(108, 72, 109, 71)
(114, 107, 115, 108)
(106, 113, 107, 114)
(78, 106, 79, 105)
(60, 79, 61, 80)
(80, 59, 81, 60)
(117, 58, 118, 59)
(111, 116, 112, 117)
(110, 74, 111, 73)
(72, 110, 73, 109)
(74, 115, 75, 116)
(75, 113, 76, 112)
(19, 76, 20, 77)
(77, 20, 78, 21)
(104, 21, 105, 22)
(153, 22, 154, 23)
(154, 98, 155, 97)
(98, 81, 99, 82)
(158, 99, 159, 100)
(159, 33, 160, 32)
(33, 161, 34, 160)
(161, 37, 162, 36)
(10, 38, 11, 37)
(46, 10, 47, 9)
(47, 124, 48, 125)
(56, 124, 57, 123)
(57, 118, 58, 119)
(119, 139, 120, 138)
(139, 121, 140, 120)
(121, 141, 122, 140)
(18, 141, 19, 142)
(142, 35, 143, 36)
(34, 143, 35, 144)
(103, 144, 104, 145)
(28, 146, 29, 145)
(150, 28, 151, 27)
(151, 24, 152, 25)
(23, 152, 24, 153)
(92, 25, 93, 26)
(93, 90, 94, 91)
(86, 89, 87, 90)
(85, 96, 86, 97)
(155, 84, 156, 85)
(83, 156, 84, 157)
(157, 82, 158, 83)
(146, 95, 147, 96)
(149, 95, 150, 94)
(87, 148, 88, 149)
(147, 88, 148, 89)
(26, 91, 27, 92)
(29, 102, 30, 103)
(101, 30, 102, 31)
(31, 100, 32, 101)
(17, 15, 18, 14)
(13, 17, 14, 16)
(15, 13, 16, 12)
(11, 163, 12, 162)
(42, 163, 43, 164)
(43, 38, 44, 39)
(5, 44, 6, 45)
(45, 6, 46, 7)
(128, 7, 129, 8)
(8, 129, 9, 130)
(130, 127, 131, 128)
(49, 126, 50, 127)
(125, 48, 126, 49)
(133, 50, 134, 51)
(55, 134, 56, 135)
(135, 54, 136, 55)
(53, 136, 54, 137)
(122, 137, 123, 138)
(52, 41, 53, 42)
(40, 51, 41, 52)
(164, 39, 165, 40)
(4, 165, 5, 166)
(166, 3, 167, 4)
(2, 167, 3, 168)
(173, 169, 0, 168)
(131, 172, 132, 173)
(171, 132, 172, 133)
(1, 171, 2, 170)
(169, 1, 170, 0)
