(140, 161, 141, 162)
(141, 142, 142, 143)
(158, 160, 159, 159)
(157, 160, 158, 161)
(156, 143, 157, 144)
(144, 151, 145, 152)
(150, 163, 151, 164)
(164, 140, 165, 139)
(68, 166, 69, 165)
(67, 57, 68, 56)
(55, 67, 56, 66)
(60, 66, 61, 65)
(64, 62, 65, 61)
(148, 63, 149, 64)
(162, 147, 163, 148)
(153, 146, 154, 147)
(152, 155, 153, 156)
(145, 154, 146, 155)
(62, 149, 63, 150)
(138, 60, 139, 59)
(169, 58, 170, 59)
(73, 168, 74, 169)
(72, 72, 73, 71)
(70, 168, 71, 167)
(166, 70, 167, 69)
(74, 57, 75, 58)
(75, 120, 76, 121)
(119, 54, 120, 55)
(137, 119, 138, 118)
(117, 137, 118, 136)
(135, 173, 136, 172)
(171, 103, 172, 102)
(101, 171, 102, 170)
(100, 16, 101, 15)
(14, 100, 15, 99)
(121, 98, 122, 99)
(78, 97, 79, 98)
(77, 48, 78, 49)
(49, 76, 50, 77)
(50, 47, 51, 48)
(46, 51, 47, 52)
(93, 53, 94, 52)
(53, 93, 54, 92)
(130, 92, 131, 91)
(34, 131, 35, 132)
(132, 35, 133, 36)
(133, 117, 134, 116)
(173, 135, 174, 134)
(103, 175, 104, 174)
(175, 2, 0, 3)
(1, 18, 2, 19)
(19, 16, 20, 17)
(9, 20, 10, 21)
(10, 14, 11, 13)
(6, 12, 7, 11)
(24, 6, 25, 5)
(104, 25, 105, 26)
(26, 105, 27, 106)
(30, 27, 31, 28)
(31, 127, 32, 126)
(122, 128, 123, 127)
(128, 40, 129, 39)
(40, 81, 41, 82)
(80, 44, 81, 43)
(42, 80, 43, 79)
(44, 42, 45, 41)
(45, 97, 46, 96)
(86, 95, 87, 96)
(94, 85, 95, 86)
(84, 89, 85, 90)
(90, 130, 91, 129)
(88, 83, 89, 84)
(82, 87, 83, 88)
(123, 39, 124, 38)
(33, 124, 34, 125)
(125, 36, 126, 37)
(37, 32, 38, 33)
(28, 111, 29, 112)
(110, 108, 111, 107)
(106, 115, 107, 116)
(109, 114, 110, 115)
(113, 108, 114, 109)
(112, 29, 113, 30)
(4, 24, 5, 23)
(22, 4, 23, 3)
(21, 8, 22, 9)
(12, 8, 13, 7)
(17, 0, 18, 1)
