(15, 9, 16, 8)
(9, 17, 10, 16)
(17, 21, 18, 20)
(21, 141, 22, 140)
(141, 25, 142, 24)
(25, 159, 26, 158)
(2, 160, 3, 159)
(172, 1, 173, 2)
(171, 14, 172, 15)
(170, 165, 171, 166)
(166, 169, 167, 170)
(7, 169, 8, 168)
(167, 7, 168, 6)
(10, 5, 11, 6)
(4, 110, 5, 109)
(111, 109, 112, 108)
(119, 112, 120, 113)
(97, 121, 98, 120)
(96, 137, 97, 138)
(19, 138, 20, 139)
(139, 18, 140, 19)
(52, 96, 53, 95)
(53, 72, 54, 73)
(71, 54, 72, 55)
(55, 22, 56, 23)
(23, 56, 24, 57)
(152, 58, 153, 57)
(58, 152, 59, 151)
(146, 60, 147, 59)
(145, 156, 146, 157)
(157, 142, 158, 143)
(143, 154, 144, 155)
(70, 154, 71, 153)
(69, 66, 70, 67)
(62, 67, 63, 68)
(63, 148, 64, 149)
(150, 148, 151, 147)
(149, 64, 150, 65)
(60, 66, 61, 65)
(68, 61, 69, 62)
(155, 144, 156, 145)
(73, 26, 74, 27)
(110, 4, 111, 3)
(107, 115, 108, 114)
(113, 118, 114, 119)
(117, 133, 118, 132)
(98, 131, 99, 132)
(130, 99, 131, 100)
(121, 101, 122, 100)
(101, 123, 102, 122)
(126, 123, 127, 124)
(136, 127, 137, 128)
(128, 135, 129, 136)
(105, 135, 106, 134)
(115, 107, 116, 106)
(133, 117, 134, 116)
(129, 105, 130, 104)
(103, 124, 104, 125)
(125, 102, 126, 103)
(51, 48, 52, 49)
(92, 50, 93, 49)
(91, 94, 92, 95)
(90, 48, 91, 47)
(46, 90, 47, 89)
(74, 82, 75, 81)
(82, 76, 83, 75)
(76, 44, 77, 43)
(41, 45, 42, 44)
(45, 41, 46, 40)
(39, 29, 40, 28)
(27, 88, 28, 89)
(87, 35, 88, 34)
(33, 87, 34, 86)
(85, 78, 86, 79)
(79, 84, 80, 85)
(83, 80, 84, 81)
(42, 78, 43, 77)
(35, 33, 36, 32)
(29, 37, 30, 36)
(37, 31, 38, 30)
(31, 39, 32, 38)
(50, 94, 51, 93)
(11, 164, 12, 165)
(160, 163, 161, 164)
(162, 174, 163, 173)
(174, 162, 175, 161)
(175, 13, 0, 12)
(13, 1, 14, 0)
