(29, 170, 30, 171)
(35, 30, 36, 31)
(36, 168, 37, 167)
(157, 169, 158, 168)
(169, 157, 170, 156)
(158, 156, 159, 155)
(164, 160, 165, 159)
(160, 164, 161, 163)
(12, 162, 13, 161)
(11, 173, 12, 172)
(171, 28, 172, 29)
(27, 9, 28, 8)
(7, 33, 8, 32)
(31, 34, 32, 35)
(33, 7, 34, 6)
(26, 5, 27, 6)
(25, 166, 26, 167)
(24, 43, 25, 44)
(44, 37, 45, 38)
(45, 123, 46, 122)
(154, 123, 155, 124)
(124, 20, 125, 19)
(20, 17, 21, 18)
(41, 17, 42, 16)
(15, 43, 16, 42)
(165, 14, 166, 15)
(162, 14, 163, 13)
(40, 21, 41, 22)
(49, 23, 50, 22)
(23, 49, 24, 48)
(47, 39, 48, 38)
(121, 47, 122, 46)
(120, 117, 121, 118)
(53, 119, 54, 118)
(52, 153, 53, 154)
(51, 127, 52, 126)
(18, 126, 19, 125)
(39, 51, 40, 50)
(116, 58, 117, 57)
(56, 116, 57, 115)
(114, 56, 115, 55)
(119, 55, 120, 54)
(100, 113, 101, 114)
(108, 99, 109, 100)
(107, 152, 108, 153)
(106, 130, 107, 129)
(103, 129, 104, 128)
(127, 105, 128, 104)
(105, 102, 106, 103)
(58, 101, 59, 102)
(59, 113, 60, 112)
(111, 61, 112, 60)
(98, 109, 99, 110)
(110, 97, 111, 98)
(96, 151, 97, 152)
(82, 95, 83, 96)
(81, 148, 82, 149)
(149, 62, 150, 63)
(61, 131, 62, 130)
(131, 151, 132, 150)
(63, 132, 64, 133)
(133, 64, 134, 65)
(134, 71, 135, 72)
(73, 71, 74, 70)
(69, 75, 70, 74)
(75, 69, 76, 68)
(76, 94, 77, 93)
(94, 83, 95, 84)
(77, 84, 78, 85)
(147, 78, 148, 79)
(79, 81, 80, 80)
(90, 137, 91, 138)
(136, 66, 137, 65)
(72, 135, 73, 136)
(91, 66, 92, 67)
(67, 92, 68, 93)
(138, 139, 139, 140)
(88, 144, 89, 143)
(145, 143, 146, 142)
(85, 147, 86, 146)
(140, 89, 141, 90)
(141, 87, 142, 86)
(144, 88, 145, 87)
(1, 5, 2, 4)
(173, 3, 174, 2)
(3, 175, 4, 174)
(175, 11, 0, 10)
(9, 1, 10, 0)
