(157, 35, 158, 34)
(33, 28, 34, 29)
(29, 32, 30, 33)
(31, 159, 32, 158)
(159, 31, 160, 30)
(160, 27, 161, 28)
(26, 161, 27, 162)
(43, 163, 44, 162)
(42, 6, 43, 5)
(4, 39, 5, 40)
(35, 41, 36, 40)
(174, 42, 175, 41)
(168, 174, 169, 173)
(169, 153, 170, 152)
(153, 157, 154, 156)
(154, 22, 155, 21)
(22, 16, 23, 15)
(16, 24, 17, 23)
(24, 18, 25, 17)
(18, 26, 19, 25)
(14, 20, 15, 19)
(76, 14, 77, 13)
(44, 78, 45, 77)
(78, 46, 79, 45)
(99, 46, 100, 47)
(100, 91, 101, 92)
(103, 90, 104, 91)
(89, 102, 90, 103)
(88, 85, 89, 86)
(143, 127, 144, 126)
(145, 143, 146, 142)
(163, 147, 164, 146)
(166, 147, 167, 148)
(167, 6, 168, 7)
(7, 149, 8, 148)
(172, 149, 173, 150)
(150, 10, 151, 9)
(10, 152, 11, 151)
(170, 12, 171, 11)
(12, 76, 13, 75)
(139, 74, 140, 75)
(79, 138, 80, 139)
(137, 56, 138, 57)
(57, 54, 58, 55)
(53, 58, 54, 59)
(59, 52, 60, 53)
(51, 95, 52, 94)
(93, 98, 94, 99)
(47, 92, 48, 93)
(97, 49, 98, 48)
(49, 97, 50, 96)
(95, 51, 96, 50)
(60, 105, 61, 106)
(104, 102, 105, 101)
(110, 61, 111, 62)
(84, 111, 85, 112)
(87, 123, 88, 122)
(121, 87, 122, 86)
(123, 121, 124, 120)
(119, 125, 120, 124)
(118, 113, 119, 114)
(117, 115, 118, 114)
(115, 117, 116, 116)
(125, 113, 126, 112)
(83, 132, 84, 133)
(133, 82, 134, 83)
(128, 81, 129, 82)
(127, 145, 128, 144)
(73, 81, 74, 80)
(72, 129, 73, 130)
(130, 71, 131, 72)
(70, 135, 71, 136)
(55, 136, 56, 137)
(66, 70, 67, 69)
(67, 106, 68, 107)
(107, 68, 108, 69)
(108, 64, 109, 63)
(64, 110, 65, 109)
(62, 66, 63, 65)
(134, 131, 135, 132)
(165, 141, 166, 140)
(141, 165, 142, 164)
(8, 172, 9, 171)
(20, 156, 21, 155)
(175, 37, 0, 36)
(2, 38, 3, 37)
(38, 2, 39, 1)
(3, 1, 4, 0)
