(104, 119, 105, 120)
(129, 121, 130, 120)
(125, 128, 126, 129)
(124, 98, 125, 97)
(35, 97, 36, 96)
(36, 105, 37, 106)
(37, 84, 38, 85)
(83, 38, 84, 39)
(39, 81, 40, 80)
(81, 41, 82, 40)
(44, 101, 45, 102)
(100, 103, 101, 104)
(136, 34, 137, 33)
(98, 124, 99, 123)
(127, 122, 128, 123)
(121, 126, 122, 127)
(95, 107, 96, 106)
(109, 95, 110, 94)
(110, 85, 111, 86)
(111, 67, 112, 66)
(67, 115, 68, 114)
(115, 79, 116, 78)
(82, 79, 83, 80)
(42, 117, 43, 118)
(118, 41, 119, 42)
(116, 43, 117, 44)
(47, 47, 48, 46)
(102, 45, 103, 46)
(108, 107, 109, 108)
(59, 48, 60, 49)
(60, 113, 61, 114)
(112, 61, 113, 62)
(62, 87, 63, 88)
(86, 93, 87, 94)
(89, 93, 90, 92)
(65, 90, 66, 91)
(91, 64, 92, 65)
(88, 63, 89, 64)
(49, 68, 50, 69)
(50, 58, 51, 57)
(77, 58, 78, 59)
(51, 77, 52, 76)
(75, 53, 76, 52)
(69, 74, 70, 75)
(73, 54, 74, 55)
(55, 72, 56, 73)
(71, 56, 72, 57)
(53, 70, 54, 71)
(34, 99, 35, 100)
(32, 138, 33, 137)
(135, 159, 136, 158)
(157, 135, 158, 134)
(133, 28, 134, 29)
(29, 132, 30, 133)
(131, 139, 132, 138)
(130, 31, 131, 32)
(30, 139, 31, 140)
(27, 141, 28, 140)
(141, 143, 142, 142)
(143, 14, 144, 15)
(13, 144, 14, 145)
(145, 12, 146, 13)
(18, 12, 19, 11)
(19, 27, 20, 26)
(20, 163, 21, 164)
(162, 160, 163, 159)
(174, 162, 175, 161)
(175, 171, 0, 170)
(4, 171, 5, 172)
(5, 153, 6, 152)
(153, 7, 154, 6)
(7, 155, 8, 154)
(155, 148, 156, 149)
(147, 156, 148, 157)
(146, 16, 147, 15)
(16, 10, 17, 9)
(10, 18, 11, 17)
(8, 149, 9, 150)
(25, 150, 26, 151)
(151, 24, 152, 25)
(166, 23, 167, 24)
(22, 165, 23, 166)
(164, 21, 165, 22)
(172, 167, 173, 168)
(160, 174, 161, 173)
(1, 168, 2, 169)
(169, 2, 170, 3)
(3, 0, 4, 1)
