(91, 70, 92, 71)
(66, 72, 67, 71)
(65, 135, 66, 134)
(133, 113, 134, 112)
(172, 112, 173, 111)
(100, 174, 101, 173)
(94, 99, 95, 100)
(93, 68, 94, 69)
(69, 92, 70, 93)
(90, 68, 91, 67)
(72, 89, 73, 90)
(79, 89, 80, 88)
(80, 135, 81, 136)
(81, 116, 82, 117)
(115, 64, 116, 65)
(63, 114, 64, 115)
(113, 62, 114, 63)
(61, 138, 62, 139)
(139, 124, 140, 125)
(123, 142, 124, 143)
(128, 143, 129, 144)
(144, 129, 145, 130)
(132, 145, 133, 146)
(146, 172, 147, 171)
(170, 148, 171, 147)
(150, 169, 151, 170)
(168, 149, 169, 150)
(167, 110, 168, 111)
(163, 167, 164, 166)
(164, 101, 165, 102)
(102, 165, 103, 166)
(174, 104, 175, 103)
(104, 95, 105, 96)
(96, 105, 97, 106)
(74, 98, 75, 97)
(98, 74, 99, 73)
(78, 75, 79, 76)
(76, 88, 77, 87)
(86, 78, 87, 77)
(85, 137, 86, 136)
(84, 118, 85, 117)
(118, 84, 119, 83)
(82, 120, 83, 119)
(120, 138, 121, 137)
(121, 61, 122, 60)
(122, 127, 123, 128)
(141, 126, 142, 127)
(125, 140, 126, 141)
(59, 131, 60, 130)
(131, 59, 132, 58)
(157, 42, 158, 43)
(43, 152, 44, 153)
(148, 151, 149, 152)
(161, 44, 162, 45)
(162, 110, 163, 109)
(1, 109, 2, 108)
(175, 3, 0, 2)
(106, 4, 107, 3)
(4, 46, 5, 45)
(158, 57, 159, 58)
(56, 159, 57, 160)
(39, 160, 40, 161)
(155, 41, 156, 40)
(41, 155, 42, 154)
(153, 156, 154, 157)
(38, 8, 39, 7)
(6, 52, 7, 51)
(46, 6, 47, 5)
(47, 49, 48, 48)
(50, 49, 51, 50)
(54, 56, 55, 55)
(21, 35, 22, 34)
(35, 23, 36, 22)
(23, 37, 24, 36)
(8, 38, 9, 37)
(24, 9, 25, 10)
(25, 29, 26, 28)
(29, 16, 30, 17)
(20, 16, 21, 15)
(52, 54, 53, 53)
(14, 31, 15, 32)
(11, 32, 12, 33)
(33, 12, 34, 13)
(10, 14, 11, 13)
(19, 30, 20, 31)
(18, 27, 19, 28)
(26, 17, 27, 18)
(107, 1, 108, 0)
