(57, 61, 58, 60)
(61, 57, 62, 56)
(65, 63, 66, 62)
(64, 63, 65, 64)
(59, 58, 60, 59)
(166, 55, 167, 56)
(66, 165, 67, 166)
(119, 89, 120, 88)
(85, 118, 86, 119)
(84, 74, 85, 73)
(72, 170, 73, 169)
(168, 28, 169, 27)
(26, 168, 27, 167)
(25, 172, 26, 173)
(32, 173, 33, 174)
(33, 55, 34, 54)
(163, 34, 164, 35)
(164, 67, 165, 68)
(68, 159, 69, 160)
(83, 158, 84, 159)
(82, 145, 83, 146)
(146, 156, 147, 155)
(156, 75, 157, 76)
(74, 144, 75, 143)
(141, 143, 142, 142)
(140, 95, 141, 96)
(96, 139, 97, 140)
(103, 139, 104, 138)
(137, 135, 138, 134)
(133, 130, 134, 131)
(131, 112, 132, 113)
(111, 106, 112, 107)
(107, 125, 108, 124)
(125, 109, 126, 108)
(109, 122, 110, 123)
(104, 121, 105, 122)
(87, 121, 88, 120)
(89, 86, 90, 87)
(90, 93, 91, 94)
(117, 93, 118, 92)
(91, 117, 92, 116)
(115, 94, 116, 95)
(114, 129, 115, 130)
(113, 132, 114, 133)
(105, 129, 106, 128)
(127, 110, 128, 111)
(126, 123, 127, 124)
(99, 136, 100, 137)
(101, 99, 102, 98)
(97, 103, 98, 102)
(135, 100, 136, 101)
(144, 158, 145, 157)
(149, 76, 150, 77)
(150, 82, 151, 81)
(151, 155, 152, 154)
(79, 153, 80, 152)
(147, 78, 148, 79)
(77, 148, 78, 149)
(153, 81, 154, 80)
(69, 30, 70, 31)
(29, 70, 30, 71)
(170, 72, 171, 71)
(28, 172, 29, 171)
(31, 25, 32, 24)
(48, 23, 49, 24)
(47, 175, 48, 174)
(15, 46, 16, 47)
(53, 15, 54, 14)
(13, 53, 14, 52)
(162, 52, 163, 51)
(50, 36, 51, 35)
(160, 49, 161, 50)
(161, 37, 162, 36)
(37, 12, 38, 13)
(11, 21, 12, 20)
(19, 22, 20, 23)
(18, 176, 19, 175)
(17, 45, 18, 44)
(43, 17, 44, 16)
(42, 45, 43, 46)
(41, 6, 42, 7)
(38, 8, 39, 7)
(8, 4, 9, 3)
(4, 10, 5, 9)
(21, 11, 22, 10)
(176, 6, 177, 5)
(177, 2, 0, 3)
(1, 40, 2, 41)
(39, 0, 40, 1)
