(30, 28, 31, 27)
(70, 32, 71, 31)
(69, 22, 70, 23)
(23, 28, 24, 29)
(29, 24, 30, 25)
(25, 56, 26, 57)
(55, 26, 56, 27)
(54, 72, 55, 71)
(72, 54, 73, 53)
(48, 74, 49, 73)
(47, 92, 48, 93)
(93, 46, 94, 47)
(38, 46, 39, 45)
(39, 101, 40, 100)
(101, 106, 102, 107)
(105, 10, 106, 11)
(11, 36, 12, 37)
(35, 97, 36, 96)
(95, 35, 96, 34)
(33, 14, 34, 15)
(15, 32, 16, 33)
(16, 19, 17, 20)
(18, 90, 19, 89)
(21, 89, 22, 88)
(80, 87, 81, 88)
(86, 79, 87, 80)
(85, 59, 86, 58)
(68, 58, 69, 57)
(60, 68, 61, 67)
(52, 61, 53, 62)
(62, 49, 63, 50)
(50, 63, 51, 64)
(64, 51, 65, 52)
(74, 66, 75, 65)
(66, 76, 67, 75)
(81, 77, 82, 76)
(77, 83, 78, 82)
(83, 79, 84, 78)
(59, 85, 60, 84)
(20, 91, 21, 92)
(90, 18, 91, 17)
(94, 13, 95, 14)
(97, 13, 98, 12)
(98, 38, 99, 37)
(99, 45, 100, 44)
(43, 171, 44, 170)
(108, 169, 109, 170)
(107, 41, 108, 40)
(176, 41, 177, 42)
(177, 6, 0, 7)
(102, 5, 103, 6)
(4, 103, 5, 104)
(9, 104, 10, 105)
(8, 4, 9, 3)
(171, 2, 172, 3)
(1, 172, 2, 173)
(42, 173, 43, 174)
(174, 162, 175, 161)
(109, 165, 110, 164)
(140, 166, 141, 165)
(139, 168, 140, 169)
(167, 138, 168, 139)
(137, 166, 138, 167)
(151, 137, 152, 136)
(123, 153, 124, 152)
(122, 159, 123, 160)
(160, 176, 161, 175)
(126, 122, 127, 121)
(162, 128, 163, 127)
(128, 164, 129, 163)
(110, 130, 111, 129)
(130, 141, 131, 142)
(146, 131, 147, 132)
(147, 116, 148, 117)
(118, 116, 119, 115)
(119, 151, 120, 150)
(120, 134, 121, 133)
(134, 156, 135, 155)
(156, 136, 157, 135)
(154, 158, 155, 157)
(153, 125, 154, 124)
(125, 159, 126, 158)
(132, 114, 133, 113)
(112, 143, 113, 144)
(144, 111, 145, 112)
(142, 146, 143, 145)
(149, 115, 150, 114)
(117, 148, 118, 149)
(7, 0, 8, 1)
