(32, 26, 33, 25)
(26, 32, 27, 31)
(24, 27, 25, 28)
(28, 38, 29, 37)
(38, 45, 39, 46)
(41, 45, 42, 44)
(42, 172, 43, 171)
(172, 143, 173, 144)
(142, 173, 143, 174)
(13, 175, 14, 174)
(12, 9, 13, 10)
(10, 6, 11, 5)
(6, 33, 7, 34)
(34, 7, 35, 8)
(35, 23, 36, 22)
(23, 31, 24, 30)
(36, 30, 37, 29)
(18, 21, 19, 22)
(48, 17, 49, 18)
(40, 47, 41, 48)
(46, 39, 47, 40)
(169, 17, 170, 16)
(170, 44, 171, 43)
(15, 50, 16, 51)
(51, 146, 52, 147)
(140, 145, 141, 146)
(144, 139, 145, 140)
(141, 139, 142, 138)
(52, 138, 53, 137)
(53, 167, 54, 166)
(167, 14, 168, 15)
(49, 169, 50, 168)
(147, 55, 148, 54)
(55, 149, 56, 148)
(160, 149, 161, 150)
(136, 161, 137, 162)
(162, 61, 163, 62)
(165, 61, 166, 60)
(59, 57, 60, 56)
(163, 58, 164, 59)
(57, 164, 58, 165)
(89, 63, 90, 62)
(88, 159, 89, 160)
(87, 76, 88, 77)
(77, 68, 78, 69)
(92, 67, 93, 68)
(91, 151, 92, 150)
(90, 135, 91, 136)
(134, 64, 135, 63)
(126, 134, 127, 133)
(132, 128, 133, 127)
(131, 158, 132, 159)
(121, 130, 122, 131)
(101, 120, 102, 121)
(100, 75, 101, 76)
(99, 82, 100, 83)
(83, 87, 84, 86)
(71, 84, 72, 85)
(72, 69, 73, 70)
(80, 74, 81, 73)
(94, 79, 95, 80)
(78, 93, 79, 94)
(152, 96, 153, 95)
(151, 66, 152, 67)
(65, 124, 66, 125)
(125, 64, 126, 65)
(123, 156, 124, 157)
(128, 158, 129, 157)
(129, 122, 130, 123)
(108, 155, 109, 156)
(107, 103, 108, 102)
(106, 116, 107, 115)
(114, 106, 115, 105)
(104, 114, 105, 113)
(112, 117, 113, 118)
(118, 111, 119, 112)
(110, 119, 111, 120)
(154, 109, 155, 110)
(96, 154, 97, 153)
(74, 97, 75, 98)
(81, 98, 82, 99)
(103, 116, 104, 117)
(85, 70, 86, 71)
(177, 20, 0, 21)
(176, 1, 177, 2)
(2, 175, 3, 176)
(3, 9, 4, 8)
(4, 12, 5, 11)
(19, 0, 20, 1)
