(157, 178, 158, 179)
(177, 156, 178, 157)
(176, 151, 177, 152)
(152, 175, 153, 176)
(174, 76, 175, 75)
(71, 74, 72, 75)
(11, 70, 12, 71)
(10, 6, 11, 5)
(4, 0, 5, 179)
(3, 7, 4, 6)
(36, 28, 37, 27)
(37, 22, 38, 23)
(21, 38, 22, 39)
(39, 164, 40, 165)
(108, 164, 109, 163)
(162, 110, 163, 109)
(134, 162, 135, 161)
(158, 136, 159, 135)
(136, 100, 137, 99)
(93, 101, 94, 100)
(85, 92, 86, 93)
(145, 85, 146, 84)
(149, 146, 150, 147)
(150, 156, 151, 155)
(147, 155, 148, 154)
(153, 149, 154, 148)
(83, 77, 84, 76)
(43, 82, 44, 83)
(79, 43, 80, 42)
(41, 81, 42, 80)
(45, 41, 46, 40)
(169, 46, 170, 47)
(47, 170, 48, 171)
(171, 48, 172, 49)
(73, 173, 74, 172)
(173, 73, 174, 72)
(52, 49, 53, 50)
(62, 53, 63, 54)
(12, 64, 13, 63)
(64, 68, 65, 67)
(68, 16, 69, 15)
(16, 70, 17, 69)
(60, 18, 61, 17)
(59, 57, 60, 56)
(55, 20, 56, 21)
(54, 61, 55, 62)
(19, 59, 20, 58)
(57, 19, 58, 18)
(65, 15, 66, 14)
(13, 67, 14, 66)
(50, 168, 51, 167)
(165, 169, 166, 168)
(166, 52, 167, 51)
(44, 78, 45, 77)
(81, 78, 82, 79)
(144, 140, 145, 139)
(138, 103, 139, 104)
(117, 105, 118, 104)
(116, 107, 117, 108)
(106, 115, 107, 116)
(114, 105, 115, 106)
(118, 114, 119, 113)
(119, 110, 120, 111)
(133, 120, 134, 121)
(121, 128, 122, 129)
(127, 124, 128, 125)
(112, 125, 113, 126)
(126, 111, 127, 112)
(123, 131, 124, 130)
(129, 132, 130, 133)
(131, 123, 132, 122)
(94, 138, 95, 137)
(95, 98, 96, 99)
(160, 98, 161, 97)
(96, 160, 97, 159)
(102, 88, 103, 87)
(86, 102, 87, 101)
(88, 92, 89, 91)
(89, 143, 90, 142)
(140, 144, 141, 143)
(141, 91, 142, 90)
(28, 24, 29, 23)
(24, 32, 25, 31)
(32, 26, 33, 25)
(26, 36, 27, 35)
(34, 30, 35, 29)
(30, 34, 31, 33)
(7, 3, 8, 2)
(1, 9, 2, 8)
(9, 1, 10, 0)
