(126, 135, 127, 136)
(134, 130, 135, 129)
(128, 134, 129, 133)
(132, 179, 133, 0)
(2, 29, 3, 30)
(28, 3, 29, 4)
(4, 98, 5, 97)
(98, 16, 99, 15)
(14, 100, 15, 99)
(13, 20, 14, 21)
(21, 16, 22, 17)
(22, 103, 23, 104)
(9, 102, 10, 103)
(111, 9, 112, 8)
(139, 136, 140, 137)
(71, 141, 72, 140)
(175, 71, 176, 70)
(176, 63, 177, 64)
(62, 177, 63, 178)
(178, 131, 179, 132)
(127, 130, 128, 131)
(36, 61, 37, 62)
(82, 35, 83, 36)
(34, 81, 35, 82)
(30, 34, 31, 33)
(32, 32, 33, 31)
(96, 28, 97, 27)
(26, 6, 27, 5)
(100, 25, 101, 26)
(11, 25, 12, 24)
(19, 12, 20, 13)
(18, 106, 19, 105)
(104, 18, 105, 17)
(106, 23, 107, 24)
(107, 10, 108, 11)
(101, 108, 102, 109)
(109, 7, 110, 6)
(7, 111, 8, 110)
(95, 113, 96, 112)
(94, 117, 95, 118)
(87, 118, 88, 119)
(88, 92, 89, 91)
(92, 122, 93, 121)
(122, 115, 123, 116)
(114, 123, 115, 124)
(137, 124, 138, 125)
(125, 138, 126, 139)
(113, 85, 114, 84)
(83, 81, 84, 80)
(58, 80, 59, 79)
(78, 60, 79, 59)
(77, 150, 78, 151)
(72, 152, 73, 151)
(141, 153, 142, 152)
(156, 154, 157, 153)
(164, 155, 165, 156)
(158, 164, 159, 163)
(162, 160, 163, 159)
(161, 44, 162, 45)
(45, 173, 46, 172)
(48, 174, 49, 173)
(174, 48, 175, 47)
(49, 47, 50, 46)
(50, 70, 51, 69)
(51, 64, 52, 65)
(37, 53, 38, 52)
(53, 149, 54, 148)
(56, 149, 57, 150)
(57, 61, 58, 60)
(55, 147, 56, 146)
(76, 146, 77, 145)
(144, 76, 145, 75)
(74, 39, 75, 40)
(40, 73, 41, 74)
(142, 42, 143, 41)
(42, 167, 43, 168)
(166, 158, 167, 157)
(154, 165, 155, 166)
(43, 160, 44, 161)
(168, 66, 169, 65)
(66, 172, 67, 171)
(170, 68, 171, 67)
(68, 170, 69, 169)
(143, 38, 144, 39)
(147, 55, 148, 54)
(116, 85, 117, 86)
(93, 86, 94, 87)
(120, 89, 121, 90)
(90, 119, 91, 120)
(1, 1, 2, 0)
