(146, 144, 147, 143)
(144, 145, 145, 146)
(8, 10, 9, 9)
(7, 131, 8, 130)
(142, 130, 143, 129)
(13, 128, 14, 129)
(12, 148, 13, 147)
(132, 11, 133, 12)
(10, 131, 11, 132)
(133, 24, 134, 25)
(23, 134, 24, 135)
(6, 135, 7, 136)
(136, 84, 137, 83)
(84, 17, 85, 18)
(16, 75, 17, 76)
(76, 15, 77, 16)
(14, 141, 15, 142)
(140, 89, 141, 90)
(90, 67, 91, 68)
(127, 67, 128, 66)
(65, 149, 66, 148)
(64, 159, 65, 160)
(160, 25, 161, 26)
(30, 161, 31, 162)
(31, 177, 32, 176)
(177, 37, 178, 36)
(37, 5, 38, 4)
(5, 23, 6, 22)
(21, 80, 22, 81)
(81, 20, 82, 21)
(19, 82, 20, 83)
(137, 18, 138, 19)
(69, 138, 70, 139)
(73, 71, 74, 70)
(85, 72, 86, 73)
(71, 86, 72, 87)
(87, 75, 88, 74)
(77, 89, 78, 88)
(139, 78, 140, 79)
(68, 80, 69, 79)
(38, 57, 39, 58)
(56, 50, 57, 49)
(48, 56, 49, 55)
(113, 54, 114, 55)
(121, 113, 122, 112)
(93, 123, 94, 122)
(92, 110, 93, 109)
(108, 92, 109, 91)
(107, 126, 108, 127)
(103, 106, 104, 107)
(153, 103, 154, 102)
(154, 151, 155, 152)
(157, 150, 158, 151)
(149, 156, 150, 157)
(155, 158, 156, 159)
(101, 153, 102, 152)
(100, 40, 101, 39)
(40, 100, 41, 99)
(98, 42, 99, 41)
(44, 98, 45, 97)
(45, 50, 46, 51)
(46, 116, 47, 115)
(116, 48, 117, 47)
(117, 114, 118, 115)
(118, 54, 119, 53)
(52, 120, 53, 119)
(120, 52, 121, 51)
(96, 44, 97, 43)
(42, 96, 43, 95)
(111, 95, 112, 94)
(123, 110, 124, 111)
(124, 105, 125, 106)
(104, 125, 105, 126)
(167, 59, 168, 58)
(59, 167, 60, 166)
(60, 64, 61, 63)
(61, 26, 62, 27)
(27, 62, 28, 63)
(28, 163, 29, 164)
(162, 29, 163, 30)
(179, 165, 0, 164)
(178, 173, 179, 174)
(33, 174, 34, 175)
(175, 34, 176, 35)
(35, 32, 36, 33)
(172, 169, 173, 170)
(3, 170, 4, 171)
(171, 2, 172, 3)
(1, 169, 2, 168)
(165, 1, 166, 0)
