(164, 122, 165, 121)
(122, 119, 123, 120)
(163, 119, 164, 118)
(120, 166, 121, 165)
(3, 166, 4, 167)
(167, 4, 168, 5)
(168, 177, 169, 178)
(129, 177, 130, 176)
(115, 130, 116, 131)
(116, 123, 117, 124)
(117, 163, 118, 162)
(161, 7, 162, 6)
(5, 2, 6, 3)
(1, 171, 2, 170)
(178, 169, 179, 170)
(179, 172, 0, 173)
(174, 172, 175, 171)
(175, 129, 176, 128)
(160, 127, 161, 128)
(104, 159, 105, 160)
(158, 103, 159, 104)
(157, 139, 158, 138)
(114, 138, 115, 137)
(136, 114, 137, 113)
(112, 132, 113, 131)
(132, 112, 133, 111)
(110, 134, 111, 133)
(109, 107, 110, 106)
(10, 105, 11, 106)
(9, 127, 10, 126)
(125, 9, 126, 8)
(7, 125, 8, 124)
(150, 12, 151, 11)
(149, 36, 150, 37)
(96, 37, 97, 38)
(38, 97, 39, 98)
(98, 39, 99, 40)
(99, 103, 100, 102)
(151, 147, 152, 146)
(139, 153, 140, 152)
(153, 141, 154, 140)
(141, 145, 142, 144)
(156, 145, 157, 146)
(155, 142, 156, 143)
(143, 154, 144, 155)
(13, 15, 14, 14)
(35, 13, 36, 12)
(53, 46, 54, 47)
(45, 52, 46, 53)
(43, 45, 44, 44)
(95, 41, 96, 40)
(94, 88, 95, 87)
(47, 86, 48, 87)
(148, 101, 149, 102)
(100, 147, 101, 148)
(54, 85, 55, 86)
(51, 85, 52, 84)
(58, 84, 59, 83)
(82, 60, 83, 59)
(88, 94, 89, 93)
(92, 90, 93, 89)
(91, 49, 92, 48)
(49, 91, 50, 90)
(50, 55, 51, 56)
(73, 56, 74, 57)
(57, 74, 58, 75)
(75, 72, 76, 73)
(71, 78, 72, 79)
(79, 70, 80, 71)
(69, 61, 70, 60)
(68, 81, 69, 82)
(67, 62, 68, 63)
(63, 66, 64, 67)
(76, 65, 77, 66)
(64, 77, 65, 78)
(80, 61, 81, 62)
(42, 41, 43, 42)
(18, 15, 19, 16)
(25, 20, 26, 21)
(28, 22, 29, 21)
(27, 34, 28, 35)
(19, 26, 20, 27)
(30, 34, 31, 33)
(31, 25, 32, 24)
(23, 33, 24, 32)
(22, 30, 23, 29)
(17, 17, 18, 16)
(108, 135, 109, 136)
(134, 107, 135, 108)
(173, 0, 174, 1)
