(42, 14, 43, 13)
(14, 44, 15, 43)
(44, 16, 45, 15)
(16, 12, 17, 11)
(12, 42, 13, 41)
(40, 99, 41, 100)
(45, 101, 46, 100)
(101, 23, 102, 22)
(23, 103, 24, 102)
(172, 103, 173, 104)
(173, 113, 174, 112)
(178, 113, 179, 114)
(179, 8, 0, 9)
(10, 8, 11, 7)
(6, 1, 7, 2)
(2, 98, 3, 97)
(98, 17, 99, 18)
(47, 19, 48, 18)
(39, 47, 40, 46)
(21, 39, 22, 38)
(34, 37, 35, 38)
(24, 33, 25, 34)
(27, 30, 28, 31)
(26, 171, 27, 172)
(166, 25, 167, 26)
(165, 107, 166, 106)
(176, 105, 177, 106)
(104, 175, 105, 176)
(111, 175, 112, 174)
(110, 177, 111, 178)
(164, 109, 165, 110)
(20, 163, 21, 164)
(162, 19, 163, 20)
(161, 123, 162, 122)
(89, 116, 90, 117)
(115, 90, 116, 91)
(91, 114, 92, 115)
(92, 87, 93, 88)
(86, 93, 87, 94)
(94, 85, 95, 86)
(84, 95, 85, 96)
(96, 6, 97, 5)
(3, 4, 4, 5)
(48, 83, 49, 84)
(82, 49, 83, 50)
(135, 51, 136, 50)
(134, 126, 135, 125)
(159, 125, 160, 124)
(123, 161, 124, 160)
(121, 121, 122, 120)
(119, 88, 120, 89)
(118, 117, 119, 118)
(129, 129, 130, 128)
(81, 130, 82, 131)
(131, 80, 132, 81)
(52, 80, 53, 79)
(53, 57, 54, 56)
(151, 136, 152, 137)
(152, 140, 153, 139)
(140, 154, 141, 153)
(51, 155, 52, 154)
(155, 133, 156, 132)
(126, 134, 127, 133)
(156, 127, 157, 128)
(158, 157, 159, 158)
(76, 141, 77, 142)
(77, 55, 78, 54)
(55, 79, 56, 78)
(142, 148, 143, 147)
(61, 148, 62, 149)
(149, 62, 150, 63)
(150, 57, 151, 58)
(58, 137, 59, 138)
(138, 59, 139, 60)
(60, 64, 61, 63)
(75, 64, 76, 65)
(65, 74, 66, 75)
(70, 73, 71, 74)
(69, 145, 70, 144)
(146, 144, 147, 143)
(145, 69, 146, 68)
(67, 73, 68, 72)
(71, 67, 72, 66)
(108, 36, 109, 35)
(36, 108, 37, 107)
(32, 167, 33, 168)
(168, 31, 169, 32)
(28, 170, 29, 169)
(170, 30, 171, 29)
(9, 0, 10, 1)
