(129, 131, 130, 130)
(128, 131, 129, 132)
(132, 127, 133, 128)
(133, 127, 134, 126)
(134, 125, 135, 126)
(151, 124, 152, 125)
(121, 150, 122, 151)
(179, 121, 180, 120)
(180, 168, 181, 167)
(1, 168, 2, 169)
(169, 2, 170, 3)
(5, 170, 6, 171)
(6, 135, 7, 136)
(7, 152, 8, 153)
(153, 8, 154, 9)
(154, 19, 155, 20)
(18, 143, 19, 144)
(147, 145, 148, 144)
(123, 147, 124, 146)
(145, 123, 146, 122)
(27, 148, 28, 149)
(149, 28, 150, 29)
(178, 29, 179, 30)
(61, 31, 62, 30)
(161, 167, 162, 166)
(162, 159, 163, 160)
(15, 158, 16, 159)
(11, 14, 12, 15)
(10, 138, 11, 137)
(171, 136, 172, 137)
(172, 9, 173, 10)
(173, 141, 174, 140)
(156, 142, 157, 141)
(20, 155, 21, 156)
(142, 21, 143, 22)
(22, 18, 23, 17)
(23, 27, 24, 26)
(177, 24, 178, 25)
(25, 176, 26, 177)
(175, 17, 176, 16)
(157, 175, 158, 174)
(12, 139, 13, 140)
(138, 13, 139, 14)
(163, 62, 164, 63)
(63, 164, 64, 165)
(35, 65, 36, 64)
(31, 61, 32, 60)
(32, 54, 33, 53)
(57, 55, 58, 54)
(119, 37, 120, 36)
(117, 118, 118, 119)
(40, 65, 41, 66)
(66, 41, 67, 42)
(42, 67, 43, 68)
(34, 59, 35, 60)
(52, 34, 53, 33)
(51, 59, 52, 58)
(50, 38, 51, 37)
(55, 56, 56, 57)
(49, 44, 50, 45)
(45, 97, 46, 96)
(97, 47, 98, 46)
(47, 76, 48, 77)
(75, 112, 76, 113)
(72, 113, 73, 114)
(114, 73, 115, 74)
(70, 116, 71, 115)
(116, 70, 117, 69)
(39, 69, 40, 68)
(38, 44, 39, 43)
(74, 71, 75, 72)
(48, 112, 49, 111)
(107, 110, 108, 111)
(82, 93, 83, 94)
(94, 81, 95, 82)
(80, 95, 81, 96)
(79, 99, 80, 98)
(78, 110, 79, 109)
(108, 78, 109, 77)
(106, 99, 107, 100)
(100, 105, 101, 106)
(104, 91, 105, 92)
(92, 83, 93, 84)
(89, 85, 90, 84)
(85, 89, 86, 88)
(86, 101, 87, 102)
(102, 87, 103, 88)
(90, 103, 91, 104)
(165, 161, 166, 160)
(181, 4, 0, 5)
(3, 0, 4, 1)
