(179, 170, 180, 171)
(171, 178, 172, 179)
(180, 177, 181, 178)
(176, 174, 177, 173)
(172, 169, 173, 170)
(111, 169, 112, 168)
(107, 113, 108, 112)
(3, 106, 4, 107)
(2, 0, 3, 181)
(1, 105, 2, 104)
(103, 13, 104, 12)
(11, 175, 12, 174)
(175, 11, 176, 10)
(110, 10, 111, 9)
(167, 9, 168, 8)
(108, 7, 109, 8)
(6, 77, 7, 78)
(78, 113, 79, 114)
(79, 4, 80, 5)
(80, 84, 81, 83)
(117, 84, 118, 85)
(118, 163, 119, 164)
(23, 163, 24, 162)
(101, 24, 102, 25)
(13, 103, 14, 102)
(99, 15, 100, 14)
(75, 99, 76, 98)
(165, 76, 166, 77)
(166, 110, 167, 109)
(164, 90, 165, 89)
(115, 88, 116, 89)
(114, 5, 115, 6)
(87, 82, 88, 83)
(81, 86, 82, 87)
(85, 116, 86, 117)
(90, 95, 91, 96)
(94, 69, 95, 70)
(70, 67, 71, 68)
(21, 67, 22, 66)
(119, 23, 120, 22)
(65, 121, 66, 120)
(64, 155, 65, 156)
(156, 162, 157, 161)
(157, 141, 158, 140)
(141, 124, 142, 125)
(123, 27, 124, 26)
(25, 100, 26, 101)
(19, 122, 20, 123)
(18, 71, 19, 72)
(72, 15, 73, 16)
(16, 73, 17, 74)
(74, 17, 75, 18)
(121, 20, 122, 21)
(154, 27, 155, 28)
(63, 28, 64, 29)
(29, 62, 30, 63)
(61, 46, 62, 47)
(47, 151, 48, 150)
(128, 152, 129, 151)
(136, 128, 137, 127)
(137, 161, 138, 160)
(159, 139, 160, 138)
(139, 159, 140, 158)
(143, 126, 144, 127)
(125, 142, 126, 143)
(153, 144, 154, 145)
(145, 59, 146, 58)
(38, 60, 39, 59)
(37, 31, 38, 30)
(36, 41, 37, 42)
(42, 35, 43, 36)
(45, 35, 46, 34)
(33, 45, 34, 44)
(43, 33, 44, 32)
(40, 31, 41, 32)
(60, 40, 61, 39)
(149, 146, 150, 147)
(147, 56, 148, 57)
(134, 55, 135, 56)
(54, 133, 55, 134)
(132, 53, 133, 54)
(50, 132, 51, 131)
(130, 52, 131, 51)
(48, 129, 49, 130)
(52, 49, 53, 50)
(135, 152, 136, 153)
(57, 148, 58, 149)
(68, 93, 69, 94)
(92, 97, 93, 98)
(96, 91, 97, 92)
(105, 1, 106, 0)
