(15, 75, 16, 74)
(62, 74, 63, 73)
(72, 64, 73, 63)
(114, 72, 115, 71)
(115, 16, 116, 17)
(116, 101, 117, 102)
(100, 76, 101, 75)
(99, 134, 100, 135)
(135, 5, 136, 4)
(2, 6, 3, 5)
(1, 180, 2, 181)
(181, 8, 0, 9)
(7, 10, 8, 11)
(11, 105, 12, 104)
(105, 15, 106, 14)
(59, 106, 60, 107)
(107, 60, 108, 61)
(61, 108, 62, 109)
(66, 110, 67, 109)
(110, 66, 111, 65)
(64, 112, 65, 111)
(67, 112, 68, 113)
(113, 68, 114, 69)
(69, 58, 70, 59)
(57, 70, 58, 71)
(56, 54, 57, 53)
(103, 52, 104, 53)
(17, 102, 18, 103)
(139, 19, 140, 18)
(138, 118, 139, 117)
(118, 138, 119, 137)
(84, 120, 85, 119)
(120, 84, 121, 83)
(94, 121, 95, 122)
(95, 133, 96, 132)
(133, 76, 134, 77)
(77, 90, 78, 91)
(89, 80, 90, 81)
(81, 99, 82, 98)
(82, 85, 83, 86)
(86, 97, 87, 98)
(96, 91, 97, 92)
(93, 92, 94, 93)
(127, 128, 128, 129)
(124, 129, 125, 130)
(130, 125, 131, 126)
(131, 122, 132, 123)
(126, 123, 127, 124)
(87, 78, 88, 79)
(79, 88, 80, 89)
(3, 137, 4, 136)
(19, 141, 20, 140)
(141, 48, 142, 49)
(178, 48, 179, 47)
(6, 180, 7, 179)
(51, 47, 52, 46)
(45, 51, 46, 50)
(49, 21, 50, 20)
(21, 44, 22, 45)
(43, 22, 44, 23)
(36, 24, 37, 23)
(35, 143, 36, 142)
(34, 147, 35, 148)
(148, 33, 149, 34)
(177, 33, 178, 32)
(28, 32, 29, 31)
(29, 43, 30, 42)
(41, 31, 42, 30)
(40, 28, 41, 27)
(26, 40, 27, 39)
(173, 39, 174, 38)
(37, 175, 38, 174)
(24, 176, 25, 175)
(171, 177, 172, 176)
(153, 170, 154, 171)
(152, 159, 153, 160)
(160, 146, 161, 145)
(146, 143, 147, 144)
(144, 162, 145, 161)
(151, 163, 152, 162)
(150, 166, 151, 165)
(164, 150, 165, 149)
(163, 166, 164, 167)
(154, 168, 155, 167)
(168, 157, 169, 158)
(156, 169, 157, 170)
(155, 158, 156, 159)
(25, 172, 26, 173)
(12, 55, 13, 56)
(54, 13, 55, 14)
(9, 0, 10, 1)
