(170, 15, 171, 16)
(16, 19, 17, 20)
(23, 19, 24, 18)
(7, 24, 8, 25)
(165, 8, 166, 9)
(166, 171, 167, 172)
(12, 167, 13, 168)
(168, 13, 169, 14)
(14, 169, 15, 170)
(172, 12, 173, 11)
(58, 173, 59, 174)
(59, 179, 60, 178)
(179, 5, 180, 4)
(20, 6, 21, 5)
(6, 22, 7, 21)
(17, 23, 18, 22)
(111, 181, 112, 180)
(27, 110, 28, 111)
(26, 163, 27, 164)
(164, 25, 165, 26)
(109, 162, 110, 163)
(39, 109, 40, 108)
(61, 41, 62, 40)
(60, 43, 61, 44)
(177, 45, 178, 44)
(176, 55, 177, 56)
(9, 57, 10, 56)
(57, 11, 58, 10)
(48, 176, 49, 175)
(174, 50, 175, 49)
(45, 51, 46, 50)
(54, 51, 55, 52)
(47, 52, 48, 53)
(53, 46, 54, 47)
(42, 120, 43, 119)
(118, 3, 119, 4)
(112, 117, 113, 118)
(181, 116, 0, 117)
(124, 116, 125, 115)
(98, 125, 99, 126)
(28, 100, 29, 99)
(129, 100, 130, 101)
(130, 162, 131, 161)
(104, 131, 105, 132)
(105, 39, 106, 38)
(106, 69, 107, 70)
(68, 107, 69, 108)
(67, 64, 68, 65)
(65, 73, 66, 72)
(73, 62, 74, 63)
(74, 33, 75, 34)
(97, 33, 98, 32)
(31, 127, 32, 126)
(91, 31, 92, 30)
(29, 93, 30, 92)
(93, 129, 94, 128)
(94, 89, 95, 90)
(88, 154, 89, 153)
(152, 88, 153, 87)
(155, 87, 156, 86)
(101, 157, 102, 156)
(157, 148, 158, 149)
(147, 158, 148, 159)
(159, 146, 160, 147)
(145, 160, 146, 161)
(103, 145, 104, 144)
(143, 133, 144, 132)
(142, 137, 143, 138)
(138, 77, 139, 78)
(76, 36, 77, 35)
(34, 37, 35, 38)
(36, 76, 37, 75)
(78, 139, 79, 140)
(96, 79, 97, 80)
(80, 95, 81, 96)
(140, 81, 141, 82)
(136, 84, 137, 83)
(134, 136, 135, 135)
(154, 152, 155, 151)
(85, 151, 86, 150)
(102, 149, 103, 150)
(84, 134, 85, 133)
(82, 141, 83, 142)
(127, 91, 128, 90)
(63, 70, 64, 71)
(71, 67, 72, 66)
(121, 114, 122, 115)
(120, 42, 121, 41)
(2, 114, 3, 113)
(1, 122, 2, 123)
(123, 0, 124, 1)
