(55, 82, 56, 83)
(81, 56, 82, 57)
(57, 78, 58, 79)
(77, 50, 78, 51)
(54, 51, 55, 52)
(52, 19, 53, 20)
(123, 18, 124, 19)
(122, 84, 123, 83)
(113, 80, 114, 81)
(79, 112, 80, 113)
(154, 112, 155, 111)
(21, 58, 22, 59)
(22, 50, 23, 49)
(44, 24, 45, 23)
(43, 72, 44, 73)
(73, 77, 74, 76)
(74, 48, 75, 47)
(48, 59, 49, 60)
(45, 61, 46, 60)
(61, 37, 62, 36)
(37, 63, 38, 62)
(63, 24, 64, 25)
(33, 64, 34, 65)
(34, 42, 35, 41)
(71, 42, 72, 43)
(35, 71, 36, 70)
(40, 69, 41, 70)
(68, 39, 69, 40)
(38, 67, 39, 68)
(29, 67, 30, 66)
(30, 27, 31, 28)
(26, 31, 27, 32)
(32, 25, 33, 26)
(65, 29, 66, 28)
(46, 76, 47, 75)
(20, 53, 21, 54)
(84, 150, 85, 149)
(150, 168, 151, 167)
(168, 152, 169, 151)
(152, 110, 153, 109)
(110, 154, 111, 153)
(120, 116, 121, 115)
(116, 122, 117, 121)
(114, 118, 115, 117)
(119, 119, 120, 118)
(108, 169, 109, 170)
(170, 155, 171, 156)
(156, 171, 157, 172)
(172, 157, 173, 158)
(175, 124, 176, 125)
(125, 176, 126, 177)
(177, 126, 178, 127)
(17, 178, 18, 179)
(179, 16, 180, 17)
(6, 15, 7, 16)
(14, 5, 15, 6)
(4, 13, 5, 14)
(3, 147, 4, 146)
(145, 148, 146, 149)
(99, 145, 100, 144)
(143, 101, 144, 100)
(142, 86, 143, 85)
(141, 166, 142, 167)
(107, 141, 108, 140)
(139, 161, 140, 160)
(174, 159, 175, 160)
(158, 173, 159, 174)
(138, 163, 139, 164)
(164, 137, 165, 138)
(136, 129, 137, 130)
(97, 130, 98, 131)
(98, 127, 99, 128)
(91, 129, 92, 128)
(87, 91, 88, 90)
(101, 89, 102, 88)
(89, 103, 90, 102)
(86, 104, 87, 103)
(165, 104, 166, 105)
(105, 162, 106, 163)
(161, 106, 162, 107)
(135, 92, 136, 93)
(93, 134, 94, 135)
(133, 94, 134, 95)
(95, 132, 96, 133)
(131, 96, 132, 97)
(147, 3, 148, 2)
(8, 1, 9, 2)
(7, 181, 8, 180)
(181, 10, 0, 11)
(9, 12, 10, 13)
(11, 0, 12, 1)
