(161, 68, 162, 69)
(144, 70, 145, 69)
(90, 144, 91, 143)
(91, 162, 92, 163)
(92, 168, 93, 167)
(171, 169, 172, 168)
(170, 156, 171, 155)
(67, 155, 68, 154)
(182, 154, 183, 153)
(150, 0, 151, 183)
(146, 149, 147, 150)
(160, 146, 161, 145)
(2, 160, 3, 159)
(62, 4, 63, 3)
(61, 58, 62, 59)
(112, 60, 113, 59)
(88, 112, 89, 111)
(89, 70, 90, 71)
(84, 72, 85, 71)
(83, 82, 84, 83)
(134, 140, 135, 139)
(140, 134, 141, 133)
(132, 142, 133, 141)
(142, 132, 143, 131)
(130, 138, 131, 137)
(136, 130, 137, 129)
(128, 98, 129, 97)
(96, 101, 97, 102)
(102, 166, 103, 165)
(163, 167, 164, 166)
(164, 104, 165, 103)
(37, 104, 38, 105)
(93, 39, 94, 38)
(39, 6, 40, 7)
(5, 55, 6, 54)
(53, 64, 54, 65)
(65, 172, 66, 173)
(66, 157, 67, 158)
(156, 170, 157, 169)
(179, 158, 180, 159)
(180, 152, 181, 151)
(152, 182, 153, 181)
(176, 49, 177, 50)
(48, 64, 49, 63)
(4, 47, 5, 48)
(46, 55, 47, 56)
(13, 56, 14, 57)
(57, 14, 58, 15)
(15, 12, 16, 13)
(30, 11, 31, 12)
(29, 32, 30, 33)
(33, 28, 34, 29)
(27, 115, 28, 114)
(60, 114, 61, 113)
(26, 119, 27, 120)
(120, 88, 121, 87)
(121, 111, 122, 110)
(85, 123, 86, 122)
(98, 124, 99, 123)
(124, 128, 125, 127)
(125, 101, 126, 100)
(99, 127, 100, 126)
(109, 87, 110, 86)
(35, 109, 36, 108)
(95, 36, 96, 37)
(105, 94, 106, 95)
(43, 106, 44, 107)
(7, 45, 8, 44)
(45, 40, 46, 41)
(8, 41, 9, 42)
(9, 16, 10, 17)
(10, 31, 11, 32)
(17, 34, 18, 35)
(25, 19, 26, 18)
(115, 24, 116, 25)
(23, 118, 24, 119)
(22, 20, 23, 19)
(21, 117, 22, 116)
(117, 21, 118, 20)
(107, 42, 108, 43)
(50, 177, 51, 178)
(174, 52, 175, 51)
(52, 174, 53, 173)
(175, 179, 176, 178)
(76, 76, 77, 75)
(80, 77, 81, 78)
(81, 72, 82, 73)
(138, 136, 139, 135)
(73, 79, 74, 78)
(79, 75, 80, 74)
(1, 149, 2, 148)
(147, 1, 148, 0)
