(179, 180, 180, 181)
(177, 178, 178, 179)
(34, 27, 35, 28)
(25, 29, 26, 28)
(21, 24, 22, 25)
(20, 139, 21, 140)
(151, 141, 152, 140)
(143, 151, 144, 150)
(149, 145, 150, 144)
(1, 149, 2, 148)
(181, 3, 182, 2)
(3, 14, 4, 15)
(13, 18, 14, 19)
(35, 33, 36, 32)
(26, 33, 27, 34)
(36, 29, 37, 30)
(174, 38, 175, 37)
(38, 174, 39, 173)
(42, 40, 43, 39)
(41, 23, 42, 22)
(23, 41, 24, 40)
(172, 44, 173, 43)
(171, 136, 172, 137)
(137, 170, 138, 171)
(169, 138, 170, 139)
(168, 154, 169, 153)
(19, 153, 20, 152)
(129, 128, 130, 129)
(127, 130, 128, 131)
(131, 126, 132, 127)
(132, 126, 133, 125)
(133, 124, 134, 125)
(123, 134, 124, 135)
(135, 44, 136, 45)
(50, 46, 51, 45)
(49, 103, 50, 102)
(101, 156, 102, 157)
(154, 158, 155, 157)
(158, 168, 159, 167)
(96, 160, 97, 159)
(95, 106, 96, 107)
(107, 121, 108, 120)
(121, 75, 122, 74)
(75, 123, 76, 122)
(51, 77, 52, 76)
(92, 78, 93, 77)
(91, 163, 92, 162)
(161, 105, 162, 104)
(46, 103, 47, 104)
(47, 99, 48, 98)
(99, 49, 100, 48)
(155, 100, 156, 101)
(97, 166, 98, 167)
(165, 161, 166, 160)
(105, 165, 106, 164)
(163, 91, 164, 90)
(94, 90, 95, 89)
(88, 64, 89, 63)
(69, 62, 70, 63)
(109, 68, 110, 69)
(119, 109, 120, 108)
(57, 118, 58, 119)
(117, 56, 118, 57)
(55, 116, 56, 117)
(54, 82, 55, 81)
(80, 54, 81, 53)
(73, 53, 74, 52)
(79, 72, 80, 73)
(78, 94, 79, 93)
(86, 72, 87, 71)
(64, 88, 65, 87)
(70, 66, 71, 65)
(66, 62, 67, 61)
(67, 110, 68, 111)
(60, 112, 61, 111)
(59, 114, 60, 115)
(115, 58, 116, 59)
(84, 114, 85, 113)
(82, 86, 83, 85)
(112, 84, 113, 83)
(30, 175, 31, 176)
(176, 31, 177, 32)
(17, 12, 18, 13)
(5, 17, 6, 16)
(6, 9, 7, 10)
(141, 8, 142, 9)
(7, 142, 8, 143)
(15, 11, 16, 10)
(4, 12, 5, 11)
(145, 183, 146, 182)
(183, 147, 0, 146)
(147, 1, 148, 0)
