(35, 3, 36, 2)
(11, 16, 12, 17)
(27, 21, 28, 20)
(21, 29, 22, 28)
(29, 180, 30, 181)
(179, 30, 180, 31)
(31, 35, 32, 34)
(183, 33, 0, 32)
(1, 183, 2, 182)
(178, 181, 179, 182)
(177, 5, 178, 4)
(3, 37, 4, 36)
(13, 12, 14, 13)
(14, 92, 15, 91)
(92, 16, 93, 15)
(93, 177, 94, 176)
(94, 37, 95, 38)
(95, 113, 96, 112)
(116, 114, 117, 113)
(90, 116, 91, 115)
(114, 90, 115, 89)
(88, 40, 89, 39)
(175, 39, 176, 38)
(109, 175, 110, 174)
(97, 111, 98, 110)
(111, 97, 112, 96)
(173, 99, 174, 98)
(172, 118, 173, 117)
(42, 42, 43, 41)
(40, 44, 41, 43)
(44, 50, 45, 49)
(75, 50, 76, 51)
(87, 76, 88, 77)
(77, 136, 78, 137)
(135, 106, 136, 107)
(100, 107, 101, 108)
(108, 101, 109, 102)
(99, 103, 100, 102)
(148, 103, 149, 104)
(149, 122, 150, 123)
(121, 170, 122, 171)
(118, 172, 119, 171)
(119, 120, 120, 121)
(162, 170, 163, 169)
(168, 164, 169, 163)
(164, 168, 165, 167)
(165, 46, 166, 47)
(48, 46, 49, 45)
(47, 166, 48, 167)
(58, 161, 59, 162)
(74, 58, 75, 57)
(151, 57, 152, 56)
(55, 153, 56, 152)
(54, 146, 55, 145)
(51, 144, 52, 145)
(143, 52, 144, 53)
(53, 142, 54, 143)
(141, 124, 142, 125)
(125, 87, 126, 86)
(126, 84, 127, 83)
(79, 85, 80, 84)
(137, 78, 138, 79)
(138, 134, 139, 133)
(105, 134, 106, 135)
(104, 147, 105, 148)
(146, 124, 147, 123)
(132, 140, 133, 139)
(140, 132, 141, 131)
(85, 131, 86, 130)
(80, 130, 81, 129)
(128, 82, 129, 81)
(82, 128, 83, 127)
(153, 150, 154, 151)
(59, 155, 60, 154)
(155, 71, 156, 70)
(160, 71, 161, 72)
(72, 62, 73, 61)
(62, 74, 63, 73)
(63, 60, 64, 61)
(64, 70, 65, 69)
(68, 66, 69, 65)
(67, 158, 68, 159)
(156, 160, 157, 159)
(157, 66, 158, 67)
(22, 5, 23, 6)
(23, 25, 24, 24)
(10, 25, 11, 26)
(26, 17, 27, 18)
(18, 7, 19, 8)
(6, 19, 7, 20)
(8, 9, 9, 10)
(33, 1, 34, 0)
