(171, 174, 172, 175)
(175, 62, 176, 63)
(56, 62, 57, 61)
(60, 58, 61, 57)
(172, 59, 173, 60)
(58, 173, 59, 174)
(170, 56, 171, 55)
(54, 137, 55, 138)
(15, 138, 16, 139)
(177, 17, 178, 16)
(63, 176, 64, 177)
(64, 134, 65, 133)
(167, 134, 168, 135)
(135, 168, 136, 169)
(169, 136, 170, 137)
(75, 167, 76, 166)
(76, 54, 77, 53)
(77, 15, 78, 14)
(78, 92, 79, 91)
(92, 139, 93, 140)
(93, 2, 94, 3)
(1, 181, 2, 180)
(179, 51, 180, 50)
(49, 179, 50, 178)
(99, 49, 100, 48)
(100, 45, 101, 46)
(44, 18, 45, 17)
(28, 44, 29, 43)
(42, 30, 43, 29)
(132, 42, 133, 41)
(35, 40, 36, 41)
(34, 22, 35, 21)
(121, 20, 122, 21)
(105, 121, 106, 120)
(106, 113, 107, 114)
(101, 112, 102, 113)
(111, 102, 112, 103)
(18, 104, 19, 103)
(104, 20, 105, 19)
(110, 119, 111, 120)
(118, 109, 119, 110)
(117, 115, 118, 114)
(116, 108, 117, 107)
(108, 116, 109, 115)
(33, 123, 34, 122)
(123, 33, 124, 32)
(31, 125, 32, 124)
(27, 31, 28, 30)
(26, 125, 27, 126)
(131, 126, 132, 127)
(36, 128, 37, 127)
(128, 38, 129, 37)
(38, 23, 39, 24)
(22, 39, 23, 40)
(24, 130, 25, 129)
(130, 26, 131, 25)
(69, 46, 70, 47)
(67, 71, 68, 70)
(66, 74, 67, 73)
(72, 66, 73, 65)
(71, 74, 72, 75)
(47, 68, 48, 69)
(98, 165, 99, 166)
(164, 97, 165, 98)
(52, 164, 53, 163)
(3, 163, 4, 162)
(13, 90, 14, 91)
(12, 11, 13, 12)
(88, 147, 89, 148)
(148, 87, 149, 88)
(86, 159, 87, 160)
(160, 143, 161, 144)
(142, 82, 143, 81)
(80, 142, 81, 141)
(140, 80, 141, 79)
(82, 162, 83, 161)
(154, 83, 155, 84)
(155, 150, 156, 151)
(146, 150, 147, 149)
(158, 146, 159, 145)
(85, 145, 86, 144)
(84, 153, 85, 154)
(157, 152, 158, 153)
(151, 156, 152, 157)
(89, 10, 90, 11)
(9, 5, 10, 4)
(5, 8, 6, 9)
(7, 6, 8, 7)
(51, 97, 52, 96)
(182, 96, 183, 95)
(94, 0, 95, 183)
(181, 1, 182, 0)
