(105, 128, 106, 129)
(104, 100, 105, 99)
(98, 78, 99, 77)
(76, 41, 77, 42)
(141, 43, 142, 42)
(13, 140, 14, 141)
(121, 13, 122, 12)
(122, 109, 123, 110)
(108, 125, 109, 126)
(129, 127, 130, 126)
(127, 106, 128, 107)
(130, 107, 131, 108)
(131, 124, 132, 125)
(123, 132, 124, 133)
(168, 134, 169, 133)
(167, 9, 168, 8)
(180, 7, 181, 8)
(6, 179, 7, 180)
(178, 5, 179, 6)
(177, 3, 178, 2)
(1, 177, 2, 176)
(175, 103, 176, 102)
(101, 175, 102, 174)
(173, 101, 174, 100)
(103, 173, 104, 172)
(164, 171, 165, 172)
(112, 164, 113, 163)
(113, 33, 114, 32)
(78, 34, 79, 33)
(25, 35, 26, 34)
(97, 25, 98, 24)
(23, 97, 24, 96)
(95, 154, 96, 155)
(92, 156, 93, 155)
(91, 40, 92, 41)
(90, 152, 91, 151)
(150, 68, 151, 67)
(66, 150, 67, 149)
(63, 148, 64, 149)
(147, 62, 148, 63)
(61, 146, 62, 147)
(75, 61, 76, 60)
(59, 75, 60, 74)
(142, 73, 143, 74)
(55, 72, 56, 73)
(54, 44, 55, 43)
(46, 54, 47, 53)
(47, 50, 48, 51)
(49, 15, 50, 14)
(15, 49, 16, 48)
(51, 16, 52, 17)
(17, 52, 18, 53)
(45, 19, 46, 18)
(19, 45, 20, 44)
(20, 83, 21, 84)
(82, 159, 83, 160)
(160, 118, 161, 117)
(118, 140, 119, 139)
(138, 120, 139, 119)
(120, 138, 121, 137)
(11, 137, 12, 136)
(135, 111, 136, 110)
(134, 170, 135, 169)
(170, 9, 171, 10)
(111, 10, 112, 11)
(161, 30, 162, 31)
(29, 162, 30, 163)
(28, 31, 29, 32)
(27, 115, 28, 114)
(26, 80, 27, 79)
(80, 116, 81, 115)
(116, 82, 117, 81)
(158, 21, 159, 22)
(22, 35, 23, 36)
(36, 154, 37, 153)
(37, 95, 38, 94)
(93, 39, 94, 38)
(39, 156, 40, 157)
(157, 152, 158, 153)
(89, 84, 90, 85)
(85, 70, 86, 71)
(69, 86, 70, 87)
(87, 68, 88, 69)
(88, 72, 89, 71)
(65, 56, 66, 57)
(57, 64, 58, 65)
(143, 58, 144, 59)
(144, 146, 145, 145)
(165, 182, 166, 183)
(181, 166, 182, 167)
(183, 5, 0, 4)
(3, 1, 4, 0)
