(178, 79, 179, 80)
(78, 177, 79, 178)
(14, 77, 15, 78)
(80, 13, 81, 14)
(12, 81, 13, 82)
(82, 44, 83, 43)
(44, 84, 45, 83)
(84, 130, 85, 129)
(167, 130, 168, 131)
(181, 169, 182, 168)
(169, 181, 170, 180)
(179, 171, 180, 170)
(171, 112, 172, 113)
(176, 112, 177, 111)
(105, 111, 106, 110)
(15, 107, 16, 106)
(20, 107, 21, 108)
(21, 27, 22, 26)
(27, 125, 28, 124)
(76, 125, 77, 126)
(41, 126, 42, 127)
(11, 42, 12, 43)
(45, 10, 46, 11)
(128, 10, 129, 9)
(85, 8, 86, 9)
(7, 163, 8, 162)
(161, 166, 162, 167)
(183, 160, 184, 161)
(182, 132, 183, 131)
(149, 133, 150, 132)
(1, 149, 2, 148)
(53, 3, 54, 2)
(101, 53, 102, 52)
(102, 173, 103, 174)
(113, 172, 114, 173)
(175, 114, 176, 115)
(104, 115, 105, 116)
(116, 110, 117, 109)
(117, 19, 118, 18)
(16, 20, 17, 19)
(17, 119, 18, 118)
(108, 120, 109, 119)
(120, 26, 121, 25)
(50, 122, 51, 121)
(22, 49, 23, 50)
(123, 49, 124, 48)
(47, 56, 48, 57)
(40, 58, 41, 57)
(39, 31, 40, 30)
(60, 29, 61, 30)
(28, 59, 29, 60)
(75, 59, 76, 58)
(74, 61, 75, 62)
(62, 73, 63, 74)
(72, 63, 73, 64)
(31, 65, 32, 64)
(70, 65, 71, 66)
(38, 71, 39, 72)
(37, 66, 38, 67)
(67, 35, 68, 34)
(35, 32, 36, 33)
(69, 36, 70, 37)
(33, 69, 34, 68)
(127, 46, 128, 47)
(55, 101, 56, 100)
(99, 88, 100, 89)
(86, 90, 87, 89)
(90, 97, 91, 98)
(96, 91, 97, 92)
(92, 163, 93, 164)
(93, 7, 94, 6)
(165, 94, 166, 95)
(95, 4, 96, 5)
(3, 55, 4, 54)
(5, 164, 6, 165)
(87, 98, 88, 99)
(122, 23, 123, 24)
(24, 52, 25, 51)
(174, 103, 175, 104)
(147, 145, 148, 144)
(184, 143, 185, 144)
(135, 143, 136, 142)
(136, 153, 137, 154)
(152, 137, 153, 138)
(138, 151, 139, 152)
(159, 151, 160, 150)
(133, 158, 134, 159)
(157, 134, 158, 135)
(156, 139, 157, 140)
(140, 155, 141, 156)
(154, 141, 155, 142)
(185, 146, 0, 147)
(145, 0, 146, 1)
