(53, 137, 54, 136)
(31, 139, 32, 138)
(30, 28, 31, 27)
(50, 48, 51, 47)
(51, 54, 52, 55)
(137, 53, 138, 52)
(55, 145, 56, 144)
(145, 32, 146, 33)
(33, 146, 34, 147)
(34, 141, 35, 142)
(101, 140, 102, 141)
(139, 100, 140, 101)
(99, 96, 100, 97)
(28, 98, 29, 97)
(98, 30, 99, 29)
(132, 96, 133, 95)
(26, 133, 27, 134)
(134, 49, 135, 50)
(48, 135, 49, 136)
(46, 26, 47, 25)
(24, 94, 25, 93)
(92, 177, 93, 178)
(75, 179, 76, 178)
(74, 143, 75, 144)
(56, 69, 57, 70)
(68, 57, 69, 58)
(71, 58, 72, 59)
(72, 61, 73, 62)
(60, 73, 61, 74)
(70, 68, 71, 67)
(59, 66, 60, 67)
(62, 65, 63, 66)
(63, 65, 64, 64)
(147, 142, 148, 143)
(39, 148, 40, 149)
(37, 41, 38, 40)
(36, 104, 37, 103)
(102, 36, 103, 35)
(104, 132, 105, 131)
(44, 105, 45, 106)
(94, 45, 95, 46)
(23, 106, 24, 107)
(107, 22, 108, 23)
(21, 129, 22, 128)
(18, 127, 19, 128)
(156, 18, 157, 17)
(157, 161, 158, 160)
(170, 161, 171, 162)
(174, 171, 175, 172)
(90, 175, 91, 176)
(176, 91, 177, 92)
(80, 89, 81, 90)
(79, 77, 80, 76)
(78, 152, 79, 151)
(150, 180, 151, 179)
(149, 38, 150, 39)
(11, 181, 12, 180)
(10, 0, 11, 185)
(184, 10, 185, 9)
(8, 155, 9, 156)
(122, 111, 123, 112)
(110, 42, 111, 41)
(42, 110, 43, 109)
(130, 43, 131, 44)
(129, 109, 130, 108)
(20, 123, 21, 124)
(124, 19, 125, 20)
(120, 125, 121, 126)
(126, 121, 127, 122)
(112, 114, 113, 113)
(119, 115, 120, 114)
(118, 117, 119, 118)
(116, 115, 117, 116)
(14, 8, 15, 7)
(158, 15, 159, 16)
(16, 159, 17, 160)
(6, 169, 7, 170)
(168, 5, 169, 6)
(167, 163, 168, 162)
(85, 167, 86, 166)
(173, 86, 174, 87)
(87, 172, 88, 173)
(88, 81, 89, 82)
(163, 83, 164, 82)
(83, 165, 84, 164)
(165, 85, 166, 84)
(13, 4, 14, 5)
(12, 154, 13, 153)
(152, 78, 153, 77)
(3, 155, 4, 154)
(183, 2, 184, 3)
(1, 182, 2, 183)
(181, 0, 182, 1)
