(183, 165, 184, 164)
(184, 15, 185, 16)
(165, 14, 166, 15)
(13, 166, 14, 167)
(167, 183, 168, 182)
(168, 17, 169, 18)
(163, 17, 164, 16)
(3, 162, 4, 163)
(185, 2, 0, 3)
(1, 161, 2, 160)
(159, 170, 160, 171)
(178, 171, 179, 172)
(172, 179, 173, 180)
(180, 173, 181, 174)
(181, 13, 182, 12)
(11, 78, 12, 79)
(79, 10, 80, 11)
(9, 80, 10, 81)
(88, 82, 89, 81)
(82, 88, 83, 87)
(22, 84, 23, 83)
(48, 21, 49, 22)
(47, 42, 48, 43)
(43, 46, 44, 47)
(45, 37, 46, 36)
(18, 35, 19, 36)
(61, 35, 62, 34)
(62, 158, 63, 157)
(5, 159, 6, 158)
(4, 170, 5, 169)
(77, 174, 78, 175)
(175, 9, 176, 8)
(7, 177, 8, 176)
(6, 70, 7, 69)
(91, 68, 92, 69)
(97, 110, 98, 111)
(109, 98, 110, 99)
(86, 99, 87, 100)
(100, 85, 101, 86)
(84, 24, 85, 23)
(24, 49, 25, 50)
(56, 25, 57, 26)
(60, 58, 61, 57)
(40, 60, 41, 59)
(41, 21, 42, 20)
(38, 19, 39, 20)
(37, 45, 38, 44)
(58, 40, 59, 39)
(26, 55, 27, 56)
(31, 55, 32, 54)
(53, 33, 54, 32)
(33, 53, 34, 52)
(51, 31, 52, 30)
(29, 123, 30, 122)
(150, 122, 151, 121)
(151, 116, 152, 117)
(112, 115, 113, 116)
(111, 154, 112, 155)
(64, 155, 65, 156)
(156, 65, 157, 66)
(66, 63, 67, 64)
(67, 92, 68, 93)
(95, 90, 96, 91)
(89, 94, 90, 95)
(96, 94, 97, 93)
(114, 153, 115, 154)
(152, 113, 153, 114)
(106, 117, 107, 118)
(138, 107, 139, 108)
(108, 139, 109, 140)
(140, 101, 141, 102)
(130, 142, 131, 141)
(129, 134, 130, 135)
(124, 136, 125, 135)
(123, 29, 124, 28)
(27, 51, 28, 50)
(149, 136, 150, 137)
(102, 137, 103, 138)
(103, 119, 104, 118)
(119, 105, 120, 104)
(105, 121, 106, 120)
(131, 148, 132, 149)
(147, 132, 148, 133)
(142, 134, 143, 133)
(126, 143, 127, 144)
(144, 127, 145, 128)
(128, 145, 129, 146)
(125, 147, 126, 146)
(177, 70, 178, 71)
(74, 72, 75, 71)
(76, 74, 77, 73)
(72, 76, 73, 75)
(161, 1, 162, 0)
