(39, 153, 40, 152)
(40, 149, 41, 150)
(148, 131, 149, 132)
(129, 132, 130, 133)
(130, 123, 131, 124)
(153, 182, 154, 183)
(63, 38, 64, 39)
(45, 62, 46, 63)
(77, 45, 78, 44)
(78, 152, 79, 151)
(150, 80, 151, 79)
(41, 81, 42, 80)
(127, 127, 128, 126)
(147, 128, 148, 129)
(146, 138, 147, 137)
(143, 137, 144, 136)
(135, 145, 136, 144)
(141, 134, 142, 135)
(133, 140, 134, 141)
(124, 139, 125, 140)
(138, 125, 139, 126)
(142, 146, 143, 145)
(154, 4, 155, 3)
(181, 6, 182, 7)
(13, 17, 14, 16)
(122, 18, 123, 17)
(121, 116, 122, 117)
(117, 120, 118, 121)
(26, 119, 27, 120)
(104, 26, 105, 25)
(105, 109, 106, 108)
(34, 109, 35, 110)
(35, 100, 36, 101)
(99, 36, 100, 37)
(65, 98, 66, 99)
(37, 64, 38, 65)
(68, 97, 69, 98)
(70, 68, 71, 67)
(46, 72, 47, 71)
(72, 53, 73, 54)
(52, 75, 53, 76)
(76, 62, 77, 61)
(51, 60, 52, 61)
(59, 50, 60, 51)
(49, 58, 50, 59)
(87, 48, 88, 49)
(86, 81, 87, 82)
(82, 85, 83, 86)
(43, 85, 44, 84)
(83, 43, 84, 42)
(90, 48, 91, 47)
(18, 92, 19, 91)
(92, 22, 93, 21)
(115, 22, 116, 23)
(23, 28, 24, 29)
(118, 27, 119, 28)
(24, 104, 25, 103)
(102, 29, 103, 30)
(30, 112, 31, 111)
(112, 32, 113, 31)
(107, 32, 108, 33)
(33, 106, 34, 107)
(110, 114, 111, 113)
(114, 101, 115, 102)
(20, 94, 21, 93)
(94, 20, 95, 19)
(95, 66, 96, 67)
(96, 69, 97, 70)
(89, 55, 90, 54)
(55, 89, 56, 88)
(73, 57, 74, 56)
(57, 75, 58, 74)
(183, 15, 184, 14)
(15, 185, 16, 184)
(185, 169, 0, 168)
(2, 169, 3, 170)
(161, 171, 162, 170)
(160, 156, 161, 155)
(159, 172, 160, 173)
(178, 174, 179, 173)
(174, 178, 175, 177)
(4, 176, 5, 175)
(176, 6, 177, 5)
(158, 180, 159, 179)
(180, 158, 181, 157)
(171, 156, 172, 157)
(7, 13, 8, 12)
(8, 168, 9, 167)
(166, 10, 167, 9)
(10, 166, 11, 165)
(164, 12, 165, 11)
(162, 164, 163, 163)
(1, 0, 2, 1)
