(33, 164, 34, 165)
(163, 34, 164, 35)
(35, 39, 36, 38)
(132, 39, 133, 40)
(40, 133, 41, 134)
(41, 153, 42, 152)
(153, 33, 154, 32)
(154, 165, 155, 166)
(155, 7, 156, 6)
(7, 157, 8, 156)
(157, 129, 158, 128)
(129, 161, 130, 160)
(161, 37, 162, 36)
(37, 163, 38, 162)
(130, 139, 131, 140)
(138, 131, 139, 132)
(137, 135, 138, 134)
(25, 136, 26, 137)
(24, 151, 25, 152)
(23, 28, 24, 29)
(29, 22, 30, 23)
(42, 21, 43, 22)
(31, 21, 32, 20)
(168, 19, 169, 20)
(18, 167, 19, 168)
(166, 17, 167, 18)
(169, 17, 170, 16)
(174, 184, 175, 183)
(175, 84, 176, 85)
(83, 122, 84, 123)
(123, 112, 124, 113)
(111, 9, 112, 8)
(127, 111, 128, 110)
(109, 57, 110, 56)
(158, 55, 159, 56)
(54, 159, 55, 160)
(53, 99, 54, 98)
(97, 45, 98, 44)
(145, 148, 146, 149)
(149, 140, 150, 141)
(27, 151, 28, 150)
(135, 26, 136, 27)
(141, 144, 142, 145)
(146, 143, 147, 144)
(142, 147, 143, 148)
(30, 43, 31, 44)
(101, 97, 102, 96)
(95, 103, 96, 102)
(94, 15, 95, 16)
(114, 94, 115, 93)
(181, 77, 182, 76)
(77, 183, 78, 182)
(75, 79, 76, 78)
(79, 75, 80, 74)
(80, 85, 81, 86)
(81, 176, 82, 177)
(121, 82, 122, 83)
(120, 72, 121, 71)
(70, 68, 71, 67)
(66, 114, 67, 113)
(65, 63, 66, 62)
(61, 13, 62, 12)
(11, 61, 12, 60)
(124, 59, 125, 60)
(9, 58, 10, 59)
(126, 58, 127, 57)
(10, 126, 11, 125)
(13, 64, 14, 65)
(63, 14, 64, 15)
(69, 92, 70, 93)
(91, 68, 92, 69)
(119, 90, 120, 91)
(179, 119, 180, 118)
(180, 115, 181, 116)
(116, 87, 117, 88)
(86, 73, 87, 74)
(72, 178, 73, 177)
(178, 90, 179, 89)
(88, 117, 89, 118)
(103, 100, 104, 101)
(99, 108, 100, 109)
(107, 47, 108, 46)
(45, 52, 46, 53)
(51, 49, 52, 48)
(104, 47, 105, 48)
(105, 50, 106, 51)
(49, 106, 50, 107)
(173, 4, 174, 5)
(170, 6, 171, 5)
(184, 4, 185, 3)
(2, 0, 3, 185)
(1, 172, 2, 173)
(171, 0, 172, 1)
