(123, 156, 124, 157)
(157, 120, 158, 121)
(119, 158, 120, 159)
(159, 149, 160, 148)
(66, 149, 67, 150)
(150, 67, 151, 68)
(70, 151, 71, 152)
(71, 124, 72, 125)
(72, 156, 73, 155)
(122, 73, 123, 74)
(74, 121, 75, 122)
(75, 119, 76, 118)
(76, 132, 77, 131)
(132, 97, 133, 98)
(147, 97, 148, 96)
(20, 95, 21, 96)
(92, 19, 93, 20)
(18, 91, 19, 92)
(160, 17, 161, 18)
(16, 65, 17, 66)
(68, 15, 69, 16)
(14, 69, 15, 70)
(166, 14, 167, 13)
(12, 168, 13, 167)
(168, 12, 169, 11)
(82, 170, 83, 169)
(81, 173, 82, 172)
(171, 81, 172, 80)
(110, 80, 111, 79)
(78, 112, 79, 111)
(112, 78, 113, 77)
(126, 114, 127, 113)
(125, 153, 126, 152)
(114, 153, 115, 154)
(154, 115, 155, 116)
(129, 117, 130, 116)
(117, 129, 118, 128)
(130, 128, 131, 127)
(109, 136, 110, 137)
(137, 98, 138, 99)
(141, 138, 142, 139)
(133, 143, 134, 142)
(143, 135, 144, 134)
(135, 147, 136, 146)
(102, 145, 103, 146)
(104, 102, 105, 101)
(100, 106, 101, 105)
(108, 100, 109, 99)
(107, 140, 108, 141)
(139, 106, 140, 107)
(144, 103, 145, 104)
(173, 171, 174, 170)
(23, 175, 24, 174)
(22, 93, 23, 94)
(94, 21, 95, 22)
(175, 91, 176, 90)
(176, 43, 177, 44)
(59, 43, 60, 42)
(163, 61, 164, 60)
(63, 163, 64, 162)
(161, 65, 162, 64)
(165, 63, 166, 62)
(61, 165, 62, 164)
(41, 59, 42, 58)
(57, 52, 58, 53)
(53, 56, 54, 57)
(180, 56, 181, 55)
(38, 182, 39, 181)
(37, 10, 38, 11)
(9, 36, 10, 37)
(45, 8, 46, 9)
(44, 28, 45, 27)
(26, 90, 27, 89)
(88, 84, 89, 83)
(84, 88, 85, 87)
(24, 86, 25, 85)
(86, 26, 87, 25)
(28, 5, 29, 6)
(4, 29, 5, 30)
(30, 3, 31, 4)
(2, 49, 3, 50)
(50, 40, 51, 39)
(40, 177, 41, 178)
(178, 52, 179, 51)
(54, 180, 55, 179)
(48, 35, 49, 36)
(34, 47, 35, 48)
(46, 33, 47, 34)
(32, 7, 33, 8)
(6, 31, 7, 32)
(1, 185, 2, 184)
(186, 184, 187, 183)
(182, 0, 183, 187)
(185, 1, 186, 0)
