(71, 166, 72, 167)
(165, 70, 166, 71)
(164, 75, 165, 76)
(79, 76, 80, 77)
(81, 81, 82, 80)
(64, 64, 65, 63)
(65, 163, 66, 162)
(163, 67, 164, 66)
(67, 74, 68, 75)
(73, 68, 74, 69)
(69, 72, 70, 73)
(78, 162, 79, 161)
(160, 78, 161, 77)
(159, 85, 160, 84)
(83, 83, 84, 82)
(62, 180, 63, 179)
(178, 51, 179, 52)
(52, 177, 53, 178)
(89, 176, 90, 177)
(85, 88, 86, 89)
(87, 158, 88, 159)
(157, 86, 158, 87)
(175, 156, 176, 157)
(173, 175, 174, 174)
(169, 172, 170, 173)
(171, 168, 172, 169)
(167, 170, 168, 171)
(155, 90, 156, 91)
(58, 182, 59, 181)
(180, 60, 181, 59)
(60, 57, 61, 58)
(56, 61, 57, 62)
(55, 50, 56, 51)
(54, 153, 55, 154)
(154, 53, 155, 54)
(134, 151, 135, 152)
(152, 97, 153, 98)
(96, 22, 97, 21)
(183, 20, 184, 21)
(182, 92, 183, 91)
(92, 19, 93, 20)
(18, 24, 19, 23)
(22, 49, 23, 50)
(98, 135, 99, 136)
(99, 147, 100, 146)
(147, 101, 148, 100)
(128, 124, 129, 123)
(150, 133, 151, 134)
(149, 144, 150, 145)
(136, 146, 137, 145)
(137, 148, 138, 149)
(129, 139, 130, 138)
(139, 133, 140, 132)
(143, 140, 144, 141)
(141, 130, 142, 131)
(131, 142, 132, 143)
(122, 110, 123, 109)
(108, 104, 109, 103)
(102, 126, 103, 125)
(124, 102, 125, 101)
(126, 107, 127, 108)
(106, 127, 107, 128)
(116, 106, 117, 105)
(117, 110, 118, 111)
(118, 122, 119, 121)
(119, 112, 120, 113)
(111, 114, 112, 115)
(104, 116, 105, 115)
(113, 120, 114, 121)
(17, 48, 18, 49)
(16, 95, 17, 96)
(94, 15, 95, 16)
(93, 185, 94, 184)
(34, 185, 35, 186)
(24, 36, 25, 35)
(36, 48, 37, 47)
(37, 15, 38, 14)
(38, 34, 39, 33)
(39, 7, 40, 6)
(7, 41, 8, 40)
(41, 9, 42, 8)
(26, 10, 27, 9)
(186, 25, 187, 26)
(10, 187, 11, 0)
(46, 11, 47, 12)
(12, 45, 13, 46)
(44, 13, 45, 14)
(28, 44, 29, 43)
(29, 3, 30, 2)
(3, 31, 4, 30)
(31, 5, 32, 4)
(5, 33, 6, 32)
(1, 43, 2, 42)
(27, 0, 28, 1)
