(128, 119, 129, 120)
(120, 127, 121, 128)
(117, 126, 118, 127)
(37, 117, 38, 116)
(113, 39, 114, 38)
(112, 169, 113, 170)
(170, 111, 171, 112)
(161, 111, 162, 110)
(109, 163, 110, 162)
(108, 185, 109, 186)
(157, 187, 158, 186)
(129, 156, 130, 157)
(155, 34, 156, 35)
(35, 122, 36, 123)
(118, 122, 119, 121)
(125, 36, 126, 37)
(124, 26, 125, 25)
(24, 3, 25, 4)
(4, 41, 5, 42)
(105, 40, 106, 41)
(104, 115, 105, 116)
(114, 103, 115, 104)
(39, 102, 40, 103)
(106, 102, 107, 101)
(107, 159, 108, 158)
(159, 184, 160, 185)
(183, 172, 184, 173)
(176, 173, 177, 174)
(168, 177, 169, 178)
(178, 167, 179, 168)
(181, 167, 182, 166)
(165, 183, 166, 182)
(171, 164, 172, 165)
(160, 164, 161, 163)
(180, 175, 181, 176)
(174, 179, 175, 180)
(100, 98, 101, 97)
(145, 97, 146, 96)
(143, 147, 144, 146)
(147, 143, 148, 142)
(15, 149, 16, 148)
(149, 15, 150, 14)
(13, 151, 14, 150)
(151, 13, 152, 12)
(152, 133, 153, 134)
(187, 132, 0, 133)
(131, 32, 132, 33)
(33, 130, 34, 131)
(154, 32, 155, 31)
(1, 31, 2, 30)
(2, 27, 3, 28)
(26, 124, 27, 123)
(23, 28, 24, 29)
(29, 22, 30, 23)
(134, 22, 135, 21)
(135, 42, 136, 43)
(5, 137, 6, 136)
(137, 51, 138, 50)
(66, 52, 67, 51)
(52, 66, 53, 65)
(76, 59, 77, 60)
(77, 88, 78, 89)
(94, 88, 95, 87)
(95, 145, 96, 144)
(86, 94, 87, 93)
(92, 84, 93, 83)
(82, 92, 83, 91)
(90, 141, 91, 142)
(140, 89, 141, 90)
(139, 48, 140, 49)
(44, 50, 45, 49)
(6, 44, 7, 43)
(16, 8, 17, 7)
(8, 12, 9, 11)
(9, 18, 10, 19)
(17, 20, 18, 21)
(19, 10, 20, 11)
(138, 46, 139, 45)
(67, 47, 68, 46)
(47, 69, 48, 68)
(69, 65, 70, 64)
(63, 71, 64, 70)
(71, 63, 72, 62)
(61, 73, 62, 72)
(74, 56, 75, 55)
(56, 53, 57, 54)
(98, 58, 99, 57)
(58, 100, 59, 99)
(54, 76, 55, 75)
(73, 61, 74, 60)
(81, 79, 82, 78)
(85, 81, 86, 80)
(79, 85, 80, 84)
(153, 0, 154, 1)
