(89, 86, 90, 87)
(85, 144, 86, 145)
(150, 146, 151, 145)
(146, 150, 147, 149)
(88, 147, 89, 148)
(148, 87, 149, 88)
(136, 151, 137, 152)
(137, 90, 138, 91)
(91, 138, 92, 139)
(92, 144, 93, 143)
(142, 94, 143, 93)
(158, 160, 159, 159)
(12, 157, 13, 158)
(11, 155, 12, 154)
(84, 154, 85, 153)
(152, 135, 153, 136)
(96, 142, 97, 141)
(140, 96, 141, 95)
(94, 140, 95, 139)
(127, 126, 128, 127)
(134, 126, 135, 125)
(124, 118, 125, 117)
(116, 124, 117, 123)
(122, 130, 123, 129)
(97, 128, 98, 129)
(131, 98, 132, 99)
(109, 132, 110, 133)
(133, 110, 134, 111)
(118, 112, 119, 111)
(103, 113, 104, 112)
(115, 103, 116, 102)
(101, 106, 102, 107)
(120, 107, 121, 108)
(130, 122, 131, 121)
(99, 109, 100, 108)
(100, 119, 101, 120)
(105, 115, 106, 114)
(113, 105, 114, 104)
(83, 161, 84, 160)
(165, 82, 166, 83)
(164, 14, 165, 13)
(163, 156, 164, 157)
(155, 162, 156, 163)
(161, 10, 162, 11)
(52, 10, 53, 9)
(53, 166, 54, 167)
(54, 15, 55, 16)
(14, 81, 15, 82)
(80, 73, 81, 74)
(43, 74, 44, 75)
(44, 46, 45, 45)
(46, 6, 47, 5)
(6, 48, 7, 47)
(48, 52, 49, 51)
(49, 9, 50, 8)
(7, 51, 8, 50)
(173, 4, 174, 5)
(1, 173, 2, 172)
(187, 3, 0, 2)
(169, 186, 170, 187)
(168, 175, 169, 176)
(176, 167, 177, 168)
(177, 29, 178, 28)
(32, 30, 33, 29)
(31, 63, 32, 62)
(16, 61, 17, 62)
(55, 60, 56, 61)
(59, 71, 60, 70)
(69, 72, 70, 73)
(21, 69, 22, 68)
(22, 80, 23, 79)
(78, 24, 79, 23)
(42, 39, 43, 40)
(75, 41, 76, 40)
(41, 77, 42, 76)
(77, 38, 78, 39)
(37, 24, 38, 25)
(178, 25, 179, 26)
(179, 185, 180, 184)
(185, 174, 186, 175)
(183, 181, 184, 180)
(182, 27, 183, 28)
(26, 181, 27, 182)
(33, 36, 34, 37)
(35, 67, 36, 66)
(20, 65, 21, 66)
(64, 19, 65, 20)
(63, 31, 64, 30)
(56, 18, 57, 17)
(18, 58, 19, 57)
(71, 59, 72, 58)
(67, 35, 68, 34)
(3, 170, 4, 171)
(171, 1, 172, 0)
