(171, 177, 172, 176)
(177, 168, 178, 169)
(167, 170, 168, 171)
(175, 167, 176, 166)
(46, 166, 47, 165)
(172, 48, 173, 47)
(48, 174, 49, 173)
(179, 175, 180, 174)
(169, 178, 170, 179)
(180, 184, 181, 183)
(184, 121, 185, 122)
(45, 121, 46, 120)
(119, 136, 120, 137)
(137, 118, 138, 119)
(117, 138, 118, 139)
(139, 161, 140, 160)
(52, 162, 53, 161)
(162, 52, 163, 51)
(50, 164, 51, 163)
(164, 50, 165, 49)
(53, 86, 54, 87)
(182, 86, 183, 85)
(84, 182, 85, 181)
(186, 83, 187, 84)
(122, 185, 123, 186)
(44, 123, 45, 124)
(127, 124, 128, 125)
(131, 129, 132, 128)
(134, 60, 135, 59)
(60, 136, 61, 135)
(116, 61, 117, 62)
(159, 62, 160, 63)
(63, 142, 64, 143)
(141, 64, 142, 65)
(65, 140, 66, 141)
(66, 144, 67, 143)
(155, 145, 156, 144)
(147, 155, 148, 154)
(69, 148, 70, 149)
(70, 87, 71, 88)
(56, 72, 57, 71)
(10, 55, 11, 56)
(54, 9, 55, 10)
(1, 9, 2, 8)
(7, 3, 8, 2)
(6, 0, 7, 187)
(5, 14, 6, 15)
(76, 15, 77, 16)
(22, 77, 23, 78)
(80, 23, 81, 24)
(24, 81, 25, 82)
(82, 25, 83, 26)
(26, 17, 27, 18)
(16, 29, 17, 30)
(111, 31, 112, 30)
(110, 37, 111, 38)
(38, 42, 39, 41)
(125, 42, 126, 43)
(43, 126, 44, 127)
(129, 133, 130, 132)
(133, 131, 134, 130)
(104, 39, 105, 40)
(32, 106, 33, 105)
(90, 31, 91, 32)
(89, 58, 90, 59)
(88, 113, 89, 114)
(114, 151, 115, 152)
(150, 115, 151, 116)
(152, 150, 153, 149)
(68, 154, 69, 153)
(158, 68, 159, 67)
(157, 147, 158, 146)
(145, 157, 146, 156)
(112, 58, 113, 57)
(36, 91, 37, 92)
(92, 95, 93, 96)
(99, 95, 100, 94)
(109, 100, 110, 101)
(34, 102, 35, 101)
(102, 34, 103, 33)
(40, 103, 41, 104)
(106, 36, 107, 35)
(107, 96, 108, 97)
(97, 108, 98, 109)
(93, 99, 94, 98)
(28, 21, 29, 22)
(20, 27, 21, 28)
(78, 19, 79, 20)
(18, 79, 19, 80)
(75, 73, 76, 72)
(74, 12, 75, 11)
(12, 74, 13, 73)
(13, 4, 14, 5)
(3, 0, 4, 1)
