(188, 12, 189, 11)
(101, 10, 102, 11)
(9, 100, 10, 101)
(8, 169, 9, 170)
(5, 171, 6, 170)
(173, 5, 174, 4)
(189, 175, 0, 174)
(175, 2, 176, 3)
(1, 176, 2, 177)
(177, 172, 178, 173)
(171, 178, 172, 179)
(179, 14, 180, 15)
(24, 14, 25, 13)
(12, 26, 13, 25)
(187, 26, 188, 27)
(42, 27, 43, 28)
(102, 44, 103, 43)
(44, 100, 45, 99)
(45, 46, 46, 47)
(87, 151, 88, 150)
(149, 168, 150, 169)
(7, 149, 8, 148)
(147, 7, 148, 6)
(146, 106, 147, 105)
(139, 104, 140, 105)
(138, 129, 139, 130)
(130, 181, 131, 182)
(15, 180, 16, 181)
(131, 16, 132, 17)
(183, 132, 184, 133)
(119, 185, 120, 184)
(185, 119, 186, 118)
(186, 24, 187, 23)
(117, 22, 118, 23)
(21, 116, 22, 117)
(121, 21, 122, 20)
(122, 127, 123, 128)
(126, 39, 127, 40)
(40, 29, 41, 30)
(28, 41, 29, 42)
(33, 31, 34, 30)
(32, 37, 33, 38)
(123, 39, 124, 38)
(124, 35, 125, 36)
(34, 125, 35, 126)
(36, 31, 37, 32)
(128, 109, 129, 110)
(103, 108, 104, 109)
(142, 108, 143, 107)
(106, 144, 107, 143)
(144, 141, 145, 142)
(140, 145, 141, 146)
(137, 110, 138, 111)
(111, 18, 112, 19)
(17, 183, 18, 182)
(133, 113, 134, 112)
(113, 135, 114, 134)
(135, 115, 136, 114)
(120, 116, 121, 115)
(19, 136, 20, 137)
(86, 167, 87, 168)
(85, 53, 86, 52)
(96, 52, 97, 51)
(94, 98, 95, 97)
(98, 94, 99, 93)
(92, 48, 93, 47)
(48, 92, 49, 91)
(90, 50, 91, 49)
(57, 88, 58, 89)
(58, 55, 59, 56)
(54, 84, 55, 83)
(69, 79, 70, 78)
(156, 163, 157, 164)
(162, 154, 163, 153)
(152, 159, 153, 160)
(160, 151, 161, 152)
(158, 162, 159, 161)
(154, 158, 155, 157)
(164, 155, 165, 156)
(62, 165, 63, 166)
(166, 63, 167, 64)
(64, 61, 65, 62)
(60, 54, 61, 53)
(59, 84, 60, 85)
(65, 83, 66, 82)
(81, 67, 82, 66)
(67, 81, 68, 80)
(79, 69, 80, 68)
(77, 70, 78, 71)
(75, 76, 76, 77)
(74, 72, 75, 71)
(72, 73, 73, 74)
(89, 56, 90, 57)
(50, 96, 51, 95)
(3, 1, 4, 0)
