(60, 68, 61, 67)
(69, 66, 70, 67)
(68, 62, 69, 61)
(71, 63, 72, 62)
(70, 59, 71, 60)
(58, 188, 59, 187)
(186, 46, 187, 45)
(44, 65, 45, 66)
(64, 43, 65, 44)
(63, 73, 64, 72)
(73, 80, 74, 81)
(2, 79, 3, 80)
(1, 16, 2, 17)
(189, 189, 0, 188)
(57, 18, 58, 19)
(19, 56, 20, 57)
(55, 20, 56, 21)
(21, 133, 22, 132)
(178, 134, 179, 133)
(134, 178, 135, 177)
(184, 135, 185, 136)
(46, 186, 47, 185)
(47, 43, 48, 42)
(129, 49, 130, 48)
(107, 128, 108, 129)
(106, 126, 107, 125)
(124, 8, 125, 7)
(81, 6, 82, 7)
(5, 75, 6, 74)
(4, 90, 5, 89)
(88, 4, 89, 3)
(87, 78, 88, 79)
(91, 87, 92, 86)
(15, 92, 16, 93)
(54, 50, 55, 49)
(94, 54, 95, 53)
(98, 95, 99, 96)
(99, 108, 100, 109)
(100, 112, 101, 111)
(103, 112, 104, 113)
(104, 128, 105, 127)
(126, 106, 127, 105)
(113, 118, 114, 119)
(8, 117, 9, 118)
(121, 117, 122, 116)
(83, 123, 84, 122)
(123, 83, 124, 82)
(11, 84, 12, 85)
(75, 13, 76, 12)
(13, 77, 14, 76)
(77, 90, 78, 91)
(85, 14, 86, 15)
(115, 10, 116, 11)
(50, 94, 51, 93)
(51, 97, 52, 96)
(97, 53, 98, 52)
(119, 114, 120, 115)
(9, 121, 10, 120)
(102, 110, 103, 109)
(110, 102, 111, 101)
(27, 130, 28, 131)
(131, 28, 132, 29)
(29, 25, 30, 24)
(22, 26, 23, 25)
(31, 26, 32, 27)
(32, 179, 33, 180)
(180, 33, 181, 34)
(181, 162, 182, 163)
(164, 162, 165, 161)
(160, 166, 161, 165)
(159, 176, 160, 177)
(158, 142, 159, 141)
(183, 141, 184, 140)
(38, 140, 39, 139)
(39, 136, 40, 137)
(35, 41, 36, 40)
(41, 35, 42, 34)
(36, 138, 37, 137)
(138, 38, 139, 37)
(163, 182, 164, 183)
(174, 158, 175, 157)
(175, 166, 176, 167)
(167, 142, 168, 143)
(143, 168, 144, 169)
(149, 145, 150, 144)
(145, 149, 146, 148)
(146, 174, 147, 173)
(172, 148, 173, 147)
(171, 150, 172, 151)
(151, 157, 152, 156)
(155, 153, 156, 152)
(169, 154, 170, 155)
(153, 170, 154, 171)
(23, 31, 24, 30)
(17, 0, 18, 1)
