(19, 5, 20, 4)
(3, 151, 4, 150)
(22, 149, 23, 150)
(17, 116, 18, 117)
(5, 19, 6, 18)
(123, 6, 124, 7)
(124, 161, 125, 162)
(160, 155, 161, 156)
(156, 2, 157, 1)
(151, 3, 152, 2)
(157, 152, 158, 153)
(189, 159, 0, 158)
(125, 189, 126, 188)
(126, 176, 127, 175)
(169, 176, 170, 177)
(170, 167, 171, 168)
(181, 167, 182, 166)
(182, 132, 183, 131)
(132, 23, 133, 24)
(24, 133, 25, 134)
(25, 149, 26, 148)
(111, 26, 112, 27)
(112, 140, 113, 139)
(140, 114, 141, 113)
(21, 114, 22, 115)
(115, 20, 116, 21)
(142, 142, 143, 141)
(138, 144, 139, 143)
(137, 16, 138, 17)
(11, 136, 12, 137)
(121, 10, 122, 11)
(117, 120, 118, 121)
(8, 119, 9, 120)
(7, 122, 8, 123)
(118, 9, 119, 10)
(186, 136, 187, 135)
(162, 188, 163, 187)
(128, 164, 129, 163)
(174, 128, 175, 127)
(173, 179, 174, 178)
(177, 168, 178, 169)
(179, 173, 180, 172)
(171, 181, 172, 180)
(164, 130, 165, 129)
(130, 166, 131, 165)
(134, 184, 135, 183)
(37, 185, 38, 184)
(36, 43, 37, 44)
(44, 35, 45, 36)
(34, 109, 35, 110)
(110, 148, 111, 147)
(27, 146, 28, 147)
(46, 145, 47, 146)
(144, 45, 145, 46)
(70, 48, 71, 47)
(106, 70, 107, 69)
(100, 107, 101, 108)
(108, 101, 109, 102)
(33, 102, 34, 103)
(103, 28, 104, 29)
(104, 71, 105, 72)
(48, 106, 49, 105)
(49, 69, 50, 68)
(67, 51, 68, 50)
(83, 67, 84, 66)
(65, 85, 66, 84)
(61, 65, 62, 64)
(87, 62, 88, 63)
(99, 88, 100, 89)
(92, 89, 93, 90)
(32, 93, 33, 94)
(94, 31, 95, 32)
(30, 95, 31, 96)
(96, 29, 97, 30)
(90, 97, 91, 98)
(98, 91, 99, 92)
(63, 86, 64, 87)
(60, 85, 61, 86)
(59, 76, 60, 77)
(52, 78, 53, 77)
(72, 51, 73, 52)
(73, 79, 74, 78)
(56, 79, 57, 80)
(57, 83, 58, 82)
(75, 58, 76, 59)
(74, 54, 75, 53)
(54, 81, 55, 82)
(80, 55, 81, 56)
(12, 15, 13, 16)
(14, 41, 15, 42)
(42, 39, 43, 40)
(185, 39, 186, 38)
(40, 13, 41, 14)
(154, 159, 155, 160)
(153, 0, 154, 1)
