(188, 188, 189, 187)
(6, 0, 7, 189)
(5, 3, 6, 2)
(1, 5, 2, 4)
(114, 156, 115, 155)
(179, 155, 180, 154)
(180, 119, 181, 120)
(185, 117, 186, 116)
(115, 187, 116, 186)
(117, 185, 118, 184)
(183, 119, 184, 118)
(182, 129, 183, 130)
(135, 131, 136, 130)
(134, 131, 135, 132)
(132, 133, 133, 134)
(136, 80, 137, 79)
(80, 106, 81, 105)
(106, 7, 107, 8)
(107, 156, 108, 157)
(108, 114, 109, 113)
(26, 110, 27, 109)
(25, 32, 26, 33)
(33, 179, 34, 178)
(42, 154, 43, 153)
(43, 44, 44, 45)
(120, 50, 121, 49)
(50, 122, 51, 121)
(122, 125, 123, 126)
(128, 181, 129, 182)
(124, 127, 125, 128)
(126, 123, 127, 124)
(78, 51, 79, 52)
(52, 137, 53, 138)
(61, 18, 62, 19)
(20, 18, 21, 17)
(14, 22, 15, 21)
(100, 14, 101, 13)
(104, 101, 105, 102)
(102, 86, 103, 85)
(86, 81, 87, 82)
(8, 88, 9, 87)
(157, 89, 158, 88)
(162, 89, 163, 90)
(90, 163, 91, 164)
(164, 91, 165, 92)
(165, 25, 166, 24)
(23, 167, 24, 166)
(22, 177, 23, 178)
(99, 177, 100, 176)
(175, 99, 176, 98)
(170, 97, 171, 98)
(169, 93, 170, 92)
(173, 169, 174, 168)
(167, 175, 168, 174)
(172, 96, 173, 95)
(94, 172, 95, 171)
(96, 94, 97, 93)
(158, 162, 159, 161)
(159, 13, 160, 12)
(11, 161, 12, 160)
(83, 11, 84, 10)
(84, 104, 85, 103)
(9, 83, 10, 82)
(146, 15, 147, 16)
(147, 46, 148, 47)
(35, 36, 36, 37)
(34, 38, 35, 37)
(38, 42, 39, 41)
(39, 40, 40, 41)
(152, 46, 153, 45)
(151, 148, 152, 149)
(149, 49, 150, 48)
(47, 151, 48, 150)
(16, 145, 17, 146)
(144, 63, 145, 64)
(64, 78, 65, 77)
(65, 138, 66, 139)
(66, 142, 67, 141)
(142, 53, 143, 54)
(143, 61, 144, 60)
(72, 59, 73, 60)
(71, 74, 72, 75)
(75, 70, 76, 71)
(69, 76, 70, 77)
(68, 58, 69, 57)
(139, 56, 140, 57)
(55, 140, 56, 141)
(54, 68, 55, 67)
(58, 73, 59, 74)
(19, 62, 20, 63)
(31, 29, 32, 28)
(112, 28, 113, 27)
(30, 111, 31, 112)
(110, 29, 111, 30)
(3, 1, 4, 0)
