(50, 37, 51, 38)
(60, 50, 61, 49)
(58, 62, 59, 61)
(57, 47, 58, 46)
(38, 45, 39, 46)
(41, 44, 42, 45)
(51, 40, 52, 41)
(56, 40, 57, 39)
(55, 52, 56, 53)
(53, 42, 54, 43)
(43, 54, 44, 55)
(47, 37, 48, 36)
(48, 60, 49, 59)
(63, 92, 64, 93)
(64, 143, 65, 144)
(142, 153, 143, 154)
(154, 180, 155, 179)
(180, 156, 181, 155)
(35, 34, 36, 35)
(91, 62, 92, 63)
(90, 137, 91, 138)
(85, 138, 86, 139)
(86, 145, 87, 146)
(144, 94, 145, 93)
(94, 114, 95, 113)
(99, 114, 100, 115)
(119, 100, 120, 101)
(117, 121, 118, 120)
(116, 103, 117, 104)
(123, 104, 124, 105)
(124, 65, 125, 66)
(150, 125, 151, 126)
(126, 151, 127, 152)
(152, 127, 153, 128)
(141, 128, 142, 129)
(74, 129, 75, 130)
(176, 184, 177, 183)
(182, 178, 183, 177)
(178, 182, 179, 181)
(16, 175, 17, 176)
(20, 15, 21, 16)
(14, 19, 15, 20)
(13, 32, 14, 33)
(156, 34, 157, 33)
(157, 187, 158, 186)
(187, 4, 188, 5)
(132, 4, 133, 3)
(133, 82, 134, 83)
(81, 78, 82, 79)
(79, 137, 80, 136)
(135, 81, 136, 80)
(77, 134, 78, 135)
(83, 77, 84, 76)
(84, 90, 85, 89)
(88, 140, 89, 139)
(146, 87, 147, 88)
(147, 72, 148, 73)
(71, 148, 72, 149)
(149, 70, 150, 71)
(112, 70, 113, 69)
(68, 112, 69, 111)
(110, 68, 111, 67)
(66, 110, 67, 109)
(95, 108, 96, 109)
(107, 96, 108, 97)
(97, 106, 98, 107)
(105, 98, 106, 99)
(115, 122, 116, 123)
(121, 103, 122, 102)
(101, 118, 102, 119)
(140, 73, 141, 74)
(130, 75, 131, 76)
(2, 132, 3, 131)
(1, 165, 2, 164)
(163, 166, 164, 167)
(167, 162, 168, 163)
(161, 168, 162, 169)
(184, 170, 185, 169)
(170, 17, 171, 18)
(174, 171, 175, 172)
(25, 173, 26, 172)
(27, 25, 28, 24)
(23, 29, 24, 28)
(29, 23, 30, 22)
(21, 31, 22, 30)
(18, 31, 19, 32)
(173, 27, 174, 26)
(185, 13, 186, 12)
(8, 12, 9, 11)
(9, 158, 10, 159)
(159, 10, 160, 11)
(160, 7, 161, 8)
(189, 6, 0, 7)
(5, 188, 6, 189)
(165, 1, 166, 0)
