(17, 98, 18, 99)
(16, 13, 17, 14)
(15, 15, 16, 14)
(99, 100, 100, 101)
(96, 102, 97, 101)
(102, 96, 103, 95)
(103, 106, 104, 107)
(105, 112, 106, 113)
(113, 18, 114, 19)
(114, 117, 115, 118)
(191, 116, 0, 117)
(1, 191, 2, 190)
(2, 187, 3, 188)
(186, 3, 187, 4)
(4, 87, 5, 88)
(86, 89, 87, 90)
(90, 12, 91, 11)
(12, 98, 13, 97)
(94, 91, 95, 92)
(92, 75, 93, 76)
(74, 77, 75, 78)
(107, 79, 108, 78)
(79, 109, 80, 108)
(109, 41, 110, 40)
(41, 111, 42, 110)
(111, 104, 112, 105)
(19, 43, 20, 42)
(130, 43, 131, 44)
(131, 128, 132, 129)
(182, 128, 183, 127)
(120, 184, 121, 183)
(119, 188, 120, 189)
(189, 118, 190, 119)
(177, 185, 178, 184)
(185, 177, 186, 176)
(175, 160, 176, 161)
(161, 158, 162, 159)
(172, 157, 173, 158)
(156, 171, 157, 172)
(170, 155, 171, 156)
(146, 170, 147, 169)
(168, 148, 169, 147)
(167, 48, 168, 49)
(49, 83, 50, 82)
(83, 71, 84, 70)
(71, 85, 72, 84)
(6, 86, 7, 85)
(88, 5, 89, 6)
(7, 11, 8, 10)
(73, 8, 74, 9)
(9, 72, 10, 73)
(80, 69, 81, 70)
(29, 68, 30, 69)
(28, 39, 29, 40)
(22, 27, 23, 28)
(60, 22, 61, 21)
(20, 62, 21, 61)
(31, 63, 32, 62)
(30, 52, 31, 51)
(81, 51, 82, 50)
(63, 52, 64, 53)
(67, 64, 68, 65)
(36, 65, 37, 66)
(37, 34, 38, 35)
(33, 38, 34, 39)
(53, 33, 54, 32)
(54, 59, 55, 60)
(58, 24, 59, 23)
(24, 58, 25, 57)
(56, 26, 57, 25)
(26, 56, 27, 55)
(66, 35, 67, 36)
(47, 166, 48, 167)
(135, 47, 136, 46)
(45, 137, 46, 136)
(44, 129, 45, 130)
(137, 132, 138, 133)
(163, 139, 164, 138)
(162, 173, 163, 174)
(159, 174, 160, 175)
(148, 139, 149, 140)
(149, 145, 150, 144)
(145, 155, 146, 154)
(140, 153, 141, 154)
(143, 153, 144, 152)
(151, 143, 152, 142)
(141, 151, 142, 150)
(164, 134, 165, 133)
(134, 166, 135, 165)
(178, 123, 179, 124)
(125, 123, 126, 122)
(126, 182, 127, 181)
(180, 122, 181, 121)
(124, 179, 125, 180)
(76, 93, 77, 94)
(115, 0, 116, 1)
