(6, 147, 7, 148)
(5, 144, 6, 145)
(145, 148, 146, 149)
(146, 7, 147, 8)
(143, 8, 144, 9)
(9, 13, 10, 12)
(13, 99, 14, 98)
(99, 96, 100, 97)
(16, 96, 17, 95)
(17, 90, 18, 91)
(89, 4, 90, 5)
(88, 86, 89, 85)
(84, 150, 85, 149)
(83, 142, 84, 143)
(141, 82, 142, 83)
(140, 59, 141, 60)
(60, 107, 61, 108)
(106, 135, 107, 136)
(55, 137, 56, 136)
(51, 55, 52, 54)
(11, 52, 12, 53)
(53, 10, 54, 11)
(103, 50, 104, 51)
(102, 93, 103, 94)
(94, 101, 95, 102)
(15, 100, 16, 101)
(97, 15, 98, 14)
(21, 92, 22, 93)
(91, 20, 92, 21)
(44, 19, 45, 20)
(18, 43, 19, 44)
(42, 39, 43, 40)
(191, 41, 0, 40)
(190, 1, 191, 2)
(2, 87, 3, 88)
(86, 3, 87, 4)
(189, 183, 190, 182)
(160, 181, 161, 182)
(166, 160, 167, 159)
(169, 170, 170, 171)
(150, 172, 151, 171)
(81, 172, 82, 173)
(173, 80, 174, 81)
(138, 80, 139, 79)
(58, 139, 59, 140)
(78, 57, 79, 58)
(116, 77, 117, 78)
(115, 118, 116, 119)
(124, 119, 125, 120)
(125, 133, 126, 132)
(108, 134, 109, 133)
(134, 61, 135, 62)
(109, 62, 110, 63)
(110, 76, 111, 75)
(76, 117, 77, 118)
(111, 68, 112, 69)
(114, 68, 115, 67)
(66, 114, 67, 113)
(112, 66, 113, 65)
(64, 129, 65, 130)
(130, 121, 131, 122)
(120, 123, 121, 124)
(122, 131, 123, 132)
(63, 127, 64, 126)
(72, 127, 73, 128)
(70, 74, 71, 73)
(74, 70, 75, 69)
(128, 71, 129, 72)
(56, 105, 57, 106)
(137, 104, 138, 105)
(161, 175, 162, 174)
(156, 175, 157, 176)
(176, 157, 177, 158)
(180, 177, 181, 178)
(178, 166, 179, 165)
(164, 180, 165, 179)
(163, 158, 164, 159)
(162, 156, 163, 155)
(154, 151, 155, 152)
(167, 153, 168, 152)
(153, 169, 154, 168)
(31, 189, 32, 188)
(23, 33, 24, 32)
(22, 49, 23, 50)
(33, 49, 34, 48)
(45, 35, 46, 34)
(26, 35, 27, 36)
(38, 27, 39, 28)
(183, 29, 184, 28)
(29, 187, 30, 186)
(187, 31, 188, 30)
(36, 185, 37, 186)
(184, 37, 185, 38)
(25, 46, 26, 47)
(47, 24, 48, 25)
(41, 1, 42, 0)
