(55, 46, 56, 47)
(51, 54, 52, 55)
(50, 142, 51, 141)
(140, 50, 141, 49)
(145, 49, 146, 48)
(47, 147, 48, 146)
(147, 162, 148, 163)
(161, 80, 162, 81)
(130, 81, 131, 82)
(131, 64, 132, 65)
(38, 64, 39, 63)
(62, 40, 63, 39)
(44, 62, 45, 61)
(45, 56, 46, 57)
(70, 57, 71, 58)
(71, 139, 72, 138)
(139, 144, 140, 145)
(143, 53, 144, 52)
(53, 143, 54, 142)
(72, 163, 73, 164)
(73, 148, 74, 149)
(157, 74, 158, 75)
(79, 158, 80, 159)
(159, 78, 160, 79)
(77, 160, 78, 161)
(76, 174, 77, 173)
(177, 173, 178, 172)
(183, 181, 184, 180)
(87, 183, 88, 182)
(88, 83, 89, 84)
(82, 129, 83, 130)
(35, 129, 36, 128)
(36, 133, 37, 134)
(65, 132, 66, 133)
(37, 66, 38, 67)
(42, 67, 43, 68)
(40, 44, 41, 43)
(68, 41, 69, 42)
(60, 69, 61, 70)
(59, 136, 60, 137)
(137, 58, 138, 59)
(135, 155, 136, 154)
(153, 165, 154, 164)
(165, 153, 166, 152)
(151, 167, 152, 166)
(167, 151, 168, 150)
(149, 169, 150, 168)
(169, 157, 170, 156)
(175, 171, 176, 170)
(174, 76, 175, 75)
(171, 177, 172, 176)
(155, 135, 156, 134)
(12, 13, 13, 14)
(185, 94, 186, 95)
(95, 184, 96, 185)
(178, 179, 179, 180)
(92, 89, 93, 90)
(85, 90, 86, 91)
(181, 87, 182, 86)
(91, 84, 92, 85)
(15, 34, 16, 35)
(127, 15, 128, 14)
(121, 126, 122, 127)
(120, 29, 121, 30)
(30, 22, 31, 21)
(113, 23, 114, 22)
(112, 1, 113, 2)
(2, 6, 3, 5)
(6, 105, 7, 106)
(104, 7, 105, 8)
(8, 103, 9, 104)
(99, 103, 100, 102)
(100, 101, 101, 102)
(9, 99, 10, 98)
(10, 188, 11, 187)
(188, 12, 189, 11)
(96, 93, 97, 94)
(115, 25, 116, 24)
(25, 16, 26, 17)
(33, 26, 34, 27)
(27, 125, 28, 124)
(125, 122, 126, 123)
(123, 29, 124, 28)
(18, 120, 19, 119)
(118, 20, 119, 19)
(20, 118, 21, 117)
(116, 32, 117, 31)
(32, 17, 33, 18)
(23, 115, 24, 114)
(110, 4, 111, 3)
(4, 112, 5, 111)
(106, 109, 107, 110)
(190, 97, 191, 98)
(189, 186, 190, 187)
(191, 108, 0, 109)
(107, 0, 108, 1)
