(140, 46, 141, 45)
(44, 140, 45, 139)
(138, 44, 139, 43)
(42, 142, 43, 141)
(48, 41, 49, 42)
(47, 91, 48, 90)
(89, 47, 90, 46)
(88, 137, 89, 138)
(87, 85, 88, 84)
(83, 78, 84, 79)
(79, 82, 80, 83)
(80, 82, 81, 81)
(76, 72, 77, 71)
(70, 78, 71, 77)
(49, 153, 50, 152)
(153, 41, 154, 40)
(111, 154, 112, 155)
(101, 113, 102, 112)
(100, 126, 101, 125)
(127, 125, 128, 124)
(91, 129, 92, 128)
(135, 86, 136, 87)
(85, 136, 86, 137)
(72, 75, 73, 76)
(73, 75, 74, 74)
(178, 65, 179, 66)
(69, 66, 70, 67)
(148, 67, 149, 68)
(142, 150, 143, 149)
(150, 144, 151, 143)
(144, 152, 145, 151)
(159, 110, 160, 111)
(158, 108, 159, 107)
(106, 158, 107, 157)
(103, 157, 104, 156)
(155, 105, 156, 104)
(105, 102, 106, 103)
(108, 119, 109, 120)
(113, 118, 114, 119)
(126, 100, 127, 99)
(115, 99, 116, 98)
(97, 117, 98, 116)
(123, 97, 124, 96)
(95, 93, 96, 92)
(94, 122, 95, 121)
(120, 109, 121, 110)
(122, 94, 123, 93)
(117, 114, 118, 115)
(29, 161, 30, 160)
(161, 29, 162, 28)
(134, 129, 135, 130)
(130, 179, 131, 180)
(180, 131, 181, 132)
(174, 181, 175, 182)
(175, 65, 176, 64)
(68, 147, 69, 148)
(145, 146, 146, 147)
(33, 52, 34, 53)
(39, 34, 40, 35)
(35, 38, 36, 39)
(37, 31, 38, 30)
(31, 37, 32, 36)
(53, 32, 54, 33)
(54, 24, 55, 23)
(24, 19, 25, 20)
(18, 15, 19, 16)
(16, 28, 17, 27)
(26, 18, 27, 17)
(14, 25, 15, 26)
(13, 169, 14, 168)
(167, 190, 168, 191)
(191, 162, 0, 163)
(133, 2, 134, 3)
(3, 132, 4, 133)
(173, 4, 174, 5)
(186, 5, 187, 6)
(182, 188, 183, 187)
(176, 59, 177, 60)
(58, 177, 59, 178)
(51, 50, 52, 51)
(57, 60, 58, 61)
(22, 61, 23, 62)
(62, 21, 63, 22)
(55, 20, 56, 21)
(63, 56, 64, 57)
(188, 169, 189, 170)
(12, 189, 13, 190)
(170, 12, 171, 11)
(8, 172, 9, 171)
(172, 8, 173, 7)
(6, 185, 7, 186)
(9, 185, 10, 184)
(183, 11, 184, 10)
(1, 165, 2, 164)
(166, 164, 167, 163)
(165, 1, 166, 0)
