(124, 123, 125, 124)
(122, 125, 123, 126)
(126, 121, 127, 122)
(13, 14, 14, 15)
(12, 11, 13, 12)
(55, 11, 56, 10)
(61, 56, 62, 57)
(62, 116, 63, 115)
(127, 117, 128, 116)
(117, 131, 118, 130)
(131, 121, 132, 120)
(183, 6, 184, 7)
(177, 183, 178, 182)
(181, 179, 182, 178)
(143, 181, 144, 180)
(144, 32, 145, 31)
(161, 32, 162, 33)
(15, 163, 16, 162)
(169, 55, 170, 54)
(53, 171, 54, 170)
(175, 53, 176, 52)
(176, 141, 177, 142)
(140, 84, 141, 83)
(82, 9, 83, 10)
(60, 82, 61, 81)
(57, 80, 58, 81)
(74, 79, 75, 80)
(73, 101, 74, 100)
(99, 108, 100, 109)
(112, 110, 113, 109)
(111, 65, 112, 64)
(114, 64, 115, 63)
(113, 66, 114, 67)
(67, 96, 68, 97)
(95, 86, 96, 87)
(119, 129, 120, 128)
(129, 119, 130, 118)
(136, 88, 137, 87)
(92, 136, 93, 135)
(132, 94, 133, 93)
(137, 94, 138, 95)
(7, 139, 8, 138)
(84, 140, 85, 139)
(8, 85, 9, 86)
(133, 91, 134, 90)
(91, 88, 92, 89)
(89, 135, 90, 134)
(59, 68, 60, 69)
(69, 58, 70, 59)
(70, 75, 71, 76)
(76, 71, 77, 72)
(77, 103, 78, 102)
(103, 79, 104, 78)
(101, 105, 102, 104)
(72, 105, 73, 106)
(97, 106, 98, 107)
(107, 98, 108, 99)
(65, 111, 66, 110)
(179, 143, 180, 142)
(42, 51, 43, 52)
(41, 44, 42, 45)
(45, 40, 46, 41)
(30, 40, 31, 39)
(38, 30, 39, 29)
(28, 38, 29, 37)
(145, 36, 146, 37)
(18, 35, 19, 36)
(34, 17, 35, 18)
(33, 160, 34, 161)
(16, 159, 17, 160)
(158, 23, 159, 24)
(25, 24, 26, 25)
(47, 27, 48, 26)
(49, 47, 50, 46)
(50, 43, 51, 44)
(27, 49, 28, 48)
(157, 154, 158, 155)
(146, 156, 147, 155)
(156, 148, 157, 147)
(148, 19, 149, 20)
(22, 149, 23, 150)
(150, 154, 151, 153)
(151, 20, 152, 21)
(21, 152, 22, 153)
(174, 164, 175, 163)
(168, 174, 169, 173)
(172, 165, 173, 166)
(166, 171, 167, 172)
(167, 164, 168, 165)
(186, 5, 187, 6)
(4, 185, 5, 186)
(190, 4, 191, 3)
(2, 0, 3, 191)
(1, 189, 2, 188)
(187, 185, 188, 184)
(189, 1, 190, 0)
