(140, 158, 141, 157)
(158, 140, 159, 139)
(159, 188, 160, 189)
(172, 187, 173, 188)
(171, 82, 172, 83)
(98, 84, 99, 83)
(90, 97, 91, 98)
(89, 156, 90, 157)
(141, 88, 142, 89)
(87, 142, 88, 143)
(154, 144, 155, 143)
(134, 154, 135, 153)
(8, 136, 9, 135)
(136, 8, 137, 7)
(190, 138, 191, 137)
(138, 190, 139, 189)
(191, 6, 192, 7)
(178, 6, 179, 5)
(174, 180, 175, 179)
(160, 173, 161, 174)
(180, 161, 181, 162)
(181, 185, 182, 184)
(185, 81, 186, 80)
(81, 187, 82, 186)
(79, 166, 80, 167)
(167, 78, 168, 79)
(77, 168, 78, 169)
(169, 76, 170, 77)
(75, 170, 76, 171)
(193, 74, 0, 75)
(69, 192, 70, 193)
(17, 69, 18, 68)
(149, 19, 150, 18)
(148, 131, 149, 132)
(132, 147, 133, 148)
(146, 100, 147, 99)
(100, 146, 101, 145)
(94, 101, 95, 102)
(95, 92, 96, 93)
(84, 91, 85, 92)
(96, 85, 97, 86)
(86, 156, 87, 155)
(102, 93, 103, 94)
(103, 144, 104, 145)
(133, 104, 134, 105)
(105, 153, 106, 152)
(106, 129, 107, 130)
(128, 65, 129, 66)
(66, 9, 67, 10)
(67, 17, 68, 16)
(15, 21, 16, 20)
(19, 151, 20, 150)
(130, 151, 131, 152)
(14, 122, 15, 121)
(120, 25, 121, 26)
(26, 119, 27, 120)
(37, 119, 38, 118)
(38, 107, 39, 108)
(64, 39, 65, 40)
(40, 43, 41, 44)
(23, 42, 24, 43)
(11, 22, 12, 23)
(10, 127, 11, 128)
(21, 126, 22, 127)
(122, 125, 123, 126)
(13, 125, 14, 124)
(123, 13, 124, 12)
(41, 24, 42, 25)
(44, 47, 45, 48)
(46, 28, 47, 27)
(28, 46, 29, 45)
(117, 109, 118, 108)
(60, 64, 61, 63)
(61, 55, 62, 54)
(55, 50, 56, 51)
(49, 56, 50, 57)
(57, 48, 58, 49)
(51, 58, 52, 59)
(59, 52, 60, 53)
(53, 63, 54, 62)
(116, 30, 117, 29)
(115, 36, 116, 37)
(114, 110, 115, 109)
(113, 31, 114, 30)
(112, 34, 113, 33)
(32, 35, 33, 36)
(31, 111, 32, 110)
(34, 112, 35, 111)
(70, 178, 71, 177)
(176, 72, 177, 71)
(175, 4, 176, 5)
(164, 3, 165, 4)
(163, 182, 164, 183)
(183, 162, 184, 163)
(2, 165, 3, 166)
(1, 72, 2, 73)
(73, 0, 74, 1)
