(69, 99, 70, 98)
(97, 71, 98, 70)
(96, 93, 97, 94)
(94, 105, 95, 106)
(104, 87, 105, 88)
(88, 103, 89, 104)
(183, 103, 184, 102)
(184, 146, 185, 145)
(146, 99, 147, 100)
(147, 63, 148, 62)
(63, 4, 64, 5)
(3, 68, 4, 69)
(193, 64, 0, 65)
(190, 158, 191, 157)
(163, 158, 164, 159)
(164, 172, 165, 171)
(172, 117, 173, 118)
(113, 116, 114, 117)
(112, 74, 113, 73)
(91, 73, 92, 72)
(71, 93, 72, 92)
(107, 90, 108, 91)
(106, 95, 107, 96)
(89, 86, 90, 87)
(85, 182, 86, 183)
(81, 84, 82, 85)
(80, 132, 81, 131)
(130, 45, 131, 46)
(23, 46, 24, 47)
(24, 144, 25, 143)
(144, 102, 145, 101)
(100, 186, 101, 185)
(61, 186, 62, 187)
(187, 10, 188, 11)
(148, 9, 149, 10)
(8, 149, 9, 150)
(5, 151, 6, 150)
(151, 7, 152, 6)
(7, 153, 8, 152)
(153, 189, 154, 188)
(189, 193, 190, 192)
(156, 192, 157, 191)
(155, 166, 156, 167)
(162, 167, 163, 168)
(168, 159, 169, 160)
(160, 169, 161, 170)
(170, 161, 171, 162)
(165, 154, 166, 155)
(11, 118, 12, 119)
(12, 19, 13, 20)
(18, 13, 19, 14)
(14, 124, 15, 123)
(124, 32, 125, 31)
(175, 33, 176, 32)
(174, 116, 175, 115)
(114, 174, 115, 173)
(33, 76, 34, 77)
(110, 76, 111, 75)
(74, 112, 75, 111)
(109, 34, 110, 35)
(35, 108, 36, 109)
(41, 37, 42, 36)
(37, 41, 38, 40)
(181, 38, 182, 39)
(39, 180, 40, 181)
(179, 83, 180, 82)
(83, 179, 84, 178)
(177, 42, 178, 43)
(132, 44, 133, 43)
(79, 44, 80, 45)
(133, 79, 134, 78)
(134, 126, 135, 125)
(129, 126, 130, 127)
(127, 28, 128, 29)
(22, 28, 23, 27)
(26, 137, 27, 138)
(138, 53, 139, 54)
(52, 139, 53, 140)
(47, 141, 48, 140)
(58, 142, 59, 141)
(142, 58, 143, 57)
(59, 57, 60, 56)
(25, 61, 26, 60)
(55, 55, 56, 54)
(50, 49, 51, 50)
(51, 49, 52, 48)
(21, 136, 22, 137)
(20, 120, 21, 119)
(120, 16, 121, 15)
(16, 122, 17, 121)
(122, 18, 123, 17)
(30, 136, 31, 135)
(29, 128, 30, 129)
(77, 177, 78, 176)
(67, 2, 68, 3)
(1, 66, 2, 67)
(65, 0, 66, 1)
