(46, 151, 47, 152)
(160, 45, 161, 46)
(8, 159, 9, 160)
(7, 153, 8, 152)
(19, 7, 20, 6)
(5, 21, 6, 20)
(4, 15, 5, 16)
(16, 193, 17, 0)
(83, 176, 84, 177)
(84, 87, 85, 88)
(86, 63, 87, 64)
(64, 68, 65, 67)
(68, 47, 69, 48)
(48, 69, 49, 70)
(76, 49, 77, 50)
(77, 191, 78, 190)
(191, 151, 192, 150)
(192, 161, 193, 162)
(173, 175, 174, 174)
(175, 173, 176, 172)
(81, 170, 82, 171)
(169, 80, 170, 81)
(89, 168, 90, 169)
(177, 88, 178, 89)
(73, 179, 74, 178)
(61, 73, 62, 72)
(62, 85, 63, 86)
(66, 72, 67, 71)
(70, 66, 71, 65)
(60, 179, 61, 180)
(57, 181, 58, 180)
(56, 54, 57, 53)
(52, 75, 53, 76)
(166, 51, 167, 52)
(50, 165, 51, 166)
(187, 165, 188, 164)
(188, 139, 189, 140)
(138, 189, 139, 190)
(137, 148, 138, 149)
(149, 78, 150, 79)
(79, 162, 80, 163)
(163, 90, 164, 91)
(91, 136, 92, 137)
(116, 135, 117, 136)
(120, 116, 121, 115)
(128, 122, 129, 121)
(146, 127, 147, 128)
(145, 142, 146, 143)
(124, 144, 125, 143)
(140, 123, 141, 124)
(147, 123, 148, 122)
(141, 127, 142, 126)
(144, 126, 145, 125)
(129, 109, 130, 108)
(106, 110, 107, 109)
(112, 105, 113, 106)
(93, 92, 94, 93)
(97, 95, 98, 94)
(99, 97, 100, 96)
(117, 101, 118, 100)
(134, 101, 135, 102)
(119, 102, 120, 103)
(103, 132, 104, 133)
(131, 114, 132, 115)
(107, 131, 108, 130)
(113, 111, 114, 110)
(104, 111, 105, 112)
(95, 99, 96, 98)
(118, 134, 119, 133)
(167, 187, 168, 186)
(185, 75, 186, 74)
(184, 56, 185, 55)
(54, 184, 55, 183)
(59, 183, 60, 182)
(181, 59, 182, 58)
(171, 82, 172, 83)
(17, 12, 18, 13)
(11, 44, 12, 45)
(10, 30, 11, 29)
(28, 10, 29, 9)
(27, 158, 28, 159)
(157, 26, 158, 27)
(153, 156, 154, 157)
(155, 35, 156, 34)
(33, 38, 34, 39)
(42, 39, 43, 40)
(22, 44, 23, 43)
(18, 22, 19, 21)
(23, 30, 24, 31)
(24, 37, 25, 38)
(36, 25, 37, 26)
(35, 155, 36, 154)
(31, 41, 32, 40)
(41, 33, 42, 32)
(13, 2, 14, 3)
(1, 14, 2, 15)
(3, 1, 4, 0)
