(53, 67, 54, 66)
(65, 53, 66, 52)
(67, 55, 68, 54)
(64, 55, 65, 56)
(72, 51, 73, 52)
(50, 71, 51, 72)
(70, 49, 71, 50)
(69, 189, 70, 188)
(187, 69, 188, 68)
(58, 64, 59, 63)
(62, 60, 63, 59)
(56, 106, 57, 105)
(127, 106, 128, 107)
(85, 128, 86, 129)
(80, 130, 81, 129)
(90, 79, 91, 80)
(78, 89, 79, 90)
(100, 77, 101, 78)
(76, 99, 77, 100)
(86, 75, 87, 76)
(102, 87, 103, 88)
(186, 103, 187, 104)
(104, 58, 105, 57)
(124, 185, 125, 186)
(126, 124, 127, 123)
(109, 123, 110, 122)
(121, 111, 122, 110)
(120, 108, 121, 107)
(119, 83, 120, 82)
(81, 84, 82, 85)
(83, 119, 84, 118)
(170, 118, 171, 117)
(175, 145, 176, 144)
(145, 130, 146, 131)
(96, 91, 97, 92)
(97, 89, 98, 88)
(101, 99, 102, 98)
(92, 166, 93, 165)
(166, 184, 167, 183)
(184, 125, 185, 126)
(167, 169, 168, 168)
(112, 170, 113, 169)
(111, 108, 112, 109)
(113, 115, 114, 114)
(115, 173, 116, 172)
(173, 117, 174, 116)
(171, 175, 172, 174)
(93, 183, 94, 182)
(163, 95, 164, 94)
(162, 178, 163, 177)
(143, 177, 144, 176)
(142, 159, 143, 160)
(160, 157, 161, 158)
(133, 156, 134, 157)
(155, 132, 156, 133)
(131, 154, 132, 155)
(134, 154, 135, 153)
(152, 136, 153, 135)
(138, 151, 139, 152)
(150, 137, 151, 138)
(149, 147, 150, 146)
(148, 179, 149, 180)
(95, 180, 96, 181)
(181, 165, 182, 164)
(178, 147, 179, 148)
(136, 139, 137, 140)
(140, 162, 141, 161)
(158, 141, 159, 142)
(61, 60, 62, 61)
(189, 75, 190, 74)
(73, 191, 74, 190)
(30, 8, 31, 7)
(48, 30, 49, 29)
(9, 28, 10, 29)
(33, 8, 34, 9)
(31, 33, 32, 32)
(34, 16, 35, 15)
(16, 13, 17, 14)
(12, 45, 13, 46)
(46, 11, 47, 12)
(10, 47, 11, 48)
(25, 45, 26, 44)
(26, 37, 27, 38)
(36, 27, 37, 28)
(14, 36, 15, 35)
(38, 24, 39, 23)
(17, 25, 18, 24)
(43, 18, 44, 19)
(19, 42, 20, 43)
(22, 42, 23, 41)
(40, 22, 41, 21)
(20, 40, 21, 39)
(193, 6, 0, 7)
(1, 193, 2, 192)
(191, 3, 192, 2)
(4, 4, 5, 3)
(5, 0, 6, 1)
