(128, 5, 129, 6)
(4, 129, 5, 130)
(130, 3, 131, 4)
(2, 131, 3, 132)
(132, 46, 133, 45)
(193, 47, 194, 46)
(47, 193, 48, 192)
(48, 51, 49, 52)
(50, 127, 51, 128)
(126, 49, 127, 50)
(118, 126, 119, 125)
(32, 119, 33, 120)
(160, 34, 161, 33)
(34, 160, 35, 159)
(170, 35, 171, 36)
(171, 6, 172, 7)
(172, 40, 173, 39)
(1, 40, 2, 41)
(44, 41, 45, 42)
(195, 43, 0, 42)
(133, 194, 134, 195)
(134, 174, 135, 173)
(9, 174, 10, 175)
(10, 192, 11, 191)
(11, 162, 12, 163)
(161, 20, 162, 21)
(116, 21, 117, 22)
(117, 52, 118, 53)
(68, 54, 69, 53)
(67, 24, 68, 25)
(25, 115, 26, 114)
(115, 29, 116, 28)
(124, 29, 125, 30)
(30, 121, 31, 122)
(120, 31, 121, 32)
(122, 124, 123, 123)
(27, 71, 28, 70)
(69, 23, 70, 22)
(54, 24, 55, 23)
(55, 60, 56, 61)
(108, 59, 109, 60)
(96, 108, 97, 107)
(97, 100, 98, 101)
(66, 100, 67, 99)
(98, 66, 99, 65)
(64, 74, 65, 73)
(72, 113, 73, 114)
(71, 27, 72, 26)
(63, 112, 64, 113)
(57, 62, 58, 63)
(61, 56, 62, 57)
(58, 109, 59, 110)
(110, 78, 111, 77)
(78, 75, 79, 76)
(74, 79, 75, 80)
(80, 104, 81, 103)
(104, 82, 105, 81)
(82, 88, 83, 87)
(95, 88, 96, 89)
(106, 89, 107, 90)
(90, 105, 91, 106)
(84, 91, 85, 92)
(92, 85, 93, 86)
(86, 93, 87, 94)
(94, 83, 95, 84)
(101, 102, 102, 103)
(76, 112, 77, 111)
(12, 20, 13, 19)
(16, 14, 17, 13)
(15, 183, 16, 182)
(181, 151, 182, 150)
(149, 147, 150, 146)
(158, 146, 159, 145)
(177, 144, 178, 145)
(176, 138, 177, 137)
(136, 167, 137, 168)
(168, 37, 169, 38)
(36, 169, 37, 170)
(7, 39, 8, 38)
(8, 135, 9, 136)
(166, 176, 167, 175)
(165, 184, 166, 185)
(185, 164, 186, 165)
(190, 164, 191, 163)
(189, 186, 190, 187)
(187, 19, 188, 18)
(17, 189, 18, 188)
(183, 15, 184, 14)
(153, 139, 154, 138)
(139, 153, 140, 152)
(151, 141, 152, 140)
(154, 141, 155, 142)
(155, 181, 156, 180)
(156, 147, 157, 148)
(148, 157, 149, 158)
(179, 142, 180, 143)
(143, 178, 144, 179)
(43, 1, 44, 0)
