(47, 45, 48, 44)
(43, 49, 44, 48)
(42, 46, 43, 45)
(38, 41, 39, 42)
(37, 18, 38, 19)
(19, 23, 20, 22)
(49, 46, 50, 47)
(39, 51, 40, 50)
(51, 41, 52, 40)
(25, 52, 26, 53)
(72, 21, 73, 22)
(20, 71, 21, 72)
(61, 71, 62, 70)
(55, 63, 56, 62)
(23, 54, 24, 55)
(53, 24, 54, 25)
(63, 57, 64, 56)
(57, 65, 58, 64)
(68, 65, 69, 66)
(113, 114, 114, 115)
(16, 115, 17, 116)
(26, 18, 27, 17)
(92, 27, 93, 28)
(36, 93, 37, 94)
(94, 73, 95, 74)
(95, 159, 96, 158)
(8, 160, 9, 159)
(160, 8, 161, 7)
(6, 162, 7, 161)
(5, 119, 6, 118)
(69, 61, 70, 60)
(59, 66, 60, 67)
(67, 58, 68, 59)
(111, 112, 112, 113)
(110, 118, 111, 117)
(116, 15, 117, 16)
(29, 14, 30, 15)
(28, 91, 29, 92)
(90, 35, 91, 36)
(89, 77, 90, 76)
(75, 157, 76, 156)
(155, 75, 156, 74)
(157, 155, 158, 154)
(180, 153, 181, 154)
(194, 180, 195, 179)
(195, 99, 0, 98)
(96, 100, 97, 99)
(100, 2, 101, 1)
(2, 163, 3, 164)
(9, 162, 10, 163)
(10, 4, 11, 3)
(119, 5, 120, 4)
(11, 120, 12, 121)
(109, 12, 110, 13)
(13, 30, 14, 31)
(31, 131, 32, 130)
(34, 131, 35, 132)
(132, 33, 133, 34)
(32, 133, 33, 134)
(134, 77, 135, 78)
(135, 138, 136, 139)
(137, 84, 138, 85)
(85, 80, 86, 81)
(79, 88, 80, 89)
(139, 79, 140, 78)
(167, 140, 168, 141)
(181, 169, 182, 168)
(144, 169, 145, 170)
(145, 153, 146, 152)
(175, 147, 176, 146)
(177, 175, 178, 174)
(178, 194, 179, 193)
(192, 102, 193, 101)
(191, 188, 192, 189)
(122, 190, 123, 189)
(121, 165, 122, 164)
(165, 109, 166, 108)
(166, 130, 167, 129)
(128, 142, 129, 141)
(142, 128, 143, 127)
(143, 182, 144, 183)
(170, 184, 171, 183)
(184, 172, 185, 171)
(172, 105, 173, 106)
(149, 104, 150, 105)
(148, 151, 149, 152)
(147, 177, 148, 176)
(103, 150, 104, 151)
(173, 103, 174, 102)
(106, 186, 107, 185)
(125, 187, 126, 186)
(187, 125, 188, 124)
(190, 124, 191, 123)
(126, 108, 127, 107)
(87, 82, 88, 83)
(83, 136, 84, 137)
(81, 86, 82, 87)
(97, 1, 98, 0)
