(28, 24, 29, 23)
(194, 28, 195, 27)
(8, 197, 9, 0)
(22, 9, 23, 10)
(5, 10, 6, 11)
(6, 16, 7, 15)
(17, 17, 18, 16)
(195, 197, 196, 196)
(31, 25, 32, 24)
(25, 31, 26, 30)
(26, 194, 27, 193)
(192, 30, 193, 29)
(186, 38, 187, 37)
(190, 187, 191, 188)
(191, 32, 192, 33)
(188, 33, 189, 34)
(34, 189, 35, 190)
(184, 36, 185, 35)
(183, 59, 184, 58)
(52, 58, 53, 57)
(56, 54, 57, 53)
(55, 114, 56, 115)
(115, 38, 116, 39)
(39, 116, 40, 117)
(117, 40, 118, 41)
(118, 109, 119, 110)
(108, 119, 109, 120)
(120, 133, 121, 134)
(59, 132, 60, 133)
(124, 131, 125, 132)
(123, 182, 124, 183)
(122, 63, 123, 64)
(179, 65, 180, 64)
(65, 179, 66, 178)
(66, 154, 67, 153)
(154, 141, 155, 142)
(140, 155, 141, 156)
(156, 172, 157, 171)
(172, 92, 173, 91)
(92, 97, 93, 98)
(96, 93, 97, 94)
(112, 52, 113, 51)
(113, 54, 114, 55)
(50, 42, 51, 41)
(49, 111, 50, 110)
(48, 43, 49, 44)
(103, 45, 104, 44)
(107, 103, 108, 102)
(94, 102, 95, 101)
(100, 96, 101, 95)
(164, 100, 165, 99)
(174, 165, 175, 166)
(175, 136, 176, 137)
(135, 176, 136, 177)
(177, 134, 178, 135)
(74, 137, 75, 138)
(75, 68, 76, 69)
(152, 68, 153, 67)
(151, 146, 152, 147)
(147, 142, 148, 143)
(143, 148, 144, 149)
(77, 145, 78, 144)
(76, 83, 77, 84)
(84, 140, 85, 139)
(70, 85, 71, 86)
(86, 71, 87, 72)
(72, 87, 73, 88)
(88, 73, 89, 74)
(89, 171, 90, 170)
(90, 157, 91, 158)
(169, 159, 170, 158)
(159, 169, 160, 168)
(167, 161, 168, 160)
(161, 167, 162, 166)
(162, 173, 163, 174)
(98, 164, 99, 163)
(138, 69, 139, 70)
(82, 145, 83, 146)
(81, 78, 82, 79)
(79, 151, 80, 150)
(149, 81, 150, 80)
(42, 111, 43, 112)
(45, 107, 46, 106)
(105, 47, 106, 46)
(47, 105, 48, 104)
(180, 121, 181, 122)
(181, 62, 182, 63)
(61, 129, 62, 128)
(127, 61, 128, 60)
(126, 129, 127, 130)
(130, 125, 131, 126)
(36, 186, 37, 185)
(7, 18, 8, 19)
(19, 14, 20, 15)
(2, 13, 3, 14)
(12, 3, 13, 4)
(4, 22, 5, 21)
(20, 12, 21, 11)
(1, 1, 2, 0)
