(93, 135, 94, 134)
(133, 95, 134, 94)
(97, 133, 98, 132)
(98, 103, 99, 104)
(135, 102, 136, 103)
(101, 90, 102, 91)
(91, 96, 92, 97)
(95, 92, 96, 93)
(131, 101, 132, 100)
(104, 99, 105, 100)
(105, 138, 106, 139)
(137, 106, 138, 107)
(107, 136, 108, 137)
(115, 109, 116, 108)
(109, 115, 110, 114)
(110, 142, 111, 141)
(142, 186, 143, 185)
(3, 187, 4, 186)
(193, 2, 194, 3)
(180, 43, 181, 44)
(44, 39, 45, 40)
(38, 89, 39, 90)
(88, 37, 89, 38)
(87, 17, 88, 16)
(15, 87, 16, 86)
(85, 155, 86, 154)
(158, 154, 159, 153)
(152, 160, 153, 159)
(151, 130, 152, 131)
(119, 150, 120, 151)
(139, 113, 140, 112)
(116, 114, 117, 113)
(117, 141, 118, 140)
(111, 119, 112, 118)
(184, 146, 185, 145)
(144, 190, 145, 189)
(188, 144, 189, 143)
(187, 5, 188, 4)
(194, 6, 195, 5)
(6, 2, 7, 1)
(192, 7, 193, 8)
(181, 9, 182, 8)
(9, 179, 10, 178)
(42, 179, 43, 180)
(30, 42, 31, 41)
(40, 32, 41, 31)
(32, 29, 33, 30)
(28, 46, 29, 45)
(36, 28, 37, 27)
(26, 36, 27, 35)
(34, 51, 35, 52)
(52, 17, 53, 18)
(53, 57, 54, 56)
(57, 15, 58, 14)
(173, 59, 174, 58)
(59, 173, 60, 172)
(60, 170, 61, 169)
(170, 66, 171, 65)
(83, 66, 84, 67)
(155, 85, 156, 84)
(161, 157, 162, 156)
(157, 161, 158, 160)
(162, 68, 163, 67)
(81, 69, 82, 68)
(80, 126, 81, 125)
(124, 129, 125, 130)
(76, 123, 77, 124)
(70, 76, 71, 75)
(120, 72, 121, 71)
(149, 72, 150, 73)
(73, 148, 74, 149)
(147, 174, 148, 175)
(175, 146, 176, 147)
(176, 184, 177, 183)
(182, 178, 183, 177)
(121, 74, 122, 75)
(69, 123, 70, 122)
(77, 128, 78, 129)
(127, 127, 128, 126)
(79, 79, 80, 78)
(163, 82, 164, 83)
(171, 164, 172, 165)
(64, 166, 65, 165)
(166, 64, 167, 63)
(62, 168, 63, 167)
(168, 62, 169, 61)
(13, 11, 14, 10)
(12, 21, 13, 22)
(33, 23, 34, 22)
(23, 49, 24, 48)
(49, 25, 50, 24)
(46, 26, 47, 25)
(47, 51, 48, 50)
(20, 11, 21, 12)
(19, 54, 20, 55)
(55, 18, 56, 19)
(191, 196, 192, 197)
(197, 190, 0, 191)
(195, 1, 196, 0)
