(66, 59, 67, 60)
(60, 67, 61, 68)
(64, 61, 65, 62)
(58, 65, 59, 66)
(69, 196, 70, 197)
(1, 70, 2, 71)
(2, 74, 3, 73)
(74, 64, 75, 63)
(62, 76, 63, 75)
(55, 76, 56, 77)
(56, 5, 57, 6)
(4, 57, 5, 58)
(3, 194, 4, 195)
(195, 68, 196, 69)
(132, 194, 133, 193)
(133, 153, 134, 152)
(54, 153, 55, 154)
(154, 166, 155, 165)
(85, 167, 86, 166)
(167, 85, 168, 84)
(168, 96, 169, 95)
(77, 97, 78, 96)
(108, 97, 109, 98)
(98, 109, 99, 110)
(110, 99, 111, 100)
(111, 6, 112, 7)
(13, 112, 14, 113)
(14, 132, 15, 131)
(15, 128, 16, 129)
(192, 128, 193, 127)
(126, 124, 127, 123)
(122, 136, 123, 135)
(151, 135, 152, 134)
(43, 150, 44, 151)
(42, 51, 43, 52)
(52, 160, 53, 159)
(160, 54, 161, 53)
(161, 165, 162, 164)
(155, 163, 156, 162)
(169, 78, 170, 79)
(92, 79, 93, 80)
(82, 93, 83, 94)
(86, 84, 87, 83)
(94, 87, 95, 88)
(88, 92, 89, 91)
(89, 80, 90, 81)
(81, 90, 82, 91)
(103, 103, 104, 102)
(107, 104, 108, 105)
(105, 100, 106, 101)
(101, 106, 102, 107)
(7, 40, 8, 41)
(39, 12, 40, 13)
(38, 118, 39, 117)
(35, 116, 36, 117)
(34, 114, 35, 113)
(33, 130, 34, 131)
(129, 32, 130, 33)
(142, 31, 143, 32)
(141, 29, 142, 28)
(27, 184, 28, 185)
(22, 185, 23, 186)
(23, 20, 24, 21)
(19, 190, 20, 191)
(16, 192, 17, 191)
(17, 188, 18, 189)
(24, 188, 25, 187)
(124, 26, 125, 25)
(26, 126, 27, 125)
(186, 21, 187, 22)
(189, 18, 190, 19)
(183, 137, 184, 136)
(121, 183, 122, 182)
(144, 182, 145, 181)
(145, 50, 146, 51)
(44, 49, 45, 50)
(48, 149, 49, 150)
(146, 47, 147, 48)
(46, 147, 47, 148)
(148, 45, 149, 46)
(180, 120, 181, 119)
(118, 180, 119, 179)
(171, 178, 172, 179)
(41, 171, 42, 170)
(163, 157, 164, 156)
(158, 158, 159, 157)
(177, 172, 178, 173)
(173, 8, 174, 9)
(9, 174, 10, 175)
(175, 10, 176, 11)
(11, 176, 12, 177)
(120, 143, 121, 144)
(137, 140, 138, 141)
(138, 140, 139, 139)
(29, 31, 30, 30)
(37, 114, 38, 115)
(115, 36, 116, 37)
(197, 72, 0, 73)
(71, 0, 72, 1)
