(141, 172, 142, 173)
(171, 140, 172, 141)
(170, 166, 171, 165)
(173, 164, 174, 165)
(163, 155, 164, 154)
(178, 154, 179, 153)
(146, 180, 147, 179)
(180, 146, 181, 145)
(139, 62, 140, 63)
(63, 92, 64, 93)
(91, 132, 92, 133)
(133, 59, 134, 58)
(59, 73, 60, 72)
(73, 61, 74, 60)
(182, 62, 183, 61)
(142, 182, 143, 181)
(168, 143, 169, 144)
(166, 170, 167, 169)
(174, 155, 175, 156)
(175, 163, 176, 162)
(176, 150, 177, 149)
(150, 178, 151, 177)
(158, 151, 159, 152)
(152, 159, 153, 160)
(160, 157, 161, 158)
(147, 156, 148, 157)
(144, 167, 145, 168)
(161, 148, 162, 149)
(183, 139, 184, 138)
(184, 48, 185, 47)
(93, 49, 94, 48)
(49, 95, 50, 94)
(95, 55, 96, 54)
(64, 56, 65, 55)
(56, 132, 57, 131)
(90, 57, 91, 58)
(134, 89, 135, 90)
(71, 89, 72, 88)
(87, 71, 88, 70)
(69, 87, 70, 86)
(85, 105, 86, 104)
(76, 104, 77, 103)
(77, 74, 78, 75)
(78, 97, 79, 98)
(137, 97, 138, 96)
(65, 136, 66, 137)
(130, 136, 131, 135)
(108, 130, 109, 129)
(128, 110, 129, 109)
(110, 128, 111, 127)
(111, 69, 112, 68)
(112, 105, 113, 106)
(113, 85, 114, 84)
(101, 114, 102, 115)
(102, 76, 103, 75)
(115, 100, 116, 101)
(99, 119, 100, 118)
(117, 99, 118, 98)
(119, 117, 120, 116)
(79, 82, 80, 83)
(122, 81, 123, 82)
(121, 124, 122, 125)
(106, 125, 107, 126)
(66, 108, 67, 107)
(67, 127, 68, 126)
(83, 121, 84, 120)
(80, 123, 81, 124)
(53, 42, 54, 43)
(22, 43, 23, 44)
(44, 23, 45, 24)
(45, 32, 46, 33)
(31, 46, 32, 47)
(15, 30, 16, 31)
(14, 11, 15, 12)
(12, 185, 13, 186)
(186, 13, 187, 14)
(187, 10, 188, 11)
(9, 51, 10, 50)
(51, 9, 52, 8)
(41, 52, 42, 53)
(40, 21, 41, 22)
(2, 39, 3, 40)
(1, 37, 2, 36)
(35, 197, 36, 196)
(195, 35, 196, 34)
(24, 33, 25, 34)
(25, 194, 26, 195)
(193, 26, 194, 27)
(27, 192, 28, 193)
(191, 17, 192, 16)
(29, 191, 30, 190)
(189, 6, 190, 7)
(7, 188, 8, 189)
(5, 20, 6, 21)
(19, 4, 20, 5)
(3, 18, 4, 19)
(28, 17, 29, 18)
(197, 39, 0, 38)
(37, 1, 38, 0)
